date,open,high,low,close,volume,amount,outstanding_share,turnover
2025-05-23,13.73,14.59,13.73,14.2,15528215.0,223304276.0,161771600.0,0.0959885109623691
2025-05-26,14.23,14.92,14.0,14.76,17172235.0,251261773.0,161771600.0,0.1061511105781237
2025-05-27,14.45,14.66,14.2,14.34,11847232.0,170277192.0,161771600.0,0.0732343130685485
2025-05-28,14.29,14.39,13.97,14.0,8426073.0,119130620.0,161771600.0,0.052086231452245
2025-05-29,13.97,14.28,13.92,14.21,7204461.0,102590579.0,161771600.0,0.0445347700090745
2025-05-30,14.27,14.4,14.05,14.06,6275900.0,89525187.0,161771600.0,0.0387948193626075
2025-06-03,13.91,14.5,13.91,14.47,8705743.0,125524134.0,161771600.0,0.0538150268650368
2025-06-04,14.4,14.49,14.32,14.41,4874120.0,70272724.0,161771600.0,0.0301296395659065
2025-06-05,14.38,14.42,14.1,14.15,5153019.0,73524004.0,161771600.0,0.0318536689999975
2025-06-06,14.15,14.65,14.14,14.55,8470211.0,122654662.0,161771600.0,0.052359072915147
2025-06-09,14.6,15.31,14.51,15.18,15015971.0,226110280.0,161771600.0,0.0928220466385941
2025-06-10,15.29,15.92,15.02,15.14,22507356.0,348072618.0,161771600.0,0.1391304530585096
2025-06-11,15.1,15.26,14.85,14.86,12192300.0,183331515.0,161771600.0,0.0753673697979126
2025-06-12,14.86,14.94,14.7,14.8,7623300.0,113147347.0,161771600.0,0.0471238462128086
2025-06-13,14.71,14.91,14.36,14.41,9480084.0,138456338.0,161771600.0,0.0586016581402421
2025-06-16,14.34,14.55,14.3,14.43,4801266.0,69551613.0,161771600.0,0.0296792885772286
2025-06-17,14.5,14.81,14.3,14.38,6075027.0,88401445.0,161771600.0,0.0375531119182847
2025-06-18,14.28,14.32,14.04,14.15,4784700.0,67933770.0,161771600.0,0.0295768849414854
2025-06-19,14.1,14.22,13.77,13.82,3972131.0,55546321.0,161771600.0,0.024553945191863
2025-06-20,13.88,14.31,13.82,13.9,4142473.0,58408420.0,161771600.0,0.0256069235885656
2025-06-23,13.92,14.73,13.8,14.72,9202026.0,133388728.0,161771600.0,0.0568828273936834
2025-06-24,14.79,15.56,14.65,15.37,13846023.0,210919572.0,161771600.0,0.0855899490392627
2025-06-25,15.43,15.47,14.99,15.11,8830900.0,133899567.0,161771600.0,0.0545886917110296
2025-06-26,15.33,16.12,15.1,15.22,21807233.0,342825481.0,161771600.0,0.134802604412641
2025-06-27,15.61,15.69,15.05,15.06,11028315.0,168852731.0,161771600.0,0.0681721328094671
2025-06-30,15.0,15.12,14.9,15.07,6546402.0,98620570.0,160042750.0,0.0409040834402058
2025-07-01,15.09,15.35,14.93,15.19,6847015.0,103724653.0,160042750.0,0.0427824128240735
2025-07-02,15.2,15.26,14.93,14.99,5029700.0,75749404.0,160042750.0,0.0314272280375087
2025-07-03,14.93,16.47,14.89,16.07,24425201.0,388107266.0,160042750.0,0.1526167289677289
2025-07-04,16.01,16.22,15.58,15.62,14114985.0,223423812.0,160042750.0,0.0881950916239567
2025-07-07,15.65,16.03,15.41,15.5,8900617.0,139396230.0,160042750.0,0.0556139968852072
2025-07-08,15.54,15.91,15.36,15.45,9762400.0,151704779.0,160042750.0,0.0609987019093336
2025-07-09,15.45,15.6,15.31,15.33,7120919.0,110039474.0,160042750.0,0.0444938555479707
2025-07-10,15.27,15.51,15.27,15.37,5793700.0,89249067.0,160042750.0,0.0362009525579884
2025-07-11,15.37,15.44,15.22,15.29,5417406.0,83152011.0,160042750.0,0.0338497432717195
2025-07-14,15.24,15.41,15.24,15.37,3409700.0,52416899.0,160042750.0,0.021304932588324
2025-07-15,15.35,15.4,14.92,15.16,6011500.0,90981043.0,160042750.0,0.0375618389461565
2025-07-16,15.21,15.32,15.09,15.29,3769018.0,57552630.0,160042750.0,0.0235500702156142
2025-07-17,15.32,15.57,15.26,15.48,5607847.0,86658292.0,160042750.0,0.0350396815850764
2025-07-18,15.48,15.49,15.21,15.42,4605600.0,70757357.0,160042750.0,0.0287773110622005
2025-07-21,15.43,15.85,15.34,15.71,8110000.0,127081898.0,160042750.0,0.0506739605511652
2025-07-22,15.72,15.77,15.54,15.62,6269142.0,98236059.0,160042750.0,0.0391716713190694
2025-07-23,15.61,15.62,15.38,15.39,4669201.0,72506182.0,160042750.0,0.0291747111318694
2025-07-24,15.4,15.59,15.33,15.51,4791542.0,74240844.0,160042750.0,0.0299391381365291
2025-07-25,15.51,15.64,15.39,15.42,5332400.0,82838688.0,160042750.0,0.0333185976871804
2025-07-28,15.37,15.63,15.35,15.57,4523572.0,70398106.0,160042750.0,0.0282647730059624
2025-07-29,15.61,15.69,15.42,15.64,6154100.0,96040657.0,160042750.0,0.0384528508789057
2025-07-30,15.57,15.84,15.48,15.66,8560500.0,134669021.0,160042750.0,0.0534888334523119
2025-07-31,15.62,15.94,15.49,15.52,9518106.0,149391744.0,160042750.0,0.0594722722522576
2025-08-01,15.51,15.84,15.49,15.71,8220405.0,129252675.0,160042750.0,0.0513638074826882
2025-08-04,15.59,16.01,15.4,15.97,10747400.0,169736453.0,160042750.0,0.0671533074756588
2025-08-05,15.97,16.1,15.78,15.86,6093400.0,97005964.0,160042750.0,0.0380735772160875
2025-08-06,15.88,16.49,15.85,16.05,12898296.0,208611478.0,160042750.0,0.0805928166068128
2025-08-07,15.98,16.12,15.65,15.68,9396519.0,149191486.0,160042750.0,0.0587125564888131
2025-08-08,15.68,15.8,15.55,15.63,5470900.0,85852417.0,160042750.0,0.0341839914647805
2025-08-11,15.67,16.16,15.64,15.99,6929900.0,110609578.0,160042750.0,0.0433003056995709
2025-08-12,15.97,16.07,15.84,15.94,5213159.0,83246134.0,160042750.0,0.0325735405071457
2025-08-13,15.92,15.98,15.73,15.83,6542500.0,103899720.0,160042750.0,0.0408797024545004
2025-08-14,15.88,15.91,15.35,15.35,7885772.0,123346523.0,160042750.0,0.0492729098943875
2025-08-15,15.35,15.51,15.33,15.49,5306601.0,82118928.0,160042750.0,0.0331573970079869
2025-08-18,15.49,15.81,15.49,15.65,4870875.0,76437719.0,160042750.0,0.0304348369420045
2025-08-19,15.66,15.83,15.63,15.75,4726700.0,74582000.0,160042750.0,0.0295339838886797
2025-08-20,15.66,15.76,15.51,15.76,5497020.0,86000684.0,160042750.0,0.0343471978580723
2025-08-21,15.74,15.89,15.62,15.68,4701884.0,74121864.0,160042750.0,0.0293789253183914
2025-08-22,15.65,15.69,15.42,15.54,5571474.0,86644915.0,160042750.0,0.0348124110589202
2025-08-25,15.54,15.87,15.53,15.65,5575200.0,87463799.0,160042750.0,0.0348356923384533
2025-08-26,15.65,15.9,15.53,15.7,5688581.0,89767829.0,160042750.0,0.0355441343016162
2025-08-27,15.69,15.74,15.17,15.18,7607000.0,117819422.0,160042750.0,0.0475310502974986
2025-08-28,14.98,15.18,14.23,14.6,12199042.0,179366774.0,160042750.0,0.0762236464944522
2025-08-29,14.63,14.75,14.58,14.59,4133277.0,60666622.0,160042750.0,0.0258260808440244
2025-09-01,14.55,14.77,14.54,14.68,3542100.0,52113681.0,160042750.0,0.0221322115497265
2025-09-02,14.67,14.72,14.37,14.5,4435877.0,64547500.0,160042750.0,0.0277168256606437
2025-09-03,14.54,14.62,14.25,14.28,3149949.0,45417947.0,160042750.0,0.0196819224863356
2025-09-04,14.4,14.65,14.25,14.37,4569600.0,66196852.0,160042750.0,0.0285523711633297
2025-09-05,14.39,15.09,14.34,14.93,7461799.0,110484818.0,160042750.0,0.046623786457056
2025-09-08,14.94,15.62,14.92,15.6,12783612.0,196434022.0,160042750.0,0.0798762330689768
2025-09-09,15.56,15.64,15.27,15.4,7218700.0,111791446.0,160042750.0,0.0451048235549564
2025-09-10,15.32,15.51,15.02,15.14,5824440.0,88442293.0,160042750.0,0.0363930262383019
2025-09-11,15.11,15.12,14.79,15.04,4581614.0,68626033.0,160042750.0,0.0286274386062473
2025-09-12,15.02,15.29,14.82,14.99,5859019.0,88183108.0,160042750.0,0.0366090872594978
2025-09-15,14.93,15.22,14.93,14.99,3992329.0,60214136.0,160042750.0,0.0249453911533012
2025-09-16,14.94,15.04,14.75,15.0,4769100.0,71098104.0,160042750.0,0.0297989131029053
2025-09-17,14.96,14.96,14.79,14.84,3407400.0,50739637.0,160042750.0,0.0212905614281184
2025-09-18,14.82,14.85,14.4,14.5,4462202.0,65521140.0,160042750.0,0.027881312961693
2025-09-19,14.53,14.63,14.37,14.42,2906500.0,42125575.0,160042750.0,0.0181607726685526
2025-09-22,14.46,14.63,14.3,14.41,2094705.0,30268554.0,160042750.0,0.0130884091906693
2025-09-23,14.31,14.42,13.95,14.17,3775759.0,53373077.0,160042750.0,0.0235921902116778
2025-09-24,14.14,14.35,14.07,14.34,1876702.0,26859383.0,160042750.0,0.0117262543914047
2025-09-25,14.29,14.44,14.21,14.21,2003302.0,28714612.0,160042750.0,0.012517293035767
2025-09-26,14.17,14.32,14.07,14.18,1900501.0,27053305.0,160042750.0,0.0118749584095499
2025-09-29,14.17,14.78,14.09,14.53,4345030.0,62952065.0,160042750.0,0.0271491835775128
2025-09-30,14.51,14.85,14.45,14.56,4012966.0,58955183.0,157103300.0,0.0255434863557926
2025-10-09,14.71,14.71,14.45,14.68,3582400.0,52353778.0,157103300.0,0.0228028310035498
2025-10-10,14.53,14.79,14.53,14.71,2785369.0,41064689.0,157103300.0,0.0177295384629094
2025-10-13,14.27,17.66,14.18,17.66,43204865.0,722372857.0,157103300.0,0.2750092773353583
2025-10-14,18.62,18.97,16.49,16.54,47421628.0,828550148.0,157103300.0,0.3018499802359339
2025-10-15,16.85,17.83,16.62,17.37,39760536.0,688954068.0,157103300.0,0.2530853011999111
2025-10-16,17.33,18.27,16.98,17.23,31107072.0,547550790.0,157103300.0,0.1980039375366399
2025-10-17,16.99,17.37,16.59,16.59,21031841.0,355316037.0,157103300.0,0.1338726875883574
2025-10-20,16.88,17.04,16.48,16.98,14947330.0,251336979.0,157103300.0,0.0951433228964636
2025-10-21,16.83,17.22,16.58,17.1,17116335.0,290197583.0,157103300.0,0.1089495573931292
2025-10-22,16.93,17.57,16.64,16.76,16331386.0,278291518.0,157103300.0,0.1039531696660732
2025-10-23,16.97,17.35,16.27,17.1,21045448.0,353557900.0,157103300.0,0.1339592993909103
2025-10-24,16.88,16.9,16.42,16.47,14091490.0,234466795.0,157103300.0,0.0896956970350081
2025-10-27,16.47,17.09,16.42,16.88,13684363.0,229668027.0,157103300.0,0.0871042365119001
2025-10-28,16.9,18.9,16.65,17.95,35168876.0,626466110.0,157103300.0,0.2238582894184909
2025-10-29,17.73,17.95,17.28,17.76,22737849.0,400350173.0,157103300.0,0.1447318356775446
2025-10-30,17.58,18.74,17.41,18.28,31745738.0,579228164.0,157103300.0,0.2020691990556531
2025-10-31,18.88,20.86,18.85,19.32,47429819.0,946105669.0,157103300.0,0.3019021179058619
2025-11-03,19.28,19.41,18.38,18.96,27409921.0,515666065.0,157103300.0,0.1744706890307205
2025-11-04,18.7,19.78,18.59,18.73,22851148.0,436735347.0,157103300.0,0.1454530108533684
2025-11-05,18.48,19.85,18.37,19.25,24574145.0,472207399.0,157103300.0,0.156420297982283
2025-11-06,19.96,21.73,19.78,19.97,39073559.0,808242601.0,157103300.0,0.2487125286356174
2025-11-07,20.65,21.55,20.26,20.79,40366712.0,846974940.0,157103300.0,0.2569437561146074
2025-11-10,21.39,22.19,20.41,20.46,38128294.0,808384312.0,157103300.0,0.2426956913062933
2025-11-11,20.46,22.95,20.31,21.94,45955057.0,998966947.0,157103300.0,0.2925149057976503
2025-11-12,21.52,21.73,20.28,21.29,30241661.0,633896992.0,157103300.0,0.1924953899758948
2025-11-13,21.2,23.11,21.2,22.36,39779862.0,888637118.0,157103300.0,0.2532083158024051
2025-11-14,22.21,22.29,20.69,20.78,33606086.0,718287866.0,157103300.0,0.2139107580808296
2025-11-17,21.04,22.16,20.36,21.35,28032196.0,594165566.0,157103300.0,0.1784316179227298
2025-11-18,20.99,21.17,19.8,19.97,26385815.0,533802251.0,157103300.0,0.1679520099195879
2025-11-19,19.81,20.3,19.42,19.82,16433012.0,325630809.0,157103300.0,0.1046000434109277
2025-11-20,19.85,20.32,19.24,19.31,14312159.0,282333595.0,157103300.0,0.0911003078865943
2025-11-21,18.86,19.16,17.78,17.78,18056666.0,331355567.0,157103300.0,0.1149349886348663
2025-11-24,17.98,18.09,17.57,17.77,9861613.0,175955223.0,157103300.0,0.0627715203945429
2025-11-25,18.0,18.51,17.71,18.3,10231709.0,186123979.0,157103300.0,0.0651272697645434
2025-11-26,18.3,19.7,18.3,18.61,17152520.0,327232761.0,157103300.0,0.1091798835543238
2025-11-27,18.53,18.84,18.44,18.67,11046458.0,206172579.0,157103300.0,0.0703133416039001
2025-11-28,18.6,18.99,18.48,18.62,8734800.0,163101857.0,157103300.0,0.0555990867155559
2025-12-01,18.69,19.25,18.27,18.38,10550742.0,197043204.0,157103300.0,0.0671579909524497
2025-12-02,18.29,18.32,17.98,18.09,6505850.0,118133654.0,157103300.0,0.0414112879869487
2025-12-03,18.09,18.18,17.66,17.72,6872139.0,122483318.0,157103300.0,0.0437428048933408
2025-12-04,17.65,17.73,17.27,17.47,5878179.0,103008487.0,157103300.0,0.0374160122670879
2025-12-05,17.41,17.65,17.25,17.58,4360200.0,76444493.0,157103300.0,0.0277537136393697
2025-12-08,17.63,17.76,17.46,17.65,5100471.0,89964493.0,157103300.0,0.0324657152332255
2025-12-09,17.64,17.67,17.37,17.4,4512971.0,78962013.0,157103300.0,0.0287261375158892
2025-12-10,17.38,17.58,17.12,17.34,4377900.0,76044751.0,157103300.0,0.0278663783637899
2025-12-11,17.4,17.49,17.05,17.05,4752977.0,82107213.0,157103300.0,0.0302538329875947
2025-12-12,17.09,17.15,16.87,16.89,4545178.0,77304738.0,157103300.0,0.0289311427576632
2025-12-15,16.78,17.0,16.67,16.85,3396300.0,57419838.0,157103300.0,0.0216182600874711
2025-12-16,16.85,16.85,16.43,16.57,4589241.0,76214129.0,157103300.0,0.0292116142690828
2025-12-17,16.6,16.93,16.41,16.89,7592401.0,127419856.0,157103300.0,0.0483274444266925
2025-12-18,16.67,17.07,16.6,16.74,5063802.0,85471213.0,157103300.0,0.0322323082965157
2025-12-19,16.7,16.95,16.7,16.83,4171210.0,70363980.0,157103300.0,0.026550747183541
2025-12-22,16.82,18.26,16.8,17.76,18060710.0,320383793.0,157103300.0,0.1149607296600389
2025-12-23,17.76,20.76,17.57,20.44,44063785.0,863523915.0,157103300.0,0.2804765081319106
2025-12-24,20.44,21.44,20.05,20.75,32911279.0,685762310.0,157103300.0,0.209488145697767
2025-12-25,20.42,22.5,19.27,22.36,39248628.0,825080851.0,157103300.0,0.2498268846039516
2025-12-26,24.77,26.83,23.97,26.83,47678911.0,1216033424.0,157103300.0,0.3034876479361031
2025-12-29,25.9,26.45,22.86,23.89,59807615.0,1441514665.0,157103300.0,0.3806897436272822
2025-12-30,23.23,25.31,22.01,24.46,51537363.0,1217257304.0,157103300.0,0.3280476158043784
2025-12-31,24.4,26.34,23.83,24.96,42400515.0,1066917596.0,158832150.0,0.2669517160096366
2026-01-05,25.58,26.25,23.58,25.19,46517378.0,1159713665.0,158832150.0,0.2928712984115621
2026-01-06,27.96,28.74,23.86,24.07,56041376.0,1401034451.0,158832150.0,0.3528339571050319
2026-01-07,23.79,23.95,22.76,22.76,37873004.0,879330276.0,158832150.0,0.2384467124571442
2026-01-08,22.87,22.99,22.13,22.24,22985475.0,518489848.0,158832150.0,0.1447155062750205
2026-01-09,22.49,22.49,21.96,22.06,18790159.0,417408605.0,158832150.0,0.1183019873495384
2026-01-12,22.2,23.33,22.13,23.0,28012820.0,641665851.0,158832150.0,0.1763674419819916
2026-01-13,22.92,23.25,22.26,22.38,19505446.0,443043474.0,158832150.0,0.1228054018030984
2026-01-14,22.15,22.6,21.55,21.94,17996663.0,398105858.0,158832150.0,0.1133061725853361
2026-01-15,21.65,22.9,21.63,22.27,18049522.0,404827798.0,158832150.0,0.1136389704477336
2026-01-16,22.09,22.8,21.96,22.53,15326691.0,344276491.0,158832150.0,0.0964961501811818
2026-01-19,23.26,23.64,22.27,22.67,21908904.0,500088055.0,158832150.0,0.1379374641720835
2026-01-20,22.77,22.81,21.45,21.79,18048932.0,395168499.0,158832150.0,0.1136352558345397
2026-01-21,21.58,22.61,21.52,22.34,14053296.0,313720783.0,158832150.0,0.0884789131167713
2026-01-22,22.22,22.59,22.02,22.34,9581403.0,214400934.0,158832150.0,0.0603240779653237
2026-01-23,22.45,23.06,22.33,22.91,14541964.0,331593283.0,158832150.0,0.0915555446425676
2026-01-26,22.76,23.03,22.32,22.38,10858412.0,245814230.0,158832150.0,0.0683640686095352
2026-01-27,22.36,22.6,21.36,21.96,10582815.0,231200144.0,158832150.0,0.0666289224190442
2026-01-28,22.07,22.15,21.55,21.64,7692444.0,167261683.0,158832150.0,0.0484312779245259
2026-01-29,21.56,21.8,21.26,21.36,6690099.0,144423005.0,158832150.0,0.0421205593451955
2026-01-30,21.3,21.4,20.58,21.03,8011088.0,168135557.0,158832150.0,0.0504374460712141
2026-02-02,20.86,21.39,20.75,20.8,7948110.0,168129548.0,158832150.0,0.0500409394445645
2026-02-03,20.95,21.25,20.89,21.19,4782924.0,101150962.0,158832150.0,0.0301130721960258
2026-02-04,21.16,21.31,20.96,21.27,4767300.0,101041533.0,158832150.0,0.0300147042018885
2026-02-05,21.11,21.27,20.87,20.91,3739048.0,78653406.0,158832150.0,0.02354087632762
2026-02-06,20.84,22.54,20.76,21.91,15820134.0,346338959.0,158832150.0,0.0996028448900301
2026-02-09,22.15,22.46,21.8,21.9,9922315.0,218914296.0,158832150.0,0.0624704444282848
2026-02-10,21.9,22.13,21.39,21.39,7130421.0,154438462.0,158832150.0,0.04489280665155
2026-02-11,21.4,22.01,21.33,21.74,7762094.0,169244247.0,158832150.0,0.048869791160039
2026-02-12,21.67,21.69,21.15,21.16,6987984.0,148884577.0,158832150.0,0.0439960297710507
2026-02-13,21.18,21.74,21.12,21.26,7859545.0,169451838.0,158832150.0,0.049483338228438
2026-02-24,21.38,21.56,20.93,21.06,6758800.0,143274262.0,158832150.0,0.0425530977198256
2026-02-25,21.06,22.64,21.06,22.42,15945136.0,353890750.0,158832150.0,0.1003898518026734
2026-02-26,22.42,22.84,21.86,21.93,12667356.0,280774435.0,158832150.0,0.0797530978457447
2026-02-27,21.89,22.12,21.66,21.94,7705484.0,168703890.0,158832150.0,0.0485133771720649
2026-03-02,21.47,21.84,21.01,21.19,8819234.0,188314155.0,158832150.0,0.0555254965698065
2026-03-03,21.11,21.44,19.9,19.93,11380457.0,232769810.0,158832150.0,0.0716508402108767
2026-03-04,19.92,20.21,19.66,19.8,6111621.0,121698828.0,158832150.0,0.0384784881398381
2026-03-05,20.19,20.51,19.78,19.87,5004000.0,100805235.0,158832150.0,0.0315049566476308
2026-03-06,19.83,20.29,19.79,20.12,4611751.0,92871620.0,158832150.0,0.0290353747651215
2026-03-09,19.77,20.2,19.59,20.15,6624697.0,131940567.0,158832150.0,0.0417087913246782
2026-03-10,20.26,20.92,20.26,20.5,5910731.0,122190089.0,158832150.0,0.0372136938270998
2026-03-11,20.63,21.38,20.5,21.1,10533146.0,221945958.0,158832150.0,0.0663162086517118
2026-03-12,21.21,22.62,21.09,21.98,21260598.0,469451498.0,158832150.0,0.1338557590513003
2026-03-13,21.98,22.64,21.76,21.76,15023290.0,334672915.0,158832150.0,0.0945859512699412
2026-03-16,21.76,22.13,21.57,21.79,9860911.0,215290111.0,158832150.0,0.0620838476341219
2026-03-17,21.63,22.05,20.97,20.97,8076000.0,172919703.0,159448650.0,0.0506495351324705
2026-03-18,20.99,21.16,20.63,20.78,5915310.0,123159129.0,159448650.0,0.0370985267043653
2026-03-19,20.67,20.72,19.99,20.08,5749398.0,117044480.0,159448650.0,0.0360579910836498
2026-03-20,20.25,21.07,20.06,20.06,9161000.0,188711429.0,170077450.0,0.05386369562808
2026-03-23,19.74,20.6,19.37,19.53,10544561.0,210787785.0,170077450.0,0.0619985835864778
2026-03-24,19.96,20.96,19.69,20.61,13016770.0,265194244.0,170077450.0,0.0765343671368544
2026-03-25,20.59,20.75,20.03,20.25,10571514.0,215404544.0,170077450.0,0.0621570584460197
2026-03-26,20.27,23.76,20.26,21.87,38463744.0,858184666.0,170077450.0,0.2261542844157176
2026-03-27,21.17,23.25,21.17,22.97,37285090.0,849171392.0,170077450.0,0.2192241828649241
2026-03-30,22.99,24.77,22.99,24.3,36430706.0,874877142.0,170077450.0,0.2142006832769423
2026-03-31,23.76,23.95,23.04,23.07,21144483.0,494898485.0,173016900.0,0.1222105066036901
2026-04-01,23.28,24.14,22.66,23.34,23622801.0,550825983.0,173016900.0,0.1365346448815115
2026-04-02,22.96,23.51,22.72,22.96,16636283.0,383314575.0,173016900.0,0.0961540924614878
2026-04-03,22.81,23.09,21.77,21.87,13623136.0,301546068.0,173016900.0,0.0787387590460816
2026-04-07,23.08,23.9,22.48,22.49,24914138.0,577708391.0,173016900.0,0.1439982914963798
2026-04-08,22.48,22.86,21.87,22.23,20872182.0,464076766.0,173016900.0,0.1206366661291469
2026-04-09,21.97,23.5,21.88,22.31,29270968.0,662327401.0,173016900.0,0.1691798200060225
2026-04-10,22.27,25.13,21.87,24.96,41094599.0,963653888.0,173016900.0,0.2375178320730518
2026-04-13,23.94,24.42,23.56,24.31,28306573.0,679679318.0,173016900.0,0.163605826945229
2026-04-14,24.43,24.86,23.99,24.75,26396099.0,644936614.0,173016900.0,0.1525637033145317
2026-04-15,24.47,24.92,23.86,24.49,27171794.0,662617528.0,173016900.0,0.1570470514730064
2026-04-16,24.31,24.83,23.98,24.36,22852689.0,558213469.0,173016900.0,0.1320835652470943
2026-04-17,24.21,24.72,23.84,24.26,20358055.0,494620249.0,173016900.0,0.1176651240427958
2026-04-20,24.16,24.59,24.01,24.33,14497374.0,352124501.0,173016900.0,0.0837916642825065
2026-04-21,24.26,24.46,23.72,24.02,14724006.0,353796304.0,173016900.0,0.0851015478834726
2026-04-22,23.83,24.58,23.7,23.87,17823715.0,428897444.0,173016900.0,0.103017190806216
2026-04-23,23.64,24.14,23.21,23.61,15175673.0,358791099.0,173016900.0,0.0877120847732215
2026-04-24,23.38,24.65,23.26,24.42,19479339.0,470641926.0,173016900.0,0.1125863369416513
2026-04-27,24.27,26.0,24.27,25.49,25997101.0,658182463.0,173016900.0,0.1502575817738036
2026-04-28,25.49,25.75,25.01,25.16,17202205.0,437631805.0,173016900.0,0.0994249983672115
2026-04-29,25.23,25.99,23.55,25.84,37224812.0,933944664.0,173016900.0,0.2151513060284862
2026-04-30,25.84,30.44,25.46,29.92,56313715.0,1593696590.0,173016900.0,0.3254810079246594
2026-05-06,30.87,32.74,30.87,32.31,45516458.0,1450746965.0,173016900.0,0.2630752140397845
2026-05-07,31.96,32.44,30.45,31.19,30552150.0,951357349.0,173016900.0,0.1765847729325863
2026-05-08,30.93,32.07,30.21,30.31,23440707.0,723110880.0,173016900.0,0.1354821812204472
2026-05-11,29.95,32.63,29.4,31.74,37961569.0,1183428236.0,173016900.0,0.219409601027414
2026-05-12,31.45,34.29,31.16,32.24,28096509.0,918052285.0,173016900.0,0.162391702775856
2026-05-13,32.25,33.16,31.62,32.2,19369009.0,624615779.0,173016900.0,0.1119486535708361
2026-05-14,32.33,34.09,31.96,31.96,24199558.0,800180786.0,173016900.0,0.1398681747274399
2026-05-15,32.19,35.52,32.19,33.48,31231527.0,1058095194.0,173016900.0,0.1805114240285197
2026-05-18,33.27,33.47,31.84,32.07,18900513.0,614218336.0,173016900.0,0.1092408487263383
2026-05-19,31.71,33.06,31.23,31.64,17724944.0,567546769.0,173016900.0,0.1024463159379228
2026-05-20,31.46,35.02,31.12,34.34,22947174.0,764668283.0,173016900.0,0.1326296679688516
2026-05-21,35.02,35.4,32.47,32.55,23097497.0,789373993.0,173016900.0,0.1334985021694412
2026-05-22,32.94,33.08,31.64,32.05,16741333.0,540390777.0,173016900.0,0.0967612585822541
2026-05-25,32.21,32.37,30.06,30.56,19392827.0,601224471.0,173016900.0,0.1120863164234245
2026-05-26,30.63,31.65,29.87,30.92,17847186.0,550431361.0,173016900.0,0.1031528480743788
2026-05-27,30.71,32.94,30.48,31.34,19505290.0,626263759.0,173016900.0,0.1127363280696856
2026-05-28,31.94,33.44,31.74,32.43,18687472.0,607435774.0,173016900.0,0.1080095181453372
2026-05-29,32.09,33.72,30.95,32.42,20570841.0,664408119.0,173016900.0,0.1188949807793342
2026-06-01,32.43,33.02,31.59,31.65,13829117.0,445431663.0,173016900.0,0.0799292843647065
2026-06-02,31.66,31.92,30.23,30.35,14057791.0,432120540.0,173016900.0,0.0812509702809378
2026-06-03,30.02,31.06,30.01,30.32,10405820.0,319159648.0,173016900.0,0.0601433732774081
2026-06-04,30.12,30.32,28.82,29.54,12896032.0,381498454.0,173016900.0,0.0745362562847906
2026-06-05,29.56,30.0,28.55,28.75,13282982.0,386958533.0,173016900.0,0.0767727430094979
2026-06-08,28.09,28.34,26.45,26.79,18141710.0,495148873.0,173016900.0,0.1048551326488915
2026-06-09,26.95,27.72,26.41,27.35,15102891.0,408370873.0,173016900.0,0.0872914206646865
2026-06-10,26.97,27.48,26.65,26.85,8582600.0,232205874.0,173016900.0,0.0496055587633346
2026-06-11,26.73,27.49,26.26,26.79,11438900.0,306594967.0,173016900.0,0.0661143506790377
2026-06-12,26.95,27.73,26.65,27.25,11857440.0,322732756.0,173016900.0,0.0685334207236403
2026-06-15,27.28,27.75,26.76,26.96,13027740.0,353144797.0,173016900.0,0.075297499839611
2026-06-16,26.97,28.55,26.88,27.93,15011400.0,416931965.0,173016900.0,0.0867626226108547
2026-06-17,27.66,28.27,27.45,27.81,10740925.0,299217635.0,173016900.0,0.0620802071936325
2026-06-18,27.68,28.23,27.26,27.6,10200095.0,282772171.0,173016900.0,0.058954327583028
2026-06-22,27.6,30.0,27.02,29.98,22073497.0,630842358.0,173016900.0,0.1275800051902444
2026-06-23,29.51,30.68,29.23,29.75,17783447.0,534767525.0,173016900.0,0.1027844505363348
2026-06-24,29.93,30.15,28.44,29.25,14497781.0,423295679.0,173016900.0,0.0837940166538644
2026-06-25,28.73,29.25,28.12,28.28,11905878.0,339462687.0,173016900.0,0.0688133818141464
2026-06-26,28.05,28.75,26.33,26.46,14757059.0,402271271.0,173016900.0,0.0852925870247357
2026-06-29,26.45,27.23,25.55,26.84,15443561.0,409631896.0,173016900.0,0.0892604190688886
2026-06-30,26.5,27.1,26.1,26.9,11592700.0,309346875.0,173016900.0,0.0670032811823584
2026-07-01,26.86,29.14,26.52,28.94,16520845.0,465264416.0,173016900.0,0.0954868859631631
2026-07-02,28.79,29.07,27.97,28.06,13867800.0,395780375.0,173016900.0,0.0801528636797908
2026-07-03,27.93,28.47,26.77,26.9,13171850.0,358375952.0,173016900.0,0.0761304242533532
2026-07-06,26.9,27.54,25.75,25.78,13456487.0,357168591.0,173016900.0,0.0777755641211927
2026-07-07,25.57,26.08,24.32,24.4,13776964.0,344892360.0,173016900.0,0.0796278513833041
2026-07-08,24.33,24.51,23.01,23.25,12766930.0,302119405.0,173016900.0,0.0737900748423997
2026-07-09,23.3,23.76,21.79,22.63,13230929.0,298419127.0,173016900.0,0.0764718880063161
2026-07-10,22.59,23.03,22.28,22.28,11665400.0,264451542.0,173016900.0,0.0674234713487526
2026-07-13,21.98,22.22,21.18,21.29,12240937.0,264358498.0,173016900.0,0.0707499498603893
2026-07-14,21.35,21.63,20.92,21.53,9041600.0,192470113.0,173016900.0,0.052258478796002
2026-07-15,21.51,21.94,21.21,21.69,12556222.0,271291478.0,173016900.0,0.0725722284932859
2026-07-16,21.36,21.55,20.86,21.1,12337000.0,260611309.0,173016900.0,0.071305173078468
2026-07-17,20.89,21.09,19.25,19.29,14436745.0,287838610.0,173016900.0,0.0834412418671239
2026-07-20,,,,18.05,,,,
2026-07-21,,,,18.51,,,,
2026-07-22,,,,18.14,,,,
2026-07-23,,,,18.76,,,,
2026-07-24,,,,18.5,,,,
2026-07-27,,,,19.43,,,,
2026-07-28,,,,19.09,,,,
2026-07-29,,,,19.2,,,,
2026-07-30,,,,18.72,,,,
2026-07-31,,,,18.76,,,,
2026-08-03,,,,19.15,,,,
2026-08-04,,,,19.5,,,,
2026-08-05,,,,19.94,,,,
2026-08-07,,,,20.88,,,,
2026-08-10,,,,21.07,,,,
2026-08-11,,,,21.07,,,,
2026-08-12,,,,21.18,,,,
2026-08-13,,,,21.24,,,,
2026-08-14,,,,21.27,,,,
2026-08-17,,,,21.79,,,,
2026-08-18,,,,21.45,,,,
2026-08-19,,,,20.93,,,,
2026-08-20,,,,21.22,,,,
2026-08-21,,,,21.11,,,,
2026-08-24,,,,20.84,,,,
2026-08-25,,,,20.84,,,,
2026-08-26,,,,21.18,,,,
2026-08-27,,,,21.39,,,,
2026-08-28,,,,19.75,,,,
2026-08-31,,,,19.32,,,,
2026-09-01,,,,18.91,,,,
2026-09-02,,,,18.48,,,,
2026-09-03,,,,18.49,,,,
2026-09-04,,,,18.23,,,,
2026-09-07,,,,18.23,,,,
2026-09-08,,,,18.17,,,,
2026-09-09,,,,17.97,,,,
2026-09-10,,,,17.64,,,,
2026-09-11,,,,17.14,,,,
2026-09-14,,,,17.35,,,,
2026-09-15,,,,17.15,,,,
2026-09-16,,,,17.4,,,,
2026-09-17,,,,17.3,,,,
2026-09-18,,,,17.5,,,,
2026-09-21,,,,18.07,,,,
2026-09-22,,,,18.03,,,,
2026-09-23,,,,18.06,,,,
2026-09-24,,,,17.67,,,,
2026-09-25,,,,17.67,,,,
2026-09-28,,,,17.1,,,,
2026-09-29,,,,17.33,,,,
2026-09-30,,,,17.54,,,,
2026-10-01,,,,17.54,,,,
2026-10-02,,,,17.54,,,,
2026-10-05,,,,17.54,,,,
2026-10-06,,,,17.54,,,,
2026-10-07,,,,17.54,,,,
2026-10-08,,,,17.71,,,,
2026-10-09,,,,18.03,,,,
