date,open,high,low,close,volume,amount,outstanding_share,turnover
2025-03-18,14.61,14.63,14.43,14.55,3779080.0,54830467.0,171188957.99999997,0.0220754892380383
2025-03-19,14.54,14.6,14.4,14.45,2684479.0,38863240.0,171188957.99999997,0.0156813794029869
2025-03-20,14.57,14.58,14.32,14.5,2937704.0,42609857.0,171188957.99999997,0.0171605927994491
2025-03-21,14.52,14.57,14.13,14.22,3179380.0,45464459.0,171188957.99999997,0.018572342732526
2025-03-24,14.22,14.27,13.66,13.9,4204836.0,58513090.0,171188957.99999997,0.0245625421705061
2025-03-25,13.87,13.94,13.6,13.85,2628600.0,36199748.0,171188957.99999997,0.0153549623218105
2025-03-26,13.85,14.44,13.85,14.34,4107000.0,58522008.0,171188957.99999997,0.0239910333469054
2025-03-27,14.34,14.54,14.01,14.45,4616000.0,66378082.0,171188957.99999997,0.0269643559603885
2025-03-28,14.39,14.63,14.2,14.2,3535428.0,51005028.0,171188957.99999997,0.020652196504403
2025-03-31,14.04,14.28,13.73,14.02,3434700.0,47788052.0,171188957.99999997,0.0200637940678393
2025-04-01,14.17,14.63,14.06,14.38,5227180.0,75580013.0,171188957.99999997,0.0305345628659063
2025-04-02,14.49,14.58,14.2,14.31,3741300.0,53965850.0,171188957.99999997,0.0218547974338391
2025-04-03,14.4,15.74,14.19,15.15,21909143.0,332412771.0,171188957.99999997,0.127982220675705
2025-04-07,14.96,16.36,14.03,14.86,29855368.0,458346857.0,171188957.99999997,0.1744000801733953
2025-04-08,13.46,15.75,13.46,15.67,26918053.0,396395085.0,171188957.99999997,0.1572417597167686
2025-04-09,15.02,15.27,14.1,15.15,23226328.0,337209315.0,171188957.99999997,0.1356765545590855
2025-04-10,14.56,16.67,14.56,16.67,24030416.0,376559342.0,171188957.99999997,0.1403736332106186
2025-04-11,16.67,18.22,16.45,16.46,34366958.0,590480322.0,171188957.99999997,0.200754525300633
2025-04-14,16.33,17.35,15.68,17.13,18877480.0,311952041.0,171188957.99999997,0.1102727665414027
2025-04-15,16.96,17.58,16.62,17.23,17625987.0,302188528.0,171188957.99999997,0.1029621723616076
2025-04-16,16.92,17.45,16.18,16.2,11985547.0,200298837.0,171188957.99999997,0.0700135519254694
2025-04-17,16.27,16.5,16.01,16.17,7117001.0,115403706.0,171188957.99999997,0.0415739489459361
2025-04-18,16.0,16.03,15.3,15.39,7811402.0,121339682.0,171188957.99999997,0.0456302911780092
2025-04-21,15.5,16.84,15.4,16.48,12143336.0,196205149.0,171188957.99999997,0.0709352760941509
2025-04-22,16.4,16.48,16.16,16.16,7143216.0,116117636.0,171188957.99999997,0.0417270838227778
2025-04-23,16.16,16.51,15.94,16.39,8242884.0,134462380.0,171188957.99999997,0.0481507925295041
2025-04-24,16.32,17.19,16.22,16.85,13117060.0,219914780.0,171188957.99999997,0.0766232831442317
2025-04-25,16.65,16.82,15.9,15.9,10311846.0,166916200.0,171188957.99999997,0.0602366304490269
2025-04-28,16.26,16.77,15.9,16.69,12037137.0,197770361.0,171188957.99999997,0.0703149148206159
2025-04-29,16.41,17.4,16.26,17.0,13934778.0,235803515.0,171188957.99999997,0.0813999814170257
2025-04-30,16.9,17.0,16.35,16.65,9759347.0,162646420.0,171188957.99999997,0.0570092085028054
2025-05-06,16.35,16.84,16.25,16.78,9295456.0,154317782.0,171188957.99999997,0.0542993900342567
2025-05-07,16.9,17.95,16.62,17.56,18668005.0,323177878.0,171188957.99999997,0.1090491186937419
2025-05-08,17.3,17.43,16.88,17.04,13755668.0,235488960.0,171188957.99999997,0.0803537106639787
2025-05-09,16.78,17.23,16.61,17.11,9370105.0,158582414.0,171188957.99999997,0.0547354520377418
2025-05-12,17.24,17.27,16.79,16.91,7236604.0,122380282.0,171188957.99999997,0.0422726096621255
2025-05-13,16.91,16.99,16.12,16.18,9991881.0,165537382.0,171188957.99999997,0.0583675554588047
2025-05-14,16.0,16.07,15.51,15.72,9861072.0,155125225.0,171188957.99999997,0.0576034349131326
2025-05-15,15.72,16.15,15.62,15.92,7778760.0,124072511.0,171188957.99999997,0.0454396129918613
2025-05-16,15.9,16.04,15.5,15.99,6715988.0,106088893.0,171188957.99999997,0.0392314322048738
2025-05-19,15.9,16.47,15.71,16.29,9431500.0,152934111.0,171188957.99999997,0.0550940908233111
2025-05-20,16.24,16.84,16.24,16.73,9915880.0,164563100.0,171188957.99999997,0.0579235957496744
2025-05-21,16.74,16.8,16.43,16.51,5860128.0,96986334.0,171188957.99999997,0.0342319275055112
2025-05-22,16.39,16.59,16.03,16.05,5855848.0,95227379.0,171188957.99999997,0.0342069258929656
2025-05-23,15.97,16.6,15.94,16.0,5509000.0,89603573.0,171188957.99999997,0.032180813905065
2025-05-26,15.89,16.08,15.72,16.05,4342300.0,69219841.0,171188957.99999997,0.0253655378870873
2025-05-27,16.05,16.43,15.91,16.39,4899080.0,79652995.0,171188957.99999997,0.0286179672873527
2025-05-28,16.33,16.43,15.82,15.9,4946700.0,79492805.0,171188957.99999997,0.0288961394344137
2025-05-29,15.9,16.56,15.8,16.39,5770620.0,93882370.0,171188957.99999997,0.0337090666794058
2025-05-30,16.36,16.52,16.06,16.35,3616088.0,58792598.0,171188957.99999997,0.0211233717539188
2025-06-03,16.14,16.95,16.12,16.88,8085800.0,135174215.0,171188957.99999997,0.0472331866170947
2025-06-04,16.88,17.02,16.7,16.98,5433221.0,91713207.0,171188957.99999997,0.0317381510085481
2025-06-05,16.97,16.97,16.58,16.77,5205472.0,86995860.0,171188957.99999997,0.0304077556217148
2025-06-06,16.77,16.88,16.51,16.6,3197100.0,53128527.0,171188957.99999997,0.0186758540816633
2025-06-09,16.6,17.06,16.57,16.82,4630848.0,78020267.0,171188957.99999997,0.027051090526528
2025-06-10,16.84,16.99,16.41,16.61,4511328.0,75138871.0,171188957.99999997,0.026352914654694
2025-06-11,16.55,16.79,16.48,16.51,3418000.0,56718642.0,171188957.99999997,0.0199662410469254
2025-06-12,16.4,16.65,16.32,16.54,2796000.0,46068264.0,171188957.99999997,0.0163328291302526
2025-06-13,16.53,16.64,16.14,16.2,3497320.0,56966899.0,171188957.99999997,0.0204295886887751
2025-06-16,16.2,16.38,16.01,16.18,2972281.0,48196062.0,171188957.99999997,0.0173625742847269
2025-06-17,16.39,17.4,16.31,16.85,11655641.0,197403430.0,171188957.99999997,0.0680864066010612
2025-06-18,16.8,17.88,16.69,17.39,14715476.0,256718870.0,171188957.99999997,0.0859604274242968
2025-06-19,17.39,17.78,16.88,17.4,11481270.0,199941649.0,171188957.99999997,0.0670678187082603
2025-06-20,17.4,18.18,17.17,17.7,13042600.0,230564368.0,171188957.99999997,0.0761883251839175
2025-06-23,17.18,17.65,17.18,17.4,8819690.0,153713843.0,171188957.99999997,0.0515202037738906
2025-06-24,17.41,17.75,17.15,17.69,8532196.0,149404676.0,171188957.99999997,0.0498408080736142
2025-06-25,17.57,17.64,16.85,17.1,10978500.0,187869593.0,171188957.99999997,0.0641308886289266
2025-06-26,17.09,17.36,16.72,16.74,7154780.0,121408685.0,171188957.99999997,0.041794634908637
2025-06-27,16.85,17.21,16.7,16.94,5437700.0,92312886.0,171188957.99999997,0.0317643150792471
2025-06-30,17.07,17.19,16.92,17.15,4280900.0,73170799.0,171188957.99999997,0.0250068698940266
2025-07-01,17.12,17.45,16.94,17.31,5381034.0,92527059.0,171188957.99999997,0.0314333007389413
2025-07-02,17.26,17.37,16.8,16.93,5562152.0,94658314.0,171188957.99999997,0.0324913012204911
2025-07-03,16.88,17.49,16.86,17.27,5203233.0,89461273.0,171188957.99999997,0.0303946765071144
2025-07-04,17.4,17.85,17.28,17.47,8497045.0,149060822.0,171188957.99999997,0.0496354735683361
2025-07-07,17.53,17.99,17.53,17.86,11612537.0,207215933.0,171188957.99999997,0.0678346146601348
2025-07-08,17.72,17.92,17.61,17.68,6847097.0,121463880.0,171188957.99999997,0.0399973052000234
2025-07-09,17.61,17.71,17.39,17.54,5185140.0,90817318.0,171188957.99999997,0.0302889862791267
2025-07-10,17.48,18.0,17.43,18.0,9829469.0,174816404.0,171188957.99999997,0.057418826043675
2025-07-11,17.97,17.98,17.48,17.65,6924447.0,122208471.0,171188957.99999997,0.0404491450903042
2025-07-14,17.56,17.9,17.4,17.84,5158646.0,91224643.0,171188957.99999997,0.0301342216242708
2025-07-15,17.93,18.15,17.21,17.44,6893600.0,121125300.0,171188957.99999997,0.0402689523935299
2025-07-16,17.45,17.98,17.23,17.54,4714800.0,83036638.0,171188957.99999997,0.0275414959883101
2025-07-17,17.5,18.52,17.5,18.3,11107891.0,202184338.0,171188957.99999997,0.0648867259300684
2025-07-18,18.28,18.31,17.9,18.3,5487750.0,99388104.0,171188957.99999997,0.0320566820670758
2025-07-21,18.2,18.36,17.92,18.23,4455600.0,80803180.0,171188957.99999997,0.0260273796397545
2025-07-22,18.24,18.68,17.98,18.0,7274720.0,133185886.0,171188957.99999997,0.0424952642097395
2025-07-23,17.94,17.99,17.61,17.74,4570800.0,81438303.0,171188957.99999997,0.0267003202391126
2025-07-24,17.75,18.0,17.75,17.92,3855200.0,68903810.0,171188957.99999997,0.0225201440854614
2025-07-25,17.9,18.08,17.74,17.83,2936400.0,52546778.0,171188957.99999997,0.0171529754857202
2025-07-28,17.83,18.36,17.81,18.22,5405896.0,98360849.0,171188957.99999997,0.0315785320686396
2025-07-29,18.23,18.36,18.0,18.36,4029461.0,73289672.0,171188957.99999997,0.0235380894134538
2025-07-30,18.34,18.43,18.04,18.16,4408759.0,80377395.0,171188957.99999997,0.0257537580198367
2025-07-31,18.27,18.42,17.88,18.0,4725380.0,85681660.0,171188957.99999997,0.0276032990398831
2025-08-01,18.0,18.47,17.95,18.18,5191959.0,94849526.0,171188957.99999997,0.0303288194557501
2025-08-04,18.04,18.58,17.71,18.44,6042829.0,110098594.0,171188957.99999997,0.0352991750788038
2025-08-05,18.4,18.55,18.28,18.35,4170300.0,76592041.0,171188957.99999997,0.0243608001866569
2025-08-06,18.39,18.47,18.16,18.38,3080540.0,56348713.0,171188957.99999997,0.017994969044674
2025-08-07,18.38,18.53,18.26,18.51,3745400.0,68875192.0,171188957.99999997,0.0218787475766982
2025-08-08,18.47,18.47,18.17,18.3,4316020.0,79021645.0,171188957.99999997,0.0252120233128587
2025-08-11,18.43,19.02,18.3,18.88,7122701.0,133433588.0,171188957.99999997,0.0416072454860085
2025-08-12,18.88,19.5,18.75,19.14,5190600.0,99331508.0,171188957.99999997,0.0303208808596171
2025-08-13,19.1,19.2,18.86,19.16,4366956.0,83021649.0,171188957.99999997,0.0255095658681443
2025-08-14,19.22,19.46,18.44,18.48,6181700.0,117058928.0,171188957.99999997,0.0361103897834345
2025-08-15,18.59,18.78,18.45,18.78,3628300.0,67699079.0,171188957.99999997,0.0211947081306494
2025-08-18,18.76,18.92,18.54,18.64,5520169.0,103083106.0,171188957.99999997,0.0322460575991122
2025-08-19,18.65,18.8,18.48,18.58,3689480.0,68647099.0,171188957.99999997,0.0215520909940932
2025-08-20,18.6,18.83,18.42,18.65,4029072.0,74949478.0,171188957.99999997,0.0235358170706313
2025-08-21,18.64,18.84,18.55,18.64,3918148.0,73210121.0,171188957.99999997,0.0228878547178259
2025-08-22,18.64,18.69,17.88,18.08,8097363.0,146793366.0,171188957.99999997,0.0473007318614557
2025-08-25,18.05,18.19,17.7,17.95,6610267.0,118436953.0,171188957.99999997,0.0386138631675064
2025-08-26,17.84,18.14,17.6,17.98,4671987.0,83873310.0,171188957.99999997,0.0272914039233768
2025-08-27,17.98,17.98,17.12,17.15,7173791.0,125997152.0,171188957.99999997,0.0419056876320259
2025-08-28,17.24,17.46,16.82,17.32,4076680.0,70028882.0,171188957.99999997,0.0238139191197133
2025-08-29,17.27,17.84,17.23,17.77,4946371.0,87281909.0,171188957.99999997,0.0288942175814867
2025-09-01,17.76,17.85,17.57,17.78,2648780.0,46991472.0,171188957.99999997,0.0154728437566633
2025-09-02,17.87,17.87,17.4,17.42,2775527.0,48707340.0,171188957.99999997,0.0162132361364101
2025-09-03,17.46,17.54,17.1,17.11,1981400.0,34328141.0,171188957.99999997,0.0115743446490281
2025-09-04,17.11,17.55,17.01,17.25,2688418.0,46517644.0,171188957.99999997,0.0157043890646264
2025-09-05,17.3,17.41,17.11,17.4,2060359.0,35595174.0,171188957.99999997,0.0120355835100065
2025-09-08,17.38,19.0,17.33,18.4,9163342.0,168291110.0,171188957.99999997,0.0535276463333575
2025-09-09,18.36,18.88,18.31,18.47,7710991.0,143891998.0,171188957.99999997,0.0450437404963934
2025-09-10,18.46,18.64,18.01,18.1,3564769.0,64749010.0,171188957.99999997,0.0208235919048003
2025-09-11,18.15,18.18,17.78,18.14,3258458.0,58606973.0,171188957.99999997,0.0190342767317971
2025-09-12,18.22,18.75,17.95,18.46,5679092.0,104122148.0,171188957.99999997,0.0331744060268186
2025-09-15,19.1,19.5,17.97,18.09,8704200.0,162435802.0,171188957.99999997,0.0508455691400376
2025-09-16,18.38,18.38,17.53,17.89,5306581.0,94826567.0,171188957.99999997,0.0309983836691149
2025-09-17,17.86,18.2,17.7,18.1,4503900.0,80830078.0,171188957.99999997,0.0263095240056312
2025-09-18,18.08,18.38,17.6,17.87,5563300.0,100056503.0,171188957.99999997,0.0324980072604916
2025-09-19,17.72,18.05,17.65,17.88,3457120.0,61709488.0,171188957.99999997,0.0201947604587908
2025-09-22,17.74,17.9,17.24,17.55,4184740.0,73236088.0,171188957.99999997,0.0244451514215069
2025-09-23,17.5,17.68,16.58,16.85,5457880.0,92817930.0,171188957.99999997,0.0318821965140999
2025-09-24,16.7,17.06,16.66,16.96,2726560.0,46152533.0,171188957.99999997,0.0159271954911951
2025-09-25,16.87,17.12,16.85,16.99,2613600.0,44369239.0,171188957.99999997,0.0152673398479357
2025-09-26,16.99,17.45,16.83,17.24,3261600.0,56145860.0,171188957.99999997,0.0190526307193247
2025-09-29,17.24,17.25,16.74,16.92,1932876.0,32697454.0,171188957.99999997,0.0112908917875415
2025-09-30,16.92,17.0,16.77,16.89,1949100.0,32896277.0,171188957.99999997,0.0113856642552845
2025-10-09,16.91,17.02,16.69,16.89,2898678.0,48674750.0,171188957.99999997,0.01693262248842
2025-10-10,16.85,17.04,16.77,16.95,1758100.0,29787626.0,171188957.99999997,0.010269938087946
2025-10-13,16.5,16.95,16.26,16.79,2087700.0,34919917.0,171188957.99999997,0.0121952959138871
2025-10-14,16.93,17.5,16.79,17.02,4963452.0,85001749.0,171188957.99999997,0.028993996213237
2025-10-15,17.19,17.84,16.91,17.57,5765008.0,101106263.0,171188957.99999997,0.0336762841911801
2025-10-16,17.48,18.11,17.3,17.49,5170582.0,91861483.0,171188957.99999997,0.0302039457474821
2025-10-17,17.3,18.07,17.3,17.73,5165651.0,92235993.0,171188957.99999997,0.0301751413195703
2025-10-20,17.69,17.85,17.17,17.32,3335300.0,58189101.0,171188957.99999997,0.0194831491409627
2025-10-21,17.32,18.18,17.24,17.99,4867728.0,86594228.0,171188957.99999997,0.0284348246339579
2025-10-22,18.0,18.18,17.77,18.04,3961077.0,71421706.0,171188957.99999997,0.0231386243965571
2025-10-23,17.98,18.18,17.68,18.17,3357000.0,60126851.0,171188957.99999997,0.0196099096531681
2025-10-24,18.28,19.0,18.1,18.95,7900175.0,148158215.0,171188957.99999997,0.0461488585028948
2025-10-27,18.95,19.05,18.2,18.42,5862792.0,108193614.0,171188957.99999997,0.0342474892568713
2025-10-28,18.45,18.46,18.11,18.22,2716400.0,49598834.0,171188957.99999997,0.0158678458688906
2025-10-29,18.23,18.7,17.91,18.26,3129087.0,57003200.0,171188957.99999997,0.0182785562606205
2025-10-30,18.27,18.27,17.84,17.92,2938492.0,52955315.0,171188957.99999997,0.0171651959000766
2025-10-31,17.99,18.23,17.95,18.1,2162680.0,39182107.0,171188957.99999997,0.0126332914532957
2025-11-03,18.2,18.38,18.07,18.35,2693460.0,49182820.0,171188957.99999997,0.0157338418988449
2025-11-04,18.21,18.86,18.16,18.36,2910340.0,53518948.0,171188957.99999997,0.0170007460411085
2025-11-05,18.49,20.2,18.49,20.2,22092892.0,438513636.0,171188957.99999997,0.1290555901391724
2025-11-06,20.1,20.69,19.8,20.3,17341034.0,349465611.0,171188957.99999997,0.1012976199084055
2025-11-07,20.49,21.55,20.3,20.88,15056181.0,315599092.0,171188957.99999997,0.0879506550883965
2025-11-10,20.63,21.88,20.63,21.36,14926954.0,318813333.0,171188957.99999997,0.0871957757929691
2025-11-11,21.74,21.88,20.9,21.61,10236825.0,218619348.0,171188957.99999997,0.0597983954081898
2025-11-12,21.97,22.0,21.12,21.46,8323711.0,178438412.0,171188957.99999997,0.0486229433092291
2025-11-13,21.46,21.8,20.9,21.0,9598172.0,203964264.0,171188957.99999997,0.0560677050210212
2025-11-14,21.13,21.26,20.53,20.67,6020807.0,125103547.0,171188957.99999997,0.0351705336041592
2025-11-17,20.67,20.85,20.28,20.33,5330839.0,109050097.0,171188957.99999997,0.0311400867338651
2025-11-18,20.46,21.7,20.23,20.68,9059240.0,189823307.0,171188957.99999997,0.0529195346816703
2025-11-19,20.61,21.68,20.3,20.95,10050400.0,212427640.0,171188957.99999997,0.0587093940953831
2025-11-20,20.96,21.11,19.83,19.99,7259900.0,146691159.0,171188957.99999997,0.0424086932055512
2025-11-21,20.04,21.12,19.3,19.3,11264744.0,225946645.0,171188957.99999997,0.0658029824563801
2025-11-24,19.87,19.91,18.8,19.09,6189304.0,118838356.0,171188957.99999997,0.0361548085361907
2025-11-25,19.1,19.55,19.02,19.15,3537300.0,68019770.0,171188957.99999997,0.0206631317891426
2025-11-26,19.3,19.42,18.46,18.54,4158196.0,78413301.0,171188957.99999997,0.0242900946917382
2025-11-27,18.54,19.13,18.52,18.78,4209340.0,79329636.0,171188957.99999997,0.0245888522786615
2025-11-28,18.64,18.87,18.43,18.86,3306600.0,61677632.0,171188957.99999997,0.019315498140949
2025-12-01,18.8,18.99,18.46,18.55,3332900.0,62248245.0,171188957.99999997,0.0194691295451427
2025-12-02,18.7,18.7,17.95,18.19,4828200.0,87586562.0,171188957.99999997,0.0282039218908032
2025-12-03,18.32,18.39,17.75,17.87,3673300.0,66055216.0,171188957.99999997,0.0214575755522736
2025-12-04,17.75,17.97,17.41,17.64,2777300.0,48907916.0,171188957.99999997,0.0162235931128221
2025-12-05,17.61,17.61,17.35,17.49,2828500.0,49398585.0,171188957.99999997,0.0165226778236479
2025-12-08,17.49,17.73,17.49,17.66,2846600.0,50244738.0,171188957.99999997,0.0166284089421234
2025-12-09,17.56,17.66,17.32,17.34,2384556.0,41610647.0,171188957.99999997,0.0139293797208579
2025-12-10,17.42,17.49,17.15,17.42,2130548.0,36985293.0,171188957.99999997,0.0124455924312595
2025-12-11,17.41,17.42,16.83,16.85,2977248.0,50727969.0,171188957.99999997,0.017391589006576
2025-12-12,16.99,17.16,16.75,16.8,2604356.0,44084001.0,171188957.99999997,0.0152133410380358
2025-12-15,16.91,16.91,16.57,16.8,1638100.0,27507263.0,171188957.99999997,0.0095689582969481
2025-12-16,16.71,16.79,16.16,16.23,3324600.0,54505821.0,171188957.99999997,0.0194206451095987
2025-12-17,16.08,16.4,15.99,16.36,3280517.0,53091950.0,171188957.99999997,0.0191631343418773
2025-12-18,16.3,16.54,16.23,16.41,1941800.0,31811368.0,171188957.99999997,0.0113430213179987
2025-12-19,16.39,16.79,16.39,16.71,2315440.0,38526943.0,171188957.99999997,0.0135256387272361
2025-12-22,16.79,16.99,16.55,16.7,3812540.0,64079601.0,171188957.99999997,0.0222709457697616
2025-12-23,16.7,16.76,16.44,16.58,2699040.0,44799107.0,171188957.99999997,0.0157664374591263
2025-12-24,16.57,17.58,16.41,17.04,4289808.0,72871762.0,171188957.99999997,0.0250589059605117
2025-12-25,16.98,17.48,16.85,17.35,4479112.0,77088804.0,189029624.0,0.023695291273499
2025-12-26,17.34,17.4,16.89,16.98,4733260.0,81005651.0,189029624.0,0.025039778950203
2025-12-29,16.91,16.98,16.54,16.76,3860500.0,64355337.0,189029624.0,0.0204227248529045
2025-12-30,16.79,16.99,16.56,16.72,2769991.0,46548184.0,189029624.0,0.0146537401989436
2025-12-31,16.72,17.82,16.49,17.72,9468076.0,164407553.0,189029624.0,0.0500877894144253
2026-01-05,17.81,18.1,17.69,17.76,6167479.0,110190852.0,189029624.0,0.0326270500331736
2026-01-06,17.94,18.08,17.7,17.95,3947176.0,70577915.0,189029624.0,0.0208812561569714
2026-01-07,17.97,18.27,17.83,18.1,4213539.0,76122468.0,189029624.0,0.0222903633347966
2026-01-08,18.1,18.34,17.96,18.34,3108919.0,56477660.0,189029624.0,0.0164467290058197
2026-01-09,18.36,18.51,18.05,18.3,3744849.0,68393381.0,189029624.0,0.0198109106961986
2026-01-12,18.26,19.42,18.23,19.11,6715925.0,127323251.0,189029624.0,0.0355284259571928
2026-01-13,19.19,20.33,18.82,20.03,11245827.0,223705055.0,189029624.0,0.0594924052750589
2026-01-14,19.88,20.78,19.78,20.6,10142797.0,207335641.0,189029624.0,0.0536571823260887
2026-01-15,20.59,20.94,20.37,20.7,4953179.0,101957721.0,189029624.0,0.026203189189013
2026-01-16,20.7,21.31,20.1,20.15,4755940.0,97311035.0,189029624.0,0.0251597601442618
2026-01-19,20.13,21.0,20.05,20.89,6399900.0,132018107.0,189029624.0,0.0338565980536468
2026-01-20,20.88,21.18,20.0,20.07,4792196.0,97316806.0,189029624.0,0.0253515607691205
2026-01-21,19.98,22.0,19.77,21.99,9645709.0,203429183.0,189029624.0,0.0510274992664641
2026-01-22,21.94,21.95,21.36,21.63,6347300.0,136926488.0,189029624.0,0.0335783347905299
2026-01-23,21.84,22.0,21.26,21.41,4596900.0,99034539.0,189029624.0,0.024318410536541
2026-01-26,21.37,21.6,21.1,21.28,3011925.0,64154501.0,189029624.0,0.0159336136647026
2026-01-27,20.79,21.04,20.18,20.83,5134508.0,105913215.0,189029624.0,0.0271624515319355
2026-01-28,21.0,21.0,20.11,20.28,3258836.0,66705029.0,189029624.0,0.0172398163369356
2026-01-29,20.26,20.74,19.98,20.09,2672074.0,54341399.0,189029624.0,0.0141357420252817
2026-01-30,20.07,20.48,19.8,20.37,2692063.0,54412531.0,189029624.0,0.0142414873554422
2026-02-02,20.39,20.57,20.02,20.03,2377383.0,48029018.0,189029624.0,0.0125767747387573
2026-02-03,20.12,20.7,20.1,20.24,2665669.0,54152836.0,189029624.0,0.0141018584473299
2026-02-04,20.26,20.59,20.02,20.16,2397880.0,48545970.0,189029624.0,0.0126852074783791
2026-02-05,20.2,20.28,19.93,19.94,1783860.0,35794927.0,189029624.0,0.0094369335464583
2026-02-06,19.94,20.26,19.81,19.89,2183409.0,43707354.0,189029624.0,0.0115506181189885
2026-02-09,19.98,20.99,19.71,19.95,3640176.0,73221768.0,189029624.0,0.019257172092772
2026-02-10,20.05,20.05,19.71,19.77,1818487.0,36050251.0,189029624.0,0.0096201164744421
2026-02-11,19.73,19.85,19.38,19.5,2435342.0,47607663.0,189029624.0,0.0128833880556203
2026-02-12,19.44,19.58,19.2,19.27,2421800.0,46920354.0,189029624.0,0.0128117484908079
2026-02-13,19.45,20.13,19.23,19.82,3800187.0,75366236.0,189029624.0,0.0201036584614906
2026-02-24,20.15,20.37,19.5,19.68,4345803.0,86218525.0,189029624.0,0.022990063187133
2026-02-25,19.89,19.89,19.33,19.59,2941838.0,57544261.0,189029624.0,0.0155628410920396
2026-02-26,19.59,19.66,19.17,19.25,2484308.0,48115277.0,189029624.0,0.013142426818772
2026-02-27,19.05,19.36,19.0,19.18,2519424.0,48234580.0,189029624.0,0.0133281966428711
2026-03-02,18.9,18.95,17.97,18.06,4793856.0,87798022.0,189029624.0,0.0253603424614546
2026-03-03,18.2,18.35,17.37,17.4,6375254.0,113006094.0,189029624.0,0.0337262163733659
2026-03-04,17.35,17.59,17.0,17.08,3208460.0,55347190.0,189029624.0,0.016973318425476
2026-03-05,17.2,17.6,17.08,17.23,2271000.0,39374423.0,189029624.0,0.0120139899341914
2026-03-06,17.11,17.73,17.11,17.6,2252316.0,39590943.0,189029624.0,0.0119151482838478
2026-03-09,17.61,17.72,17.08,17.47,2570125.0,44635330.0,189029624.0,0.0135964138615648
2026-03-10,17.83,18.08,17.49,17.98,3174080.0,56716127.0,189029624.0,0.01679144217099
2026-03-11,17.99,18.17,17.7,17.92,2988764.0,53507826.0,189029624.0,0.0158110878959374
2026-03-12,17.92,19.3,17.74,18.28,6731653.0,124093382.0,189029624.0,0.0356116298469704
2026-03-13,18.18,18.48,17.97,18.02,3918240.0,71412292.0,189029624.0,0.0207281796212005
2026-03-16,18.03,19.2,17.96,18.97,8078837.0,150695487.0,189029624.0,0.0427384704526524
2026-03-17,18.8,19.54,18.33,18.63,6193820.0,115798080.0,189029624.0,0.0327663985619523
2026-03-18,18.61,18.63,18.22,18.43,2509168.0,46210073.0,189029624.0,0.0132739405967394
2026-03-19,18.46,18.48,17.56,17.65,3247028.0,58084941.0,189029624.0,0.0171773499374891
2026-03-20,17.73,17.82,16.68,16.69,4259778.0,72893591.0,189029624.0,0.0225349757877103
2026-03-23,16.28,16.51,15.17,15.36,5774086.0,91394848.0,189029624.0,0.030545931784745
2026-03-24,15.74,16.31,15.54,16.31,5480300.0,87276618.0,189029624.0,0.0289917521075955
2026-03-25,16.32,16.85,16.25,16.61,3689802.0,61393413.0,189029624.0,0.019519702372153
2026-03-26,16.77,16.87,16.49,16.69,2630365.0,43848274.0,189029624.0,0.0139150940701231
2026-03-27,16.69,17.18,16.4,17.02,2835400.0,47793301.0,189029624.0,0.0149997653277879
2026-03-30,17.0,17.17,16.59,17.02,2716501.0,45819912.0,189029624.0,0.0143707686790933
2026-03-31,17.01,17.74,16.71,16.71,3521337.0,60373068.0,189029624.0,0.0186284928546437
2026-04-01,16.97,17.25,16.76,17.2,2743442.0,46841435.0,189029624.0,0.014513291313535
2026-04-02,17.2,17.61,17.06,17.23,2741500.0,47301472.0,189029624.0,0.0145030177915393
2026-04-03,17.17,17.25,16.56,16.57,2629900.0,44155864.0,189029624.0,0.0139126341382343
2026-04-07,16.23,17.15,16.23,17.06,3039600.0,51583957.0,189029624.0,0.0160800192884052
2026-04-08,17.2,17.46,16.98,17.08,3257700.0,55836544.0,189029624.0,0.0172338066968804
2026-04-09,17.0,17.1,16.4,16.4,2843400.0,47341726.0,189029624.0,0.015042086736627
2026-04-10,16.42,17.6,16.42,16.72,2900282.0,48589080.0,189029624.0,0.015343002533825
2026-04-13,16.59,16.6,16.3,16.33,2764900.0,45309211.0,189029624.0,0.0146268079123936
2026-04-14,16.6,16.6,16.14,16.4,2332595.0,37932661.0,189029624.0,0.0123398383313718
2026-04-15,16.68,16.73,16.37,16.54,2218800.0,36696028.0,189029624.0,0.0117378427415165
2026-04-16,16.5,16.73,16.32,16.69,1875700.0,31054990.0,189029624.0,0.0099227833199308
2026-04-17,16.6,17.07,16.48,17.03,2733562.0,45778476.0,189029624.0,0.0144610243736188
2026-04-20,16.85,17.56,16.85,17.47,4453663.0,76449287.0,189029624.0,0.0235606615818058
2026-04-21,17.35,17.45,16.68,16.95,4923186.0,82951541.0,189029624.0,0.0260445209370992
2026-04-22,16.9,16.94,16.65,16.82,2341035.0,39330454.0,189029624.0,0.012384487417697
2026-04-23,16.85,16.88,16.42,16.59,2376032.0,39381164.0,189029624.0,0.0125696277108396
2026-04-24,16.5,18.25,16.5,17.16,9605465.0,166266499.0,189029624.0,0.0508146014192992
2026-04-27,16.99,17.0,15.92,16.5,8652584.0,140985542.0,189029624.0,0.0457736931223013
2026-04-28,16.38,16.72,16.07,16.2,5154238.0,83932709.0,189029624.0,0.0272668267064849
2026-04-29,16.03,16.36,16.03,16.09,3809906.0,61625142.0,189029624.0,0.020155073683054
2026-04-30,16.08,16.16,15.89,15.96,3701299.0,59132230.0,189029624.0,0.0195805235268309
2026-05-06,15.96,16.3,15.71,16.25,5005805.0,80032477.0,189029624.0,0.0264815899967086
2026-05-07,16.4,16.56,15.8,15.9,4382900.0,70616876.0,189029624.0,0.0231863128500959
2026-05-08,15.91,16.09,15.8,15.95,3654596.0,58395855.0,189029624.0,0.0193334564322045
2026-05-11,16.18,16.18,15.85,16.0,3939268.0,62915625.0,189029624.0,0.020839421444334
2026-05-12,16.05,16.1,15.68,15.7,3260985.0,51561372.0,189029624.0,0.017251184925385
2026-05-13,,,,15.54,,,,
2026-05-14,,,,15.69,,,,
2026-05-15,,,,15.46,,,,
2026-05-18,,,,15.23,,,,
2026-05-19,,,,15.3,,,,
2026-05-20,,,,15.28,,,,
2026-05-21,,,,15.11,,,,
2026-05-22,,,,14.98,,,,
2026-05-25,,,,14.54,,,,
2026-05-26,,,,14.39,,,,
2026-05-27,,,,14.1,,,,
2026-05-28,,,,13.95,,,,
2026-05-29,,,,13.87,,,,
2026-06-01,,,,14.32,,,,
2026-06-02,,,,13.85,,,,
2026-06-03,,,,13.64,,,,
2026-06-04,,,,13.32,,,,
2026-06-05,,,,13.4,,,,
2026-06-08,,,,12.87,,,,
2026-06-09,,,,13.03,,,,
2026-06-10,,,,12.86,,,,
2026-06-11,,,,12.77,,,,
2026-06-12,,,,13.1,,,,
2026-06-15,,,,13.03,,,,
2026-06-16,,,,12.98,,,,
2026-06-17,,,,12.6,,,,
2026-06-18,,,,12.45,,,,
2026-06-19,,,,12.45,,,,
2026-06-22,,,,12.52,,,,
2026-06-23,,,,12.75,,,,
2026-06-24,,,,12.16,,,,
2026-06-25,,,,11.82,,,,
2026-06-26,,,,11.48,,,,
2026-06-29,,,,11.6,,,,
2026-06-30,,,,11.32,,,,
2026-07-01,,,,11.75,,,,
2026-07-02,,,,11.66,,,,
2026-07-03,,,,12.0,,,,
2026-07-06,,,,12.0,,,,
2026-07-07,,,,11.37,,,,
2026-07-08,,,,11.18,,,,
2026-07-09,,,,10.94,,,,
2026-07-10,,,,11.32,,,,
2026-07-13,,,,11.12,,,,
2026-07-14,,,,11.32,,,,
2026-07-15,,,,11.55,,,,
2026-07-16,,,,11.78,,,,
2026-07-17,,,,11.16,,,,
2026-07-20,,,,10.72,,,,
2026-07-21,,,,10.38,,,,
2026-07-22,,,,10.13,,,,
2026-07-23,,,,10.44,,,,
2026-07-24,,,,10.04,,,,
2026-07-27,,,,10.48,,,,
2026-07-28,,,,10.56,,,,
2026-07-29,,,,10.74,,,,
2026-07-30,,,,10.85,,,,
2026-07-31,,,,10.92,,,,
2026-08-03,,,,11.43,,,,
2026-08-04,,,,11.43,,,,
2026-08-05,,,,11.41,,,,
2026-08-07,,,,11.74,,,,
2026-08-10,,,,12.21,,,,
2026-08-11,,,,12.18,,,,
2026-08-12,,,,12.31,,,,
2026-08-13,,,,12.19,,,,
2026-08-14,,,,13.41,,,,
2026-08-17,,,,14.75,,,,
2026-08-18,,,,14.73,,,,
2026-08-19,,,,13.26,,,,
2026-08-20,,,,12.75,,,,
2026-08-21,,,,14.03,,,,
2026-08-24,,,,12.63,,,,
2026-08-25,,,,12.63,,,,
2026-08-26,,,,14.08,,,,
2026-08-27,,,,13.73,,,,
2026-08-28,,,,13.3,,,,
2026-08-31,,,,13.19,,,,
2026-09-01,,,,13.47,,,,
2026-09-02,,,,12.95,,,,
2026-09-03,,,,12.66,,,,
2026-09-04,,,,12.88,,,,
2026-09-07,,,,13.08,,,,
2026-09-08,,,,13.37,,,,
2026-09-09,,,,13.08,,,,
2026-09-10,,,,12.7,,,,
2026-09-11,,,,12.36,,,,
2026-09-14,,,,12.84,,,,
2026-09-15,,,,12.55,,,,
2026-09-16,,,,12.5,,,,
2026-09-17,,,,12.63,,,,
2026-09-18,,,,12.8,,,,
2026-09-21,,,,13.38,,,,
2026-09-22,,,,13.45,,,,
2026-09-23,,,,13.28,,,,
2026-09-24,,,,13.11,,,,
2026-09-25,,,,13.11,,,,
2026-09-28,,,,13.0,,,,
2026-09-29,,,,13.17,,,,
2026-09-30,,,,13.61,,,,
2026-10-01,,,,13.61,,,,
2026-10-02,,,,13.61,,,,
2026-10-05,,,,13.61,,,,
2026-10-06,,,,13.61,,,,
2026-10-07,,,,13.61,,,,
2026-10-08,,,,13.32,,,,
2026-10-09,,,,13.31,,,,
