date,open,high,low,close,volume,amount,outstanding_share,turnover
2025-04-09,15.89,16.73,14.83,16.67,917597.0,14652744.0,68000000.0,0.0134940735294117
2025-04-10,16.9,17.41,16.9,17.23,1005272.0,17435552.0,68000000.0,0.0147834117647058
2025-04-11,17.2,17.44,16.89,17.16,680101.0,11794902.0,68000000.0,0.0100014852941176
2025-04-14,17.29,17.76,17.18,17.47,638168.0,11260185.0,68000000.0,0.0093848235294117
2025-04-15,17.47,17.79,17.44,17.7,605599.0,10735623.0,68000000.0,0.0089058676470588
2025-04-16,17.75,17.85,17.22,17.47,487760.0,8603769.0,68000000.0,0.0071729411764705
2025-04-17,17.56,17.86,17.18,17.76,535268.0,9548413.0,68000000.0,0.0078715882352941
2025-04-18,17.75,17.93,17.42,17.83,622215.0,11075488.0,68000000.0,0.0091502205882352
2025-04-21,18.02,18.04,17.58,17.89,644166.0,11584666.0,68000000.0,0.0094730294117647
2025-04-22,17.8,17.98,17.75,17.84,393600.0,7082640.0,68000000.0,0.0057882352941176
2025-04-23,18.02,18.23,17.91,18.18,736416.0,13443563.0,68000000.0,0.0108296470588235
2025-04-24,18.22,18.27,17.91,18.02,488896.0,8906458.0,68000000.0,0.0071896470588235
2025-04-25,18.23,18.27,17.85,18.02,487111.0,8853493.0,68000000.0,0.0071633970588235
2025-04-28,17.78,18.06,17.38,17.73,830606.0,14730092.0,68000000.0,0.012214794117647
2025-04-29,17.99,18.71,17.74,18.43,1293698.0,23916629.0,68000000.0,0.0190249705882352
2025-04-30,18.25,18.72,18.25,18.64,1174418.0,21930781.0,68000000.0,0.0172708529411764
2025-05-06,18.67,19.37,18.67,19.35,1170042.0,22607617.0,68000000.0,0.0172065
2025-05-07,19.4,19.95,19.32,19.5,913702.0,18041515.0,68000000.0,0.013436794117647
2025-05-08,19.31,20.01,19.31,19.83,1165035.0,23227503.0,68000000.0,0.0171328676470588
2025-05-09,19.93,19.93,19.46,19.52,1038858.0,20502340.0,68000000.0,0.0152773235294117
2025-05-12,19.7,19.92,19.55,19.85,983042.0,19516125.0,68000000.0,0.0144565
2025-05-13,20.04,20.04,19.52,19.73,703294.0,13955279.0,68000000.0,0.0103425588235294
2025-05-14,19.74,19.82,19.32,19.38,827281.0,16220284.0,68000000.0,0.0121658970588235
2025-05-15,19.57,19.84,19.3,19.76,1069667.0,21152146.0,68000000.0,0.0157303970588235
2025-05-16,19.76,20.08,19.57,19.94,1170428.0,23452750.0,68000000.0,0.0172121764705882
2025-05-19,19.26,20.32,19.26,20.21,1281517.0,25799367.0,68000000.0,0.0188458382352941
2025-05-20,20.25,20.69,19.93,20.63,929414.0,19089925.0,68000000.0,0.0136678529411764
2025-05-21,20.69,20.73,20.19,20.29,619450.0,12715597.0,68000000.0,0.0091095588235294
2025-05-22,20.31,20.62,19.78,19.99,876344.0,17787332.0,68000000.0,0.0128874117647058
2025-05-23,20.11,20.58,19.62,20.04,1185301.0,24067768.0,68000000.0,0.0174308970588235
2025-05-26,20.38,20.39,19.81,20.06,976336.0,19712072.0,68000000.0,0.0143578823529411
2025-05-27,19.89,20.19,19.83,20.19,636811.0,12838688.0,68000000.0,0.0093648676470588
2025-05-28,20.3,20.41,19.8,20.07,641913.0,12967999.0,68000000.0,0.0094398970588235
2025-05-29,20.17,20.46,19.93,20.2,778635.0,15894261.0,68000000.0,0.0114505147058823
2025-05-30,20.42,20.75,20.19,20.56,1631599.0,33710109.0,68000000.0,0.0239941029411764
2025-06-03,20.31,20.96,20.31,20.53,1212593.0,25227229.0,68000000.0,0.01783225
2025-06-04,20.53,20.82,20.53,20.76,987746.0,20594088.0,68000000.0,0.0145256764705882
2025-06-05,20.79,20.97,20.49,20.61,742524.0,15475199.0,68000000.0,0.0109194705882352
2025-06-06,20.58,20.76,20.36,20.76,714596.0,14813275.0,68000000.0,0.0105087647058823
2025-06-09,20.76,21.11,20.48,21.0,949194.0,20005435.0,68000000.0,0.0139587352941176
2025-06-10,21.0,21.33,20.66,20.97,1130710.0,23964980.0,68000000.0,0.0166280882352941
2025-06-11,20.92,21.15,20.89,21.05,533357.0,11298933.0,68000000.0,0.0078434852941176
2025-06-12,21.01,21.32,20.89,21.31,765279.0,16234838.0,68000000.0,0.0112541029411764
2025-06-13,21.21,21.36,20.65,20.78,908797.0,19116727.0,68000000.0,0.0133646617647058
2025-06-16,20.89,21.24,20.69,21.03,868123.0,18418846.0,68000000.0,0.0127665147058823
2025-06-17,21.06,21.25,20.86,21.11,708119.0,14990498.0,68000000.0,0.0104135147058823
2025-06-18,21.16,21.16,20.62,20.76,790359.0,16534584.0,68000000.0,0.0116229264705882
2025-06-19,20.76,21.01,20.01,20.07,1056141.0,21722662.0,68000000.0,0.0155314852941176
2025-06-20,20.19,20.53,19.95,20.02,668304.0,13591215.0,68000000.0,0.009828
2025-06-23,20.03,20.56,19.87,20.45,1059827.0,21652082.0,68000000.0,0.0155856911764705
2025-06-24,20.45,21.22,20.45,21.14,1022921.0,21595164.0,68000000.0,0.0150429558823529
2025-06-25,21.25,21.53,21.08,21.48,1090893.0,23442767.0,68000000.0,0.016042544117647
2025-06-26,21.48,21.53,20.98,21.28,554999.0,11891962.0,68000000.0,0.00816175
2025-06-27,21.36,21.38,20.94,21.23,973250.0,20698569.0,68000000.0,0.0143125
2025-06-30,21.24,21.37,21.02,21.37,1144329.0,24411845.0,68000000.0,0.0168283676470588
2025-07-01,21.5,21.8,21.3,21.61,979954.0,21248655.0,68000000.0,0.0144110882352941
2025-07-02,21.5,21.74,21.31,21.5,694785.0,15046004.0,68000000.0,0.0102174264705882
2025-07-03,21.5,21.69,21.35,21.49,664960.0,14394234.0,68000000.0,0.0097788235294117
2025-07-04,21.49,21.59,21.21,21.28,807358.0,17366841.0,68000000.0,0.0118729117647058
2025-07-07,21.28,21.54,21.16,21.54,648418.0,13963973.0,68000000.0,0.0095355588235294
2025-07-08,21.61,21.93,21.55,21.89,1039977.0,22803357.0,68000000.0,0.0152937794117647
2025-07-09,21.89,21.97,21.56,21.75,843651.0,18456114.0,68000000.0,0.0124066323529411
2025-07-10,21.65,21.82,21.44,21.73,813572.0,17705976.0,68000000.0,0.011964294117647
2025-07-11,21.8,21.92,21.27,21.65,837927.0,18184937.0,68000000.0,0.0123224558823529
2025-07-14,21.78,22.03,21.46,22.03,887891.0,19434830.0,68000000.0,0.0130572205882352
2025-07-15,22.04,22.16,21.56,21.98,867440.0,18988950.0,68000000.0,0.0127564705882352
2025-07-16,21.98,22.33,21.86,22.23,846801.0,18759545.0,68000000.0,0.0124529558823529
2025-07-17,22.34,23.44,22.23,22.92,1663464.0,38200242.0,68000000.0,0.0244627058823529
2025-07-18,22.92,23.47,22.65,23.44,1257392.0,29040949.0,68000000.0,0.0184910588235294
2025-07-21,23.65,23.81,23.23,23.4,1330836.0,31267480.0,68000000.0,0.0195711176470588
2025-07-22,23.54,24.15,23.35,23.97,1599585.0,38092988.0,68000000.0,0.0235233088235294
2025-07-23,23.93,23.94,23.2,23.35,1702431.0,40022729.0,68000000.0,0.02503575
2025-07-24,23.41,23.78,23.37,23.56,1067104.0,25216829.0,68000000.0,0.0156927058823529
2025-07-25,23.7,24.34,23.52,24.17,1363330.0,32707244.0,68000000.0,0.0200489705882352
2025-07-28,24.28,25.12,24.06,25.05,2324406.0,57435713.0,68000000.0,0.0341824411764705
2025-07-29,24.95,25.25,24.18,24.55,1796963.0,44137104.0,68000000.0,0.0264259264705882
2025-07-30,24.46,24.85,23.9,24.25,1415851.0,34549404.0,68000000.0,0.0208213382352941
2025-07-31,24.1,25.12,24.1,24.35,1897170.0,46954077.0,68000000.0,0.0278995588235294
2025-08-01,24.36,25.23,24.35,25.23,1639129.0,40844416.0,68000000.0,0.0241048382352941
2025-08-04,25.27,26.13,24.68,26.13,2005580.0,50955263.0,68000000.0,0.0294938235294117
2025-08-05,26.13,26.28,25.74,26.01,1642419.0,42740078.0,68000000.0,0.0241532205882352
2025-08-06,26.21,26.79,25.76,26.66,1641867.0,43112624.0,68000000.0,0.0241451029411764
2025-08-07,26.66,27.52,26.45,26.96,2129579.0,57585793.0,68000000.0,0.0313173382352941
2025-08-08,27.04,28.92,27.04,28.92,3389081.0,95247865.0,68000000.0,0.0498394264705882
2025-08-11,28.95,29.44,27.77,28.49,4082669.0,115423271.0,68000000.0,0.06003925
2025-08-12,28.29,28.67,27.89,28.27,2434694.0,68950251.0,68000000.0,0.0358043235294117
2025-08-13,28.13,28.21,27.08,27.33,2972672.0,81590336.0,68000000.0,0.0437157647058823
2025-08-14,27.74,27.79,26.29,26.35,2627047.0,71021582.0,68000000.0,0.038633044117647
2025-08-15,26.25,26.84,26.14,26.34,2098527.0,55750361.0,68000000.0,0.0308606911764705
2025-08-18,26.55,26.78,26.26,26.75,2247157.0,59706591.0,68000000.0,0.0330464264705882
2025-08-19,26.75,27.05,26.36,26.8,1744714.0,46659601.0,68000000.0,0.0256575588235294
2025-08-20,26.74,26.87,26.37,26.87,1578276.0,42114279.0,68000000.0,0.0232099411764705
2025-08-21,26.94,27.05,26.6,26.9,1511522.0,40591335.0,68000000.0,0.0222282647058823
2025-08-22,26.94,27.04,26.31,26.65,1644387.0,43834279.0,68000000.0,0.0241821617647058
2025-08-25,26.64,27.41,26.59,27.24,2055968.0,55767629.0,68000000.0,0.0302348235294117
2025-08-26,27.66,27.66,26.75,27.06,1418315.0,38721580.0,68000000.0,0.0208575735294117
2025-08-27,27.08,27.36,25.94,25.95,2096945.0,55393473.0,68000000.0,0.0308374264705882
2025-08-28,25.89,26.23,24.63,25.66,2406376.0,61098191.0,68000000.0,0.0353878823529411
2025-08-29,25.59,25.69,25.12,25.29,1347491.0,34217507.0,68000000.0,0.019816044117647
2025-09-01,25.38,26.22,25.36,25.54,1462898.0,37756417.0,68000000.0,0.0215132058823529
2025-09-02,25.75,25.94,24.55,25.22,1318236.0,33087979.0,68000000.0,0.0193858235294117
2025-09-03,25.35,25.61,24.83,24.97,997978.0,25198200.0,68000000.0,0.0146761470588235
2025-09-04,24.97,25.57,24.78,25.06,1436304.0,36372005.0,68000000.0,0.0211221176470588
2025-09-05,25.07,26.06,24.75,26.06,1497730.0,38313711.0,68000000.0,0.0220254411764705
2025-09-08,26.12,26.69,25.86,26.65,1511421.0,40038107.0,68000000.0,0.0222267794117647
2025-09-09,26.44,27.09,25.94,26.21,1594160.0,42285387.0,68000000.0,0.0234435294117647
2025-09-10,26.47,26.63,26.1,26.31,772160.0,20399063.0,68000000.0,0.011355294117647
2025-09-11,26.18,26.68,25.76,26.64,1217773.0,32147865.0,68000000.0,0.0179084264705882
2025-09-12,26.62,26.74,26.0,26.24,1374071.0,36163701.0,68000000.0,0.0202069264705882
2025-09-15,26.37,26.4,25.85,25.85,841794.0,21954401.0,68000000.0,0.0123793235294117
2025-09-16,25.93,26.24,25.75,26.19,803980.0,20947802.0,68000000.0,0.0118232352941176
2025-09-17,26.19,26.59,26.0,26.38,935818.0,24720294.0,68000000.0,0.0137620294117647
2025-09-18,26.38,26.72,25.87,26.11,1516759.0,40124638.0,68000000.0,0.0223052794117647
2025-09-19,26.26,26.45,25.35,25.58,1226006.0,31720790.0,68000000.0,0.0180295
2025-09-22,25.7,26.0,25.28,25.48,990400.0,25381761.0,68000000.0,0.0145647058823529
2025-09-23,25.6,25.6,23.89,24.9,1831869.0,44765810.0,68000000.0,0.02693925
2025-09-24,24.72,25.39,24.4,25.15,1137417.0,28566883.0,68000000.0,0.0167267205882352
2025-09-25,25.35,26.01,24.9,25.17,1386063.0,35468606.0,68000000.0,0.0203832794117647
2025-09-26,25.17,25.5,24.62,25.15,1082413.0,27291421.0,68000000.0,0.0159178382352941
2025-09-29,25.15,25.65,24.66,25.56,1172495.0,29721196.0,68000000.0,0.0172425735294117
2025-09-30,25.75,26.0,25.51,25.85,820277.0,21135375.0,68000000.0,0.0120628970588235
2025-10-09,25.85,26.37,25.46,25.47,1425575.0,37032718.0,68000000.0,0.0209643382352941
2025-10-10,25.49,25.92,25.31,25.55,1049476.0,26929846.0,68000000.0,0.0154334705882352
2025-10-13,24.74,25.9,24.05,25.74,1471942.0,37209366.0,68000000.0,0.0216462058823529
2025-10-14,25.83,26.17,25.31,25.53,988357.0,25376371.0,68000000.0,0.0145346617647058
2025-10-15,25.73,25.98,25.32,25.72,936886.0,24140963.0,68000000.0,0.0137777352941176
2025-10-16,25.71,25.98,25.47,25.6,808303.0,20844079.0,68000000.0,0.0118868088235294
2025-10-17,25.62,25.79,25.07,25.15,943249.0,23966058.0,68000000.0,0.0138713088235294
2025-10-20,25.47,25.9,25.28,25.74,1241078.0,31896663.0,68000000.0,0.0182511470588235
2025-10-21,25.74,26.82,25.74,26.63,1816107.0,48069258.0,68000000.0,0.0267074558823529
2025-10-22,26.63,26.81,26.06,26.25,1314111.0,34648272.0,68000000.0,0.0193251617647058
2025-10-23,26.25,26.47,25.76,26.46,1307745.0,34217915.0,68000000.0,0.019231544117647
2025-10-24,26.46,27.74,26.36,27.49,2732677.0,74922279.0,68000000.0,0.0401864264705882
2025-10-27,27.47,28.54,27.31,28.09,2531933.0,70823229.0,68000000.0,0.0372343088235294
2025-10-28,28.04,28.35,27.6,28.23,1370435.0,38509046.0,68000000.0,0.0201534558823529
2025-10-29,28.21,28.34,27.49,27.83,1552687.0,43336693.0,68000000.0,0.0228336323529411
2025-10-30,27.83,28.6,27.57,27.7,1519339.0,42567910.0,68000000.0,0.0223432205882352
2025-10-31,27.7,29.03,27.55,28.54,2432586.0,69332156.0,68000000.0,0.0357733235294117
2025-11-03,28.68,29.04,28.33,28.82,1949932.0,56104504.0,68000000.0,0.0286754705882352
2025-11-04,28.78,29.22,28.4,29.03,1919463.0,55531827.0,68000000.0,0.0282273970588235
2025-11-05,29.03,29.09,28.64,28.83,1325166.0,38315141.0,68000000.0,0.0194877352941176
2025-11-06,28.93,29.29,28.76,29.29,1230494.0,35805478.0,68000000.0,0.0180955
2025-11-07,29.29,29.29,28.62,28.77,1263817.0,36437152.0,68000000.0,0.018585544117647
2025-11-10,28.94,29.04,28.14,28.35,1082214.0,30885073.0,68000000.0,0.0159149117647058
2025-11-11,28.49,28.7,28.25,28.46,740404.0,21120161.0,68000000.0,0.010888294117647
2025-11-12,28.39,28.7,27.87,28.25,1356567.0,38394789.0,68000000.0,0.0199495147058823
2025-11-13,28.46,29.03,27.88,28.62,1633420.0,46620060.0,68000000.0,0.0240208823529411
2025-11-14,28.79,29.1,28.43,28.68,1610078.0,46513615.0,68000000.0,0.0236776176470588
2025-11-17,28.99,28.99,27.63,27.86,1313804.0,37039924.0,68000000.0,0.0193206470588235
2025-11-18,27.86,28.02,27.34,27.67,1266729.0,35083060.0,68000000.0,0.0186283676470588
2025-11-19,27.72,27.84,26.47,26.63,1399618.0,37893164.0,68000000.0,0.0205826176470588
2025-11-20,26.63,26.93,26.1,26.37,1454375.0,38527027.0,68000000.0,0.0213878676470588
2025-11-21,26.33,26.59,24.78,25.15,1746127.0,44636381.0,68000000.0,0.0256783382352941
2025-11-24,25.05,25.8,24.67,25.22,1598717.0,40153047.0,68000000.0,0.023510544117647
2025-11-25,25.28,25.89,25.25,25.63,1302438.0,33535345.0,68000000.0,0.0191535
2025-11-26,25.64,26.07,25.19,25.29,1233277.0,31686113.0,68000000.0,0.0181364264705882
2025-11-27,25.15,25.83,25.15,25.67,1110495.0,28464306.0,68000000.0,0.0163308088235294
2025-11-28,25.74,26.09,25.5,25.94,1039463.0,26893507.0,68000000.0,0.0152862205882352
2025-12-01,26.19,26.23,25.67,25.71,958913.0,25007660.0,68000000.0,0.0141016617647058
2025-12-02,25.72,25.83,25.12,25.59,1381056.0,35121192.0,68000000.0,0.0203096470588235
2025-12-03,25.52,25.57,25.03,25.12,1071953.0,27065108.0,68000000.0,0.0157640147058823
2025-12-04,25.12,25.22,24.5,24.83,1229411.0,30559902.0,68000000.0,0.0180795735294117
2025-12-05,24.85,25.19,24.38,25.1,932138.0,23155229.0,68000000.0,0.0137079117647058
2025-12-08,25.16,25.74,25.15,25.5,891775.0,22679205.0,68000000.0,0.0131143382352941
2025-12-09,25.5,25.59,25.07,25.11,763572.0,19311424.0,68000000.0,0.011229
2025-12-10,25.08,25.17,24.53,24.61,848056.0,21054425.0,68000000.0,0.0124714117647058
2025-12-11,24.61,24.71,23.91,24.17,1662579.0,40235849.0,68000000.0,0.0244496911764705
2025-12-12,24.35,24.45,23.81,23.97,1081415.0,26076420.0,68000000.0,0.0159031617647058
2025-12-15,23.96,24.19,23.4,24.18,1203982.0,28857115.0,68000000.0,0.0177056176470588
2025-12-16,24.17,24.17,23.55,23.73,735482.0,17494502.0,68000000.0,0.0108159117647058
2025-12-17,23.7,23.81,23.15,23.78,1244826.0,29231119.0,68000000.0,0.0183062647058823
2025-12-18,23.78,24.63,23.68,24.5,1013273.0,24638731.0,68000000.0,0.0149010735294117
2025-12-19,24.78,25.0,24.25,24.96,856102.0,21194188.0,68000000.0,0.0125897352941176
2025-12-22,24.96,25.38,24.71,24.82,752942.0,18806079.0,68000000.0,0.0110726764705882
2025-12-23,24.9,24.9,24.26,24.47,777123.0,19060481.0,68000000.0,0.0114282794117647
2025-12-24,24.64,24.76,24.35,24.64,497708.0,12210514.0,68000000.0,0.0073192352941176
2025-12-25,24.67,24.8,24.53,24.76,738111.0,18226848.0,68000000.0,0.0108545735294117
2025-12-26,24.78,24.88,24.23,24.25,834345.0,20461816.0,68000000.0,0.0122697794117647
2025-12-29,24.17,24.6,24.01,24.47,808201.0,19658537.0,68000000.0,0.0118853088235294
2025-12-30,24.52,24.66,24.17,24.2,843827.0,20567374.0,68000000.0,0.0124092205882352
2025-12-31,24.2,24.6,24.05,24.56,858859.0,20938974.0,68000000.0,0.0126302794117647
2026-01-05,24.5,25.76,24.48,25.47,1550391.0,39455853.0,68000000.0,0.0227998676470588
2026-01-06,25.47,25.7,25.39,25.46,1002407.0,25555541.0,68000000.0,0.0147412794117647
2026-01-07,25.64,25.65,25.24,25.28,910681.0,23169807.0,68000000.0,0.0133923676470588
2026-01-08,25.29,26.03,25.29,25.79,1026613.0,26441493.0,68000000.0,0.01509725
2026-01-09,25.7,26.55,25.7,26.21,1663097.0,43512443.0,68000000.0,0.0244573088235294
2026-01-12,26.29,26.9,26.15,26.89,1357933.0,36032778.0,68000000.0,0.0199696029411764
2026-01-13,27.0,27.49,26.6,27.05,1921361.0,52129269.0,68000000.0,0.0282553088235294
2026-01-14,27.3,27.66,26.4,27.0,2200710.0,59794368.0,68000000.0,0.0323633823529411
2026-01-15,27.13,27.5,26.78,27.39,1728210.0,47096465.0,68000000.0,0.0254148529411764
2026-01-16,27.43,27.87,27.1,27.76,1258113.0,34527042.0,68000000.0,0.0185016617647058
2026-01-19,27.76,27.76,27.23,27.66,1164935.0,31974851.0,68000000.0,0.0171313970588235
2026-01-20,27.76,27.98,27.48,27.63,1454926.0,40353252.0,68000000.0,0.0213959705882352
2026-01-21,27.77,28.12,27.47,27.96,1273165.0,35588484.0,68000000.0,0.0187230147058823
2026-01-22,27.96,28.3,27.86,28.29,1110964.0,31223447.0,68000000.0,0.0163377058823529
2026-01-23,28.22,28.45,27.91,28.3,1204404.0,33962037.0,68000000.0,0.0177118235294117
2026-01-26,28.49,28.49,27.32,27.6,1581720.0,43828103.0,68000000.0,0.0232605882352941
2026-01-27,27.42,28.07,26.8,28.07,1496695.0,41216865.0,68000000.0,0.0220102205882352
2026-01-28,28.06,28.08,27.33,27.41,994679.0,27380351.0,68000000.0,0.0146276323529411
2026-01-29,27.4,27.73,26.84,27.35,909121.0,24867059.0,68000000.0,0.0133694264705882
2026-01-30,27.25,28.07,27.0,28.07,1185032.0,32694378.0,68000000.0,0.0174269411764705
2026-02-02,28.35,28.7,27.53,27.53,2031939.0,57227395.0,68000000.0,0.0298814558823529
2026-02-03,27.61,28.25,27.38,28.24,1685237.0,46924557.0,68000000.0,0.0247828970588235
2026-02-04,28.15,28.66,27.39,27.65,1464365.0,41011047.0,68000000.0,0.0215347794117647
2026-02-05,27.98,28.12,27.66,27.77,1546001.0,43168924.0,68000000.0,0.0227353088235294
2026-02-06,27.95,28.8,27.56,28.46,1680898.0,47609476.0,68000000.0,0.0247190882352941
2026-02-09,28.35,29.13,28.07,29.05,1655639.0,47307396.0,68000000.0,0.0243476323529411
2026-02-10,29.05,29.08,28.6,28.77,1137339.0,32732810.0,68000000.0,0.0167255735294117
2026-02-11,29.0,29.33,28.71,29.02,1597468.0,46344719.0,68000000.0,0.0234921764705882
2026-02-12,28.85,28.92,27.98,28.67,1261315.0,35894649.0,68000000.0,0.01854875
2026-02-13,28.8,29.07,28.38,28.4,1095336.0,31455621.0,68000000.0,0.0161078823529411
2026-02-24,28.59,29.58,28.44,29.31,1779367.0,51806957.0,68000000.0,0.0261671617647058
2026-02-25,29.22,29.69,28.71,29.5,1487225.0,43441987.0,68000000.0,0.0218709558823529
2026-02-26,29.5,29.5,28.8,29.29,1588223.0,46234680.0,68000000.0,0.0233562205882352
2026-02-27,29.28,29.29,28.52,28.82,1620618.0,46765024.0,68000000.0,0.0238326176470588
2026-03-02,28.82,29.34,27.3,27.88,2813472.0,79484437.0,68000000.0,0.0413745882352941
2026-03-03,28.07,28.19,27.23,27.28,2493041.0,69114864.0,68000000.0,0.0366623676470588
2026-03-04,27.0,27.03,26.46,26.7,1925031.0,51477790.0,68000000.0,0.0283092794117647
2026-03-05,26.91,27.81,26.91,27.07,1336429.0,36524638.0,68000000.0,0.0196533676470588
2026-03-06,27.1,28.69,26.86,28.5,1569277.0,44065122.0,68000000.0,0.0230776029411764
2026-03-09,28.5,28.5,27.6,28.43,1716193.0,48110052.0,68000000.0,0.0252381323529411
2026-03-10,28.44,29.63,28.44,29.63,1756735.0,51286903.0,68000000.0,0.0258343382352941
2026-03-11,29.63,29.78,29.1,29.24,1141285.0,33503720.0,68000000.0,0.0167836029411764
2026-03-12,29.25,29.25,28.55,28.76,1131027.0,32691648.0,68000000.0,0.01663275
2026-03-13,28.8,29.41,28.33,28.66,1163924.0,33588506.0,68000000.0,0.0171165294117647
2026-03-16,28.08,29.0,28.08,28.72,1436897.0,41168787.0,68000000.0,0.0211308382352941
2026-03-17,28.99,29.08,27.33,27.39,1287129.0,36204542.0,68000000.0,0.0189283676470588
2026-03-18,27.5,28.66,27.37,28.6,1476743.0,41372901.0,68000000.0,0.0217168088235294
2026-03-19,28.25,28.61,27.65,27.75,1102752.0,30959672.0,68000000.0,0.0162169411764705
2026-03-20,27.71,28.09,26.43,26.44,1679125.0,45392022.0,68000000.0,0.0246930147058823
2026-03-23,26.3,26.3,24.38,24.7,2269596.0,57265586.0,68000000.0,0.0333764117647058
2026-03-24,25.16,26.56,24.68,26.55,2095299.0,53452058.0,68000000.0,0.0308132205882352
2026-03-25,26.5,27.18,26.12,26.3,1615200.0,42851182.0,68000000.0,0.0237529411764705
2026-03-26,26.4,26.8,25.72,26.12,1423782.0,37295190.0,68000000.0,0.0209379705882352
2026-03-27,25.85,27.12,25.2,27.08,1400926.0,37222852.0,68000000.0,0.0206018529411764
2026-03-30,26.8,27.1,26.08,26.76,1607525.0,42710636.0,68000000.0,0.0236400735294117
2026-03-31,26.76,27.58,26.22,26.26,1607891.0,43234470.0,68000000.0,0.0236454558823529
2026-04-01,26.8,27.18,26.31,27.14,1723254.0,46213712.0,68000000.0,0.0253419705882352
2026-04-02,27.0,27.35,26.2,26.49,1564492.0,41852706.0,68000000.0,0.0230072352941176
2026-04-03,26.65,26.65,25.2,25.41,1432418.0,36839032.0,68000000.0,0.0210649705882352
2026-04-07,25.41,26.98,25.07,26.91,2199069.0,57850505.0,68000000.0,0.03233925
2026-04-08,27.49,27.83,27.17,27.83,1627492.0,44840712.0,68000000.0,0.0239337058823529
2026-04-09,27.65,27.7,26.54,26.63,1326392.0,35925831.0,68000000.0,0.0195057647058823
2026-04-10,26.91,27.26,26.52,26.85,1220583.0,32858875.0,68000000.0,0.01794975
2026-04-13,27.07,27.07,26.14,26.78,1334309.0,35372574.0,68000000.0,0.0196221911764705
2026-04-14,26.82,27.22,26.08,26.37,1159921.0,30641858.0,68000000.0,0.0170576617647058
2026-04-15,26.47,26.87,26.31,26.4,1203027.0,31961675.0,68000000.0,0.0176915735294117
2026-04-16,26.25,27.14,26.06,27.01,936623.0,24919959.0,68000000.0,0.0137738676470588
2026-04-17,27.01,27.17,26.45,26.93,923727.0,24723559.0,68000000.0,0.0135842205882352
2026-04-20,26.86,27.2,26.59,27.14,874570.0,23552609.0,68000000.0,0.0128613235294117
2026-04-21,27.25,27.81,27.0,27.15,1185503.0,32425743.0,68000000.0,0.0174338676470588
2026-04-22,27.02,27.46,26.81,27.24,958995.0,26047965.0,68000000.0,0.0141028676470588
2026-04-23,27.1,27.12,26.11,26.36,1033959.0,27388341.0,68000000.0,0.0152052794117647
2026-04-24,26.23,27.07,26.13,26.73,1015696.0,26995857.0,68000000.0,0.0149367058823529
2026-04-27,26.94,27.77,26.8,27.56,1433903.0,39079839.0,68000000.0,0.0210868088235294
2026-04-28,27.5,28.0,27.09,27.41,1619177.0,44670045.0,68000000.0,0.0238114264705882
2026-04-29,27.2,28.12,27.01,27.83,1661272.0,45990053.0,68000000.0,0.0244304705882352
2026-04-30,27.77,28.61,27.77,28.4,1181808.0,33560356.0,68000000.0,0.0173795294117647
2026-05-06,28.4,29.2,28.27,28.6,2068550.0,59547804.0,68000000.0,0.0304198529411764
2026-05-07,28.7,29.07,28.61,28.85,1482550.0,42827467.0,68000000.0,0.0218022058823529
2026-05-08,28.7,29.19,28.7,28.89,969871.0,28024458.0,68000000.0,0.0142628088235294
2026-05-11,29.07,29.2,28.6,29.09,1519077.0,43924464.0,68000000.0,0.0223393676470588
2026-05-12,29.14,29.46,28.43,28.6,1545411.0,44601462.0,68000000.0,0.0227266323529411
2026-05-13,28.69,28.77,28.0,28.31,1033530.0,29347435.0,68000000.0,0.0151989705882352
2026-05-14,28.33,28.43,27.7,28.25,1023120.0,28788641.0,68000000.0,0.0150458823529411
2026-05-15,28.21,28.21,27.12,27.62,1145613.0,31892539.0,68000000.0,0.01684725
2026-05-18,28.04,28.43,27.32,28.16,966877.0,26972769.0,68000000.0,0.0142187794117647
2026-05-19,28.16,28.57,27.72,28.46,871038.0,24569462.0,68000000.0,0.0128093823529411
2026-05-20,28.46,28.48,27.76,27.92,890864.0,24952981.0,68000000.0,0.0131009411764705
2026-05-21,27.97,28.65,26.5,26.71,1107276.0,30529432.0,68000000.0,0.0162834705882352
2026-05-22,26.84,27.56,26.22,27.27,948711.0,25494308.0,68000000.0,0.0139516323529411
2026-05-25,27.3,27.97,26.13,26.35,1388027.0,37120809.0,68000000.0,0.0204121617647058
2026-05-26,26.25,26.52,25.54,25.91,1012784.0,26268132.0,68000000.0,0.0148938823529411
2026-05-27,25.91,26.16,24.8,25.26,1303693.0,33105436.0,68000000.0,0.0191719558823529
2026-05-28,25.26,25.59,24.58,25.18,959489.0,24054686.0,68000000.0,0.0141101323529411
2026-05-29,25.14,26.2,24.01,24.23,1669416.0,41080749.0,68000000.0,0.0245502352941176
2026-06-01,24.04,25.07,24.01,24.64,1165494.0,28813516.0,68000000.0,0.0171396176470588
2026-06-02,24.65,24.95,24.06,24.34,992111.0,24239314.0,68000000.0,0.0145898676470588
2026-06-03,24.3,24.32,23.65,23.85,975853.0,23322268.0,68000000.0,0.0143507794117647
2026-06-04,,,,23.2,,,,
2026-06-05,,,,23.55,,,,
2026-06-08,,,,22.66,,,,
2026-06-09,,,,22.64,,,,
2026-06-10,,,,22.76,,,,
2026-06-11,,,,22.13,,,,
2026-06-12,,,,22.27,,,,
2026-06-15,,,,21.91,,,,
2026-06-16,,,,22.08,,,,
2026-06-17,,,,21.43,,,,
2026-06-18,,,,21.59,,,,
2026-06-19,,,,21.59,,,,
2026-06-22,,,,21.58,,,,
2026-06-23,,,,22.13,,,,
2026-06-24,,,,21.22,,,,
2026-06-25,,,,20.76,,,,
2026-06-26,,,,20.21,,,,
2026-06-29,,,,20.48,,,,
2026-06-30,,,,20.15,,,,
2026-07-01,,,,20.88,,,,
2026-07-02,,,,20.8,,,,
2026-07-03,,,,21.5,,,,
2026-07-06,,,,21.5,,,,
2026-07-07,,,,20.26,,,,
2026-07-08,,,,20.1,,,,
2026-07-09,,,,19.96,,,,
2026-07-10,,,,20.45,,,,
2026-07-13,,,,19.87,,,,
2026-07-14,,,,20.54,,,,
2026-07-15,,,,20.77,,,,
2026-07-16,,,,21.18,,,,
2026-07-17,,,,19.66,,,,
2026-07-20,,,,18.94,,,,
2026-07-21,,,,18.87,,,,
2026-07-22,,,,18.15,,,,
2026-07-23,,,,18.88,,,,
2026-07-24,,,,18.31,,,,
2026-07-27,,,,18.94,,,,
2026-07-28,,,,18.79,,,,
2026-07-29,,,,19.36,,,,
2026-07-30,,,,19.48,,,,
2026-07-31,,,,19.82,,,,
2026-08-03,,,,21.15,,,,
2026-08-04,,,,21.45,,,,
2026-08-05,,,,21.55,,,,
2026-08-07,,,,22.2,,,,
2026-08-10,,,,22.67,,,,
2026-08-11,,,,22.45,,,,
2026-08-12,,,,22.6,,,,
2026-08-13,,,,22.34,,,,
2026-08-14,,,,22.77,,,,
2026-08-17,,,,23.06,,,,
2026-08-18,,,,22.83,,,,
2026-08-19,,,,22.13,,,,
2026-08-20,,,,23.14,,,,
2026-08-21,,,,22.88,,,,
2026-08-24,,,,22.55,,,,
2026-08-25,,,,22.55,,,,
2026-08-26,,,,23.01,,,,
2026-08-27,,,,22.92,,,,
2026-08-28,,,,23.34,,,,
2026-08-31,,,,23.9,,,,
2026-09-01,,,,24.4,,,,
2026-09-02,,,,23.99,,,,
2026-09-03,,,,23.36,,,,
2026-09-04,,,,23.47,,,,
2026-09-07,,,,23.31,,,,
2026-09-08,,,,23.65,,,,
2026-09-09,,,,23.19,,,,
2026-09-10,,,,22.73,,,,
2026-09-11,,,,22.02,,,,
2026-09-14,,,,22.52,,,,
2026-09-15,,,,21.81,,,,
2026-09-16,,,,22.36,,,,
2026-09-17,,,,22.54,,,,
2026-09-18,,,,22.66,,,,
2026-09-21,,,,23.3,,,,
2026-09-22,,,,23.7,,,,
2026-09-23,,,,24.02,,,,
2026-09-24,,,,23.95,,,,
2026-09-25,,,,23.95,,,,
2026-09-28,,,,24.04,,,,
2026-09-29,,,,24.53,,,,
2026-09-30,,,,24.52,,,,
2026-10-01,,,,24.52,,,,
2026-10-02,,,,24.52,,,,
2026-10-05,,,,24.52,,,,
2026-10-06,,,,24.52,,,,
2026-10-07,,,,24.52,,,,
2026-10-08,,,,24.2,,,,
2026-10-09,,,,24.07,,,,
