数据日期,当日收盘价,当日涨跌幅,总市值,流通市值,总股本,流通股本,PE(TTM),PE(静),市净率,PEG值,市现率,市销率
2018-01-02,14.52,0.554016620499,5544135358.08,4133854193.04,381827504.0,284700702.0,28.17988217,48.95058265,2.12843094,0.21998682,43.07307828,3.11011769
2018-01-03,14.7,1.239669421488,5612864308.8,4185100319.4,381827504.0,284700702.0,28.52921956,49.55740805,2.15481644,0.22271393,43.60704207,3.14867287
2018-01-04,14.63,-0.47619047619,5586136383.52,4165171270.26,381827504.0,284700702.0,28.39336613,49.32142039,2.14455541,0.22165338,43.39938948,3.13367919
2018-01-05,14.83,1.367053998633,5662501884.32,4222111410.66,381827504.0,284700702.0,28.78151878,49.99567084,2.17387264,0.2246835,43.99268257,3.17651827
2018-01-08,14.67,-1.078894133513,5601409483.68,4176559298.34,381827504.0,284700702.0,28.47099666,49.45627048,2.15041886,0.22225941,43.5180481,3.142247
2018-01-09,14.6,-0.477164280845,5574681558.4,4156630249.2,381827504.0,284700702.0,28.33514323,49.22028283,2.14015783,0.22119886,43.31039552,3.12725332
2018-01-10,14.39,-1.438356164384,5494497782.56,4096843101.78,381827504.0,284700702.0,27.92758295,48.51231985,2.10937474,0.21801724,42.68743778,3.08227228
2018-01-11,14.5,0.764419735928,5536498808.0,4128160179.0,381827504.0,284700702.0,28.14106691,48.8831576,2.12549921,0.2196838,43.01374898,3.10583378
2018-01-12,14.44,-0.413793103448,5513589157.76,4111078136.88,381827504.0,284700702.0,28.02462111,48.68088247,2.11670404,0.21877477,42.83576105,3.09298205
2018-01-15,14.76,2.216066481994,5635773959.04,4202182361.52,381827504.0,284700702.0,28.64566535,49.75968319,2.16361161,0.22362296,43.78502999,3.16152459
2018-01-16,14.98,1.490514905149,5719776009.92,4264816515.96,381827504.0,284700702.0,29.07263326,50.50135868,2.19586057,0.2269561,44.43765239,3.20864759
2018-01-17,15.25,1.802403204272,5822869436.0,4341685705.5,381827504.0,284700702.0,29.59663933,51.41159679,2.23543883,0.23104676,45.23859806,3.26648036
2018-01-18,15.09,-1.049180327869,5761777035.36,4296133593.18,381827504.0,284700702.0,29.28611722,50.87219643,2.21198504,0.22862266,44.76396359,3.23220909
2018-01-19,15.13,0.26507620941,5777050135.52,4307521621.26,381827504.0,284700702.0,29.36374775,51.00704652,2.21784849,0.22922869,44.88262221,3.2407769
2018-01-22,15.12,-0.066093853272,5773231860.48,4304674614.24,381827504.0,284700702.0,29.34434011,50.97333399,2.21638263,0.22907718,44.85295755,3.23863495
2018-01-23,15.18,0.396825396825,5796141510.72,4321756656.36,381827504.0,284700702.0,29.46078591,51.17560913,2.2251778,0.22998622,45.03094548,3.25148668
2018-01-24,15.22,0.263504611331,5811414610.88,4333144684.44,381827504.0,284700702.0,29.53841644,51.31045922,2.23104124,0.23059224,45.1496041,3.26005449
2018-01-25,15.25,0.197109067017,5822869436.0,4341685705.5,381827504.0,284700702.0,29.59663933,51.41159679,2.23543883,0.23104676,45.23859806,3.26648036
2018-01-26,15.03,-1.44262295082,5738867385.12,4279051551.06,381827504.0,284700702.0,29.16967142,50.66992129,2.20318987,0.22771363,44.58597566,3.21935736
2018-01-29,14.73,-1.996007984032,5624319133.92,4193641340.46,381827504.0,284700702.0,28.58744245,49.65854562,2.15921403,0.22316844,43.69603603,3.15509873
2018-01-30,14.95,1.493550577054,5708321184.8,4256275494.9,381827504.0,284700702.0,29.01441036,50.40022111,2.19146298,0.22650158,44.34865843,3.20222173
2018-01-31,13.46,-9.966555183946,5139398203.84,3832071448.92,381827504.0,284700702.0,26.12267314,45.37705526,1.97304962,0.20392717,39.92862491,2.88307053
2018-02-01,12.27,-8.841010401189,4685023474.08,3493277613.54,381827504.0,284700702.0,23.81316489,41.36526509,1.79861209,0.18589795,36.39853103,2.62817796
2018-02-02,12.2,-0.570497147514,4658295548.8,3473348564.4,381827504.0,284700702.0,23.67731147,41.12927743,1.78835106,0.18483741,36.19087845,2.61318428
2018-02-05,12.18,-0.16393442623,4650658998.72,3467654550.36,381827504.0,284700702.0,23.6384962,41.06185238,1.78541934,0.1845344,36.13154914,2.60890038
2018-02-06,11.61,-4.679802955665,4433017321.44,3305375150.22,381827504.0,284700702.0,22.53226116,39.1402386,1.70186523,0.17589855,34.44066384,2.48680898
2018-02-07,11.42,-1.636520241171,4360470095.68,3251282016.84,381827504.0,284700702.0,22.16351614,38.49970068,1.67401386,0.17301993,33.8770354,2.44611185
2018-02-08,11.61,1.663747810858,4433017321.44,3305375150.22,381827504.0,284700702.0,22.53226116,39.1402386,1.70186523,0.17589855,34.44066384,2.48680898
2018-02-09,11.11,-4.306632213609,4242103569.44,3163024799.22,381827504.0,284700702.0,21.56187954,37.45461248,1.62857216,0.16832325,32.95743111,2.37971126
2018-02-12,11.23,1.080108010801,4287922869.92,3197188883.46,381827504.0,284700702.0,21.79477113,37.85916275,1.64616249,0.17014132,33.31340697,2.40541471
2018-02-13,11.3,0.623330365093,4314650795.2,3217117932.6,381827504.0,284700702.0,21.93062456,38.09515041,1.65642353,0.17120186,33.52105955,2.42040839
2018-02-14,11.16,-1.238938053097,4261194944.64,3177259834.32,381827504.0,284700702.0,21.6589177,37.62317509,1.63590146,0.16908078,33.10575438,2.39042103
2018-02-22,11.33,1.523297491039,4326105620.32,3225658953.66,381827504.0,284700702.0,21.98884745,38.19628797,1.66082111,0.17165638,33.61005351,2.42683426
2018-02-23,11.42,0.794351279788,4360470095.68,3251282016.84,381827504.0,284700702.0,22.16351614,38.49970068,1.67401386,0.17301993,33.8770354,2.44611185
2018-02-26,11.77,3.064798598949,4494109722.08,3350927262.54,381827504.0,284700702.0,22.84278328,39.67963896,1.72531902,0.17832265,34.91529831,2.52108025
2018-02-27,11.98,1.7841971113,4574293497.92,3410714409.96,381827504.0,284700702.0,23.25034356,40.38760193,1.75610211,0.18150427,35.53825605,2.56606129
2018-02-28,11.87,-0.918196994992,4532292472.48,3379397332.74,381827504.0,284700702.0,39.85069961,40.01676419,1.73997763,0.17983771,35.21194485,2.51782519
2018-03-01,12.02,1.263689974726,4589566598.08,3422102438.04,381827504.0,284700702.0,40.3542889,40.52245202,1.76196556,0.1821103,35.65691467,2.5496427
2018-03-02,11.88,-1.164725457571,4536110747.52,3382244339.76,381827504.0,284700702.0,39.88427223,40.05047671,1.74144349,0.17998921,35.24160951,2.51994636
2018-03-05,12.06,1.515151515152,4604839698.24,3433490466.12,381827504.0,284700702.0,40.48857938,40.65730211,1.767829,0.18271632,35.77557329,2.55812736
2018-03-06,12.08,0.16583747927,4612476248.32,3439184480.16,381827504.0,284700702.0,40.55572462,40.72472716,1.77076072,0.18301933,35.8349026,2.5623697
2018-03-07,12.01,-0.579470198675,4585748323.04,3419255431.02,381827504.0,284700702.0,40.32071628,40.4887395,1.76049969,0.18195879,35.62725001,2.54752153
2018-03-08,12.02,0.083263946711,4589566598.08,3422102438.04,381827504.0,284700702.0,40.3542889,40.52245202,1.76196556,0.1821103,35.65691467,2.5496427
2018-03-09,12.81,6.57237936772,4891210326.24,3647015992.62,381827504.0,284700702.0,43.00652586,43.1857413,1.87776862,0.19407928,38.00042237,2.71721489
2018-03-12,13.0,1.483216237315,4963757552.0,3701109126.0,381827504.0,284700702.0,43.64440563,43.82627923,1.90561998,0.19695789,38.56405081,2.75751706
2018-03-13,12.93,-0.538461538462,4937029626.72,3681180076.86,381827504.0,284700702.0,43.4093973,43.59029157,1.89535895,0.19589735,38.35639822,2.74266889
2018-03-14,12.84,-0.696055684455,4902665151.36,3655557013.68,381827504.0,284700702.0,43.10724372,43.28687887,1.8821662,0.1945338,38.08941633,2.72357839
2018-03-15,12.75,-0.700934579439,4868300676.0,3629933950.5,381827504.0,284700702.0,42.80509014,42.98346617,1.86897345,0.19317024,37.82243444,2.70448788
2018-03-16,12.65,-0.78431372549,4830117925.6,3601463880.3,381827504.0,284700702.0,42.46936394,42.64634094,1.85431483,0.19165518,37.5257879,2.68327621
2018-03-19,12.68,0.237154150198,4841572750.72,3610004901.36,381827504.0,284700702.0,42.5700818,42.74747851,1.85871242,0.1921097,37.61478186,2.68963972
2018-03-20,12.56,-0.946372239748,4795753450.24,3575840817.12,381827504.0,284700702.0,42.16721037,42.34292824,1.84112208,0.19029163,37.25880601,2.66418571
2018-03-21,12.53,-0.238853503185,4784298625.12,3567299796.06,381827504.0,284700702.0,42.06649251,42.24179067,1.83672449,0.18983711,37.16981205,2.65782221
2018-03-22,12.26,-2.154828411812,4681205199.04,3490430606.52,381827504.0,284700702.0,41.16003177,41.33155256,1.79714623,0.18574644,36.36886638,2.6005507
2018-03-23,11.38,-7.177814029364,4345196995.52,3239893988.76,381827504.0,284700702.0,38.20564124,38.36485059,1.66815042,0.17241391,33.75837678,2.41388801
2018-03-26,11.72,2.98769771529,4475018346.88,3336692227.44,381827504.0,284700702.0,39.34711031,39.51107635,1.71798971,0.17756512,34.76697503,2.48600769
2018-03-27,12.45,6.22866894198,4753752424.8,3544523739.9,381827504.0,284700702.0,41.79791155,41.97209049,1.8249976,0.18862506,36.93249481,2.64085287
2018-03-28,12.27,-1.44578313253,4685023474.08,3493277613.54,381827504.0,284700702.0,41.19360439,41.36526509,1.79861209,0.18589795,36.39853103,2.60267187
2018-03-29,12.14,-1.059494702526,4635385898.56,3456266522.28,381827504.0,284700702.0,40.75716034,40.92700229,1.77955589,0.18392837,36.01289052,2.5750967
2018-03-30,12.54,3.29489291598,4788116900.16,3570146803.08,381827504.0,284700702.0,42.10006513,42.27550319,1.83819035,0.18998861,37.1994767,2.65994338
2018-04-02,12.55,0.079744816587,4791935175.2,3572993810.1,381827504.0,284700702.0,42.13363775,42.30921572,1.80383198,0.19014012,37.22914135,2.66206454
2018-04-03,12.24,-2.470119521912,4673568648.96,3484736592.48,381827504.0,284700702.0,41.09288654,41.26412752,1.75927517,0.18544343,36.30953707,2.59630837
2018-04-04,12.34,0.816993464052,4711751399.36,3513206662.68,381827504.0,284700702.0,41.42861273,41.60125274,1.77364833,0.18695849,36.60618361,2.61752004
2018-04-09,12.55,1.701782820097,4791935175.2,3572993810.1,381827504.0,284700702.0,42.13363775,42.30921572,1.80383198,0.19014012,37.22914135,2.66206454
2018-04-10,12.42,-1.035856573705,4742297599.68,3535982718.84,381827504.0,284700702.0,41.69719369,41.87095292,1.78514686,0.18817054,36.84350085,2.63448937
2018-04-11,12.57,1.207729468599,4799571725.28,3578687824.14,381827504.0,284700702.0,42.20078299,42.37664076,1.80670661,0.19044313,37.28847066,2.66630688
2018-04-12,12.65,0.636435958632,4830117925.6,3601463880.3,381827504.0,284700702.0,42.46936394,42.64634094,1.81820514,0.19165518,37.5257879,2.68327621
2018-04-13,12.51,-1.106719367589,4776662075.04,3561605782.02,381827504.0,284700702.0,41.99934727,42.17436563,1.79808271,0.1895341,37.11048274,2.65357988
2018-04-16,12.05,-3.677058353317,4601021423.2,3430643459.1,381827504.0,284700702.0,40.45500676,40.62358959,1.73196616,0.18256482,35.74590863,2.5560062
2018-04-17,11.87,-1.49377593361,4532292472.48,3379397332.74,381827504.0,284700702.0,39.85069961,40.01676419,1.70609447,0.17983771,35.21194485,2.51782519
2018-04-18,11.94,0.589721988206,4559020397.76,3399326381.88,381827504.0,284700702.0,40.08570794,40.25275185,1.71615568,0.18089825,35.41959743,2.53267336
2018-04-19,12.16,1.842546063652,4643022448.64,3461960536.32,381827504.0,284700702.0,40.82430558,40.99442734,1.74777664,0.18423138,36.07221983,2.57933903
2018-04-20,11.73,-3.536184210526,4478836621.92,3339539234.46,381827504.0,284700702.0,39.38068293,39.54478887,1.68597204,0.17771662,34.79663969,2.48812885
2018-04-23,11.4,-2.813299232737,4352833545.6,3245588002.8,381827504.0,284700702.0,38.27278648,38.43227563,1.6385406,0.17271692,33.81770609,2.41813034
2018-04-24,11.76,3.157894736842,4490291447.04,3348080255.52,381827504.0,284700702.0,39.64592644,39.64592644,1.69028399,0.17817114,156.50604713,2.4889013
2018-04-25,11.65,-0.93537414966,4448290421.6,3316763178.3,381827504.0,284700702.0,39.27508869,39.27508869,1.67447351,0.17650457,155.04213002,2.46562076
2018-04-26,11.11,-4.635193133047,4242103569.44,3163024799.22,381827504.0,284700702.0,37.45461248,37.45461248,1.59685843,0.16832325,147.85562785,2.35133448
2018-04-27,11.29,1.620162016202,4310832520.16,3214270925.58,381827504.0,284700702.0,38.06143788,38.06143788,1.62273012,0.17105035,150.25112858,2.38942991
2018-05-02,11.47,1.594331266608,4379561470.88,3265517051.94,381827504.0,284700702.0,35.54212168,38.66826329,1.64860181,0.17377746,44.55656479,2.36024445
2018-05-03,11.98,4.446381865737,4574293497.92,3410714409.96,381827504.0,284700702.0,37.12246013,40.38760193,1.72190495,0.18150427,46.5377198,2.46518993
2018-05-04,12.19,1.752921535893,4654477273.76,3470501557.38,381827504.0,284700702.0,37.77318773,41.09556491,1.75208859,0.1846859,47.35348952,2.50840278
2018-05-07,12.39,1.640689089418,4730842774.56,3527441697.78,381827504.0,284700702.0,38.3929283,41.76981536,1.78083492,0.18771602,48.13041305,2.54955787
2018-05-08,12.3,-0.726392251816,4696478299.2,3501818634.6,381827504.0,284700702.0,38.11404504,41.46640265,1.76789907,0.18635247,47.78079746,2.53103808
2018-05-09,12.48,1.463414634146,4765207249.92,3553064760.96,381827504.0,284700702.0,38.67181156,42.07322806,1.79377076,0.18907958,48.48002864,2.56807766
2018-05-10,12.47,-0.080128205128,4761388974.88,3550217753.94,381827504.0,284700702.0,38.64082453,42.03951554,1.79233345,0.18892807,48.44118247,2.5660199
2018-05-11,12.26,-1.68404170008,4681205199.04,3490430606.52,381827504.0,284700702.0,37.99009693,41.33155256,1.7621498,0.18574644,47.62541275,2.52280706
2018-05-14,12.16,-0.815660685155,4643022448.64,3461960536.32,381827504.0,284700702.0,37.68022664,40.99442734,1.74777664,0.18423138,47.23695099,2.50222951
2018-05-15,12.52,2.960526315789,4780480350.08,3564452789.04,381827504.0,284700702.0,38.79575967,42.20807815,1.79952003,0.1896856,48.63541335,2.57630867
2018-05-16,12.39,-1.038338658147,4730842774.56,3527441697.78,381827504.0,284700702.0,38.3929283,41.76981536,1.78083492,0.18771602,48.13041305,2.54955787
2018-05-17,12.62,1.856335754641,4818663100.48,3592922859.24,381827504.0,284700702.0,39.10562995,42.54520337,1.81389319,0.19120066,49.02387512,2.59688622
2018-05-18,12.64,0.158478605388,4826299650.56,3598616873.28,381827504.0,284700702.0,39.16760401,42.61262842,1.81676782,0.19150367,49.10156747,2.60100173
2018-05-21,12.88,1.898734177215,4917938251.52,3666945041.76,381827504.0,284700702.0,39.9112927,43.42172896,1.85126341,0.19513982,50.03387571,2.65038784
2018-05-22,12.83,-0.388198757764,4898846876.32,3652710006.66,381827504.0,284700702.0,39.75635755,43.25316635,1.84407683,0.19438229,49.83964483,2.64009907
2018-05-23,13.11,2.182385035074,5005758577.44,3732426203.22,381827504.0,284700702.0,40.62399435,44.19711698,1.88432169,0.19862446,50.92733778,2.69771619
2018-05-24,13.44,2.517162471396,5131761653.76,3826377434.88,381827504.0,284700702.0,41.64656629,45.30963022,1.93175313,0.20362416,52.20926162,2.76562209
2018-05-25,13.29,-1.116071428571,5074487528.16,3783672329.58,381827504.0,284700702.0,41.18176086,44.80394238,1.91019338,0.20135157,51.62656896,2.73475577
2018-05-28,13.07,-1.655379984951,4990485477.28,3721038175.14,381827504.0,284700702.0,40.50004624,44.06226689,1.87857242,0.19801844,50.77195307,2.68948517
2018-05-29,12.8,-2.065799540933,4887392051.2,3644168985.6,381827504.0,284700702.0,39.66339647,43.15202878,1.83976488,0.19392777,49.7231063,2.6339258
2018-05-30,12.23,-4.453125,4669750373.92,3481889585.46,381827504.0,284700702.0,37.89713584,41.230415,1.75783785,0.18529193,47.50887422,2.51663379
2018-05-31,12.39,1.30825838103,4730842774.56,3527441697.78,381827504.0,284700702.0,38.3929283,41.76981536,1.78083492,0.18771602,48.13041305,2.54955787
2018-06-01,12.39,0.0,4730842774.56,3527441697.78,381827504.0,284700702.0,38.3929283,41.76981536,1.78083492,0.18771602,48.13041305,2.54955787
2018-06-04,12.06,-2.663438256659,4604839698.24,3433490466.12,381827504.0,284700702.0,37.37035636,40.65730211,1.73340348,0.18271632,46.84848922,2.48165197
2018-06-05,12.38,2.653399668325,4727024499.52,3524594690.76,381827504.0,284700702.0,38.36194127,41.73610283,1.7793976,0.18756452,48.09156687,2.54750011
2018-06-06,12.28,-0.807754442649,4688841749.12,3496124620.56,381827504.0,284700702.0,38.05207099,41.39897761,1.76502444,0.18604946,47.70310511,2.52692257
2018-06-07,13.09,6.596091205212,4998122027.36,3726732189.18,381827504.0,284700702.0,40.56202029,44.12969193,1.88144706,0.19832145,50.84964543,2.69360068
2018-06-08,12.88,-1.604278074866,4917938251.52,3666945041.76,381827504.0,284700702.0,39.9112927,43.42172896,1.85126341,0.19513982,50.03387571,2.65038784
2018-06-11,12.71,-1.319875776398,4853027575.84,3618545922.42,381827504.0,284700702.0,39.38451321,42.84861608,1.82682904,0.19256422,49.37349071,2.61540601
2018-06-12,12.77,0.472069236821,4875937226.08,3635627964.54,381827504.0,284700702.0,39.57043538,43.05089121,1.83545294,0.19347325,49.60656777,2.62775254
2018-06-13,12.56,-1.644479248238,4795753450.24,3575840817.12,381827504.0,284700702.0,38.91970778,42.34292824,1.80526929,0.19029163,48.79079806,2.58453969
2018-06-14,12.53,-0.238853503185,4784298625.12,3567299796.06,381827504.0,284700702.0,38.8267467,42.24179067,1.80095734,0.18983711,48.67425953,2.57836643
2018-06-15,12.2,-2.633679169992,4658295548.8,3473348564.4,381827504.0,284700702.0,37.80417476,41.12927743,1.75352591,0.18483741,47.39233569,2.51046053
2018-06-19,10.98,-10.0,4192465993.92,3126013707.96,381827504.0,284700702.0,34.02375728,37.01634969,1.57817331,0.16635367,42.65310212,2.25941448
2018-06-20,10.65,-3.005464480874,4066462917.6,3032062476.3,381827504.0,284700702.0,33.00118534,35.90383644,1.53074188,0.16135397,41.37117829,2.19150858
2018-06-21,10.06,-5.539906103286,3841184690.24,2864089062.12,381827504.0,284700702.0,31.17295066,33.91479762,1.44594021,0.15241511,39.07925386,2.07010106
2018-06-22,10.24,1.789264413519,3909913640.96,2915335188.48,381827504.0,284700702.0,31.73071717,34.52162302,1.47181191,0.15514222,39.77848504,2.10714064
2018-06-25,10.11,-1.26953125,3860276065.44,2878324097.22,381827504.0,284700702.0,31.3278858,34.08336023,1.4531268,0.15317264,39.27348474,2.08038983
2018-06-26,10.31,1.978239366963,3936641566.24,2935264237.62,381827504.0,284700702.0,31.94762637,34.75761068,1.48187312,0.15620276,40.05040828,2.12154492
2018-06-27,10.25,-0.581959262852,3913731916.0,2918182195.5,381827504.0,284700702.0,31.7617042,34.55533555,1.47324922,0.15529372,39.81733122,2.1091984
2018-06-28,10.01,-1.184600197433,3822093315.04,2849854027.02,381827504.0,284700702.0,31.01801552,33.74623501,1.43875363,0.15165758,38.88502297,2.05981229
2018-06-29,10.36,3.496503496503,3955732941.44,2949499272.72,381827504.0,284700702.0,32.10256152,34.92617329,1.4890597,0.15696029,40.24463916,2.1318337
2018-07-02,10.15,-2.027027027027,3875549165.6,2889706796.55,381827504.0,284700177.0,31.45183392,34.21821032,1.44358687,0.15377866,39.42886945,2.08862085
2018-07-03,10.63,4.729064039409,4058826367.52,3026362881.51,381827504.0,284700177.0,32.93921129,35.8364114,1.51185502,0.16105095,41.29348594,2.18739307
2018-07-04,10.55,-0.752587017874,4028280167.2,3003586867.35,381827504.0,284700177.0,32.69131506,35.56671122,1.500477,0.15983891,40.98271652,2.17093103
2018-07-05,10.27,-2.654028436019,3921368466.08,2923870817.79,381827504.0,284700177.0,31.82367826,34.62276059,1.46065391,0.15559674,39.89502357,2.1133139
2018-07-06,10.37,0.973709834469,3959551216.48,2952340835.49,381827504.0,284700177.0,32.13354854,34.95988582,1.47487644,0.1571118,40.28348534,2.13389145
2018-07-09,10.55,1.735776277724,4028280167.2,3003586867.35,381827504.0,284700177.0,32.69131506,35.56671122,1.500477,0.15983891,40.98271652,2.17093103
2018-07-10,10.52,-0.284360189573,4016825342.08,2995045862.04,381827504.0,284700177.0,32.59835397,35.46557365,1.49621024,0.15938439,40.86617799,2.16475777
2018-07-11,10.47,-0.475285171103,3997733966.88,2980810853.19,381827504.0,284700177.0,32.44341883,35.29701104,1.48909897,0.15862686,40.67194711,2.154469
2018-07-12,10.75,2.674307545368,4104645668.0,3060526902.75,381827504.0,284700177.0,33.31105563,36.24096167,1.52892206,0.16286903,41.75964006,2.21208612
2018-07-13,10.71,-0.372093023256,4089372567.84,3049138895.67,381827504.0,284700177.0,33.18710751,36.10611158,1.52323305,0.162263,41.60425535,2.2038551
2018-07-16,10.83,1.120448179272,4135191868.32,3543953934.51,381827504.0,327234897.0,33.55895186,36.51066185,1.54030008,0.16408108,42.07040947,2.22854816
2018-07-17,11.16,3.047091412742,4261194944.64,3651941450.52,381827504.0,327234897.0,34.5815238,37.62317509,1.58723443,0.16908078,43.35233331,2.29645406
2018-07-18,10.9,-2.329749103943,4161919793.6,3566860377.3,381827504.0,327234897.0,33.77586105,36.74664951,1.55025585,0.16514162,42.34233271,2.24295244
2018-07-19,10.86,-0.366972477064,4146646693.44,3553770981.42,381827504.0,327234897.0,33.65191294,36.61179942,1.54456684,0.16453559,42.186948,2.23472142
2018-07-20,10.98,1.104972375691,4192465993.92,3593039169.06,381827504.0,327234897.0,34.02375728,37.01634969,1.56163388,0.16635367,42.65310212,2.25941448
2018-07-23,11.18,1.821493624772,4268831494.72,3658486148.46,381827504.0,327234897.0,34.64349785,37.69060014,1.59007894,0.16938379,43.43002566,2.30056957
2018-07-24,11.22,0.357781753131,4284104594.88,3671575544.34,381827504.0,327234897.0,34.76744597,37.82545023,1.59576795,0.16998981,43.58541037,2.30880059
2018-07-25,11.38,1.426024955437,4345196995.52,3723933127.86,381827504.0,327234897.0,35.26323842,38.36485059,1.618524,0.17241391,44.2069492,2.34172466
2018-07-26,11.3,-0.702987697715,4314650795.2,3697754336.1,381827504.0,327234897.0,35.01534219,38.09515041,1.60714598,0.17120186,43.89617978,2.32526262
2018-07-27,11.39,0.796460176991,4349015270.56,3727205476.83,381827504.0,327234897.0,35.29422545,38.39856311,1.61994626,0.17256542,44.24579537,2.34378241
2018-07-30,11.38,-0.087796312555,4345196995.52,3723933127.86,381827504.0,327234897.0,35.26323842,38.36485059,1.618524,0.17241391,44.2069492,2.34172466
2018-07-31,11.27,-0.966608084359,4303195970.08,3687937289.19,381827504.0,327234897.0,33.0076613,37.99401284,1.60287922,0.17074734,43.77964125,2.1285784
2018-08-01,11.0,-2.395740905058,4200102544.0,3599583867.0,381827504.0,327234897.0,32.21688326,37.08377473,1.56447839,0.16665668,42.73079448,2.07758318
2018-08-02,10.69,-2.818181818182,4081736017.76,3498141048.93,381827504.0,327234897.0,31.30895291,36.03868653,1.52038854,0.16195999,41.526563,2.01903311
2018-08-03,11.12,4.022450888681,4245921844.48,3638852054.64,381827504.0,327234897.0,32.56834017,37.488325,1.58154542,0.16847475,43.1969486,2.10024772
2018-08-06,10.78,-3.057553956835,4116100493.12,3527592189.66,381827504.0,327234897.0,31.57254559,36.34209924,1.53318882,0.16332355,41.87617859,2.03603152
2018-08-07,11.03,2.319109461967,4211557369.12,3609400913.91,381827504.0,327234897.0,32.30474749,37.1849123,1.56874514,0.1671112,42.84733301,2.08324932
2018-08-08,10.65,-3.445149592022,4066462917.6,3485051653.05,381827504.0,327234897.0,31.19180061,35.90383644,1.51469953,0.16135397,41.37117829,2.01147826
2018-08-09,10.91,2.441314553991,4165738068.64,3570132726.27,381827504.0,327234897.0,31.95329058,36.78036203,1.55167811,0.16529312,42.38117889,2.06058477
2018-08-10,10.83,-0.733272227314,4135191868.32,3543953934.51,381827504.0,327234897.0,31.71898597,36.51066185,1.54030008,0.16408108,42.07040947,2.04547508
2018-08-13,10.87,0.369344413666,4150464968.48,3557043330.39,381827504.0,327234897.0,31.83613828,36.64551194,1.5459891,0.1646871,42.22579418,2.05302992
2018-08-14,10.92,0.459981600736,4169556343.68,3573405075.24,381827504.0,327234897.0,31.98257865,36.81407455,1.55310036,0.16544463,42.42002506,2.06247348
2018-08-15,10.62,-2.747252747253,4055008092.48,3475234606.14,381827504.0,327234897.0,31.10393638,35.80269888,1.51043277,0.16089945,41.25463976,2.00581212
2018-08-16,10.28,-3.201506591337,3925186741.12,3363974741.16,381827504.0,327234897.0,30.10814181,34.65647311,1.46207616,0.15574824,39.93386975,1.94159592
2018-08-17,10.17,-1.070038910506,3883185715.68,3327978902.49,381827504.0,327234897.0,29.78597298,34.28563537,1.44643138,0.15408167,39.5065618,1.92082009
2018-08-20,10.32,1.474926253687,3940459841.28,3377064137.04,381827504.0,327234897.0,30.22529411,34.7913232,1.46776518,0.15635427,40.08925445,1.94915077
2018-08-21,10.38,0.581395348837,3963369491.52,3396698230.86,381827504.0,327234897.0,30.40102257,34.99359834,1.47629869,0.1572633,40.32233152,1.96048304
2018-08-22,10.34,-0.385356454721,3948096391.36,3383608834.98,381827504.0,327234897.0,30.28387026,34.85874825,1.47060968,0.15665728,40.16694681,1.95292819
2018-08-23,10.49,1.450676982592,4005370516.96,3432694069.53,381827504.0,327234897.0,30.72070091,35.36443608,1.49194348,0.15892987,19.24647299,1.98125887
2018-08-24,10.29,-1.906577693041,3929005016.16,3367247090.13,381827504.0,327234897.0,30.13498688,34.69018564,1.46349842,0.15589975,18.87952403,1.94348463
2018-08-27,10.52,2.2351797862,4016825342.08,3442511116.44,381827504.0,327234897.0,30.80855801,35.46557365,1.49621024,0.15938439,19.30151534,1.98692501
2018-08-28,10.56,0.380228136882,4032098442.24,3455600512.32,381827504.0,327234897.0,30.92570082,35.60042374,1.50189925,0.15999041,19.37490513,1.99447985
2018-08-29,10.58,0.189393939394,4039734992.32,3462145210.26,381827504.0,327234897.0,30.98427222,35.66784879,1.50474376,0.16029342,19.41160002,1.99825728
2018-08-30,10.4,-1.701323251418,3971006041.6,3403242928.8,381827504.0,327234897.0,30.45712959,35.06102338,1.4791432,0.15756631,19.08134596,1.96426046
2018-08-31,10.19,-2.019230769231,3890822265.76,3334523600.43,381827504.0,327234897.0,29.84212986,34.35306041,1.44927589,0.15438469,18.69604955,1.92459751
2018-09-03,10.45,2.551521099117,3990097416.8,3419604673.65,381827504.0,327234897.0,30.6035581,35.229586,1.48625447,0.15832384,19.1730832,1.97370402
2018-09-04,10.75,2.870813397129,4104645668.0,3517775142.75,381827504.0,327234897.0,31.48212915,36.24096167,1.52892206,0.16286903,19.72350664,2.03036538
2018-09-05,10.46,-2.697674418605,3993915691.84,3422877022.62,381827504.0,327234897.0,30.6328438,35.26329852,1.48767672,0.15847535,19.19143065,1.97559273
2018-09-06,10.47,0.095602294455,3997733966.88,3426149371.59,381827504.0,327234897.0,30.6621295,35.29701104,1.48909897,0.15862686,19.2097781,1.97748145
2018-09-07,10.42,-0.477554918816,3978642591.68,3409787626.74,381827504.0,327234897.0,30.515701,35.12844843,1.48198771,0.15786933,19.11804086,1.96803789
2018-09-10,10.24,-1.727447216891,3909913640.96,3350885345.28,381827504.0,327234897.0,29.98855837,34.52162302,1.45638715,0.15514222,18.78778679,1.93404107
2018-09-11,10.51,2.63671875,4013007067.04,3439238767.47,381827504.0,327234897.0,30.77927231,35.43186113,1.49478798,0.15923288,19.28316789,1.98503629
2018-09-12,10.59,0.761179828735,4043553267.36,3465417559.23,381827504.0,327234897.0,31.01355792,35.70156131,1.50616601,0.16044493,19.42994747,2.00014599
2018-09-13,10.81,2.077431539188,4127555318.24,3537409236.57,381827504.0,327234897.0,31.65784336,36.4432368,1.53745558,0.16377806,19.83359133,2.04169765
2018-09-14,10.76,-0.462534690102,4108463943.04,3521047491.72,381827504.0,327234897.0,31.51141485,36.27467419,1.53034431,0.16302053,19.74185409,2.03225409
2018-09-17,10.62,-1.301115241636,4055008092.48,3475234606.14,381827504.0,327234897.0,31.10141503,35.80269888,1.51043277,0.16089945,19.48498982,2.00581212
2018-09-18,10.8,1.694915254237,4123737043.2,3534136887.6,381827504.0,327234897.0,31.62855765,36.40952428,1.53603332,0.16362656,19.81524388,2.03980894
2018-09-19,10.9,0.925925925926,4161919793.6,3566860377.3,381827504.0,327234897.0,31.92141467,36.74664951,1.55025585,0.16514162,19.99871836,2.05869606
2018-09-20,10.8,-0.917431192661,4123737043.2,3534136887.6,381827504.0,327234897.0,31.62855765,36.40952428,1.53603332,0.16362656,19.81524388,2.03980894
2018-09-21,10.92,1.111111111111,4169556343.68,3573405075.24,381827504.0,327234897.0,31.97998607,36.81407455,1.55310036,0.16544463,20.03541326,2.06247348
2018-09-25,10.85,-0.641025641026,4142828418.4,3550498632.45,381827504.0,327234897.0,31.77498616,36.57808689,1.54314459,0.16438409,19.90698112,2.0492525
2018-09-26,10.84,-0.092165898618,4139010143.36,3547226283.48,381827504.0,327234897.0,31.74570046,36.54437437,1.54172234,0.16423258,19.88863367,2.04736379
2018-09-27,10.48,-3.321033210332,4001552241.92,3429421720.56,381827504.0,327234897.0,30.6914152,35.33072356,1.49052123,0.15877836,19.22812554,1.97937016
2018-09-28,10.57,0.858778625954,4035916717.28,3458872861.29,381827504.0,327234897.0,30.95498652,35.63413626,1.5033215,0.16014192,19.39325258,1.99636856
2018-10-08,10.2,-3.500473036897,3894640540.8,3337795949.4,381827504.0,327234897.0,29.87141556,34.38677293,1.42635989,0.15453619,18.714397,1.92648622
2018-10-09,10.22,0.196078431373,3902277090.88,3344340647.34,381827504.0,327234897.0,29.92998696,34.45419798,1.42915668,0.15483921,18.7510919,1.93026365
2018-10-10,10.1,-1.174168297456,3856457790.4,3305072459.7,381827504.0,327234897.0,29.57855855,34.04964771,1.41237597,0.15302113,18.53092252,1.9075991
2018-10-11,9.2,-8.910891089109,3512813036.8,3010561052.4,381827504.0,327234897.0,26.94284541,31.01552068,1.28652069,0.13938559,16.8796522,1.73761502
2018-10-12,9.19,-0.108695652174,3508994761.76,3007288703.43,381827504.0,327234897.0,26.91355971,30.98180816,1.28512229,0.13923408,16.86130475,1.73572631
2018-10-15,9.06,-1.414581066376,3459357186.24,2964748166.82,381827504.0,327234897.0,26.53284559,30.54354537,1.2669432,0.1372645,16.62278792,1.71117306
2018-10-16,8.98,-0.883002207506,3428810985.92,2938569375.06,381827504.0,327234897.0,26.29855998,30.27384519,1.25575606,0.13605245,16.47600834,1.69606336
2018-10-17,9.15,1.893095768374,3493721661.6,2994199307.55,381827504.0,327234897.0,26.7964169,30.84695807,1.27952873,0.13862806,16.78791496,1.72817146
2018-10-18,8.94,-2.295081967213,3413537885.76,2925479979.18,381827504.0,327234897.0,26.18141717,30.1389951,1.25016249,0.13544643,16.40261855,1.68850851
2018-10-19,9.07,1.454138702461,3463175461.28,2968020515.79,381827504.0,327234897.0,26.56213129,30.57725789,1.26834159,0.13741601,16.64113537,1.71306177
2018-10-22,9.42,3.858875413451,3596815087.68,3082552729.74,381827504.0,327234897.0,27.58713084,31.75719618,1.31728531,0.14271872,17.28329605,1.77916669
2018-10-23,9.26,-1.698513800425,3535722687.04,3030195146.22,381827504.0,327234897.0,27.11855962,31.21779582,1.29491104,0.14029462,16.98973688,1.7489473
2018-10-24,9.25,-0.107991360691,3531904412.0,3026922797.25,381827504.0,327234897.0,27.08927392,31.1840833,1.29351265,0.14014312,16.97138944,1.74705858
2018-10-25,9.19,-0.648648648649,3508994761.76,3007288703.43,381827504.0,327234897.0,26.91355971,30.98180816,1.28512229,0.13923408,16.86130475,1.73572631
2018-10-26,9.26,0.76169749728,3535722687.04,3030195146.22,381827504.0,327234897.0,27.11855962,31.21779582,1.29491104,0.14029462,16.98973688,1.7489473
2018-10-29,9.35,0.97192224622,3570087162.4,3059646286.95,381827504.0,327234897.0,27.38213093,31.52120852,1.30749657,0.14165818,17.15486392,1.7659457
2018-10-30,9.6,2.673796791444,3665544038.4,3141455011.2,381827504.0,327234897.0,27.65663142,32.36402158,1.34245637,0.14544583,-32.62984131,1.77617168
2018-10-31,9.66,0.625,3688453688.64,3161089105.02,381827504.0,327234897.0,27.82948537,32.56629672,1.35084672,0.14635487,-32.83377781,1.78727276
2018-11-01,9.61,-0.517598343685,3669362313.44,3144727360.17,381827504.0,327234897.0,27.68544041,32.39773411,1.34385476,0.14559733,-32.66383072,1.77802186
2018-11-02,9.8,1.977107180021,3741909539.2,3206901990.6,381827504.0,327234897.0,28.23281124,33.03827203,1.37042421,0.14847595,-33.30962967,1.81317526
2018-11-05,9.8,0.0,3741909539.2,3206901990.6,381827504.0,327234897.0,28.23281124,33.03827203,1.37042421,0.14847595,-33.30962967,1.81317526
2018-11-06,9.78,-0.204081632653,3734272989.12,3200357292.66,381827504.0,327234897.0,28.17519326,32.97084699,1.36762743,0.14817294,-33.24165083,1.8094749
2018-11-07,9.7,-0.81799591002,3703726788.8,3174178500.9,381827504.0,327234897.0,27.94472133,32.70114681,1.35644029,0.14696089,-32.96973549,1.79467347
2018-11-08,9.89,1.958762886598,3776274014.56,3236353131.33,381827504.0,327234897.0,28.49209216,33.34168474,1.38300974,0.1498395,-33.61553443,1.82982687
2018-11-09,9.88,-0.10111223458,3772455739.52,3233080782.36,381827504.0,327234897.0,28.46328317,33.30797221,1.38161135,0.149688,-33.58154501,1.82797669
2018-11-12,10.13,2.53036437247,3867912615.52,3314889506.61,381827504.0,327234897.0,29.18350795,34.15078528,1.41657115,0.15347565,-34.43128046,1.87423116
2018-11-13,10.22,0.888450148075,3902277090.88,3344340647.34,381827504.0,327234897.0,29.44278887,34.45419798,1.42915668,0.15483921,-34.73718522,1.89088277
2018-11-14,10.13,-0.880626223092,3867912615.52,3314889506.61,381827504.0,327234897.0,29.18350795,34.15078528,1.41657115,0.15347565,-34.43128046,1.87423116
2018-11-15,10.43,2.961500493583,3982460866.72,3413059975.71,381827504.0,327234897.0,30.04777768,35.16216095,1.45852291,0.15802083,-35.450963,1.92973653
2018-11-16,10.57,1.342281879195,4035916717.28,3458872861.29,381827504.0,327234897.0,30.45110355,35.63413626,1.4781004,0.16014192,-35.92681486,1.95563903
2018-11-19,10.5,-0.662251655629,4009188792.0,3435966418.5,381827504.0,327234897.0,30.24944062,35.39814861,1.46831165,0.15908138,-35.68888893,1.94268778
2018-11-20,10.21,-2.761904761905,3898458815.84,3341068298.37,381827504.0,327234897.0,29.41397987,34.42048546,1.42775828,0.1546877,-34.70319581,1.88903259
2018-11-21,10.28,0.685602350637,3925186741.12,3363974741.16,381827504.0,327234897.0,29.61564281,34.65647311,1.43754703,0.15574824,-34.94112173,1.90198384
2018-11-22,10.68,3.891050583658,4077917742.72,3494868699.96,381827504.0,327234897.0,30.76800245,36.00497401,1.49348271,0.16180848,-36.30069845,1.975991
2018-11-23,10.34,-3.183520599251,3948096391.36,3383608834.98,381827504.0,327234897.0,29.78849676,34.85874825,1.44593738,0.15665728,-35.14505824,1.91308492
2018-11-26,10.35,0.096711798839,3951914666.4,3386881183.95,381827504.0,327234897.0,29.81730575,34.89246077,1.44733577,0.15680878,-35.17904766,1.9149351
2018-11-27,10.3,-0.48309178744,3932823291.2,3370519439.1,381827504.0,327234897.0,29.67326079,34.72389816,1.44034381,0.15605125,-35.00910057,1.9056842
2018-11-28,10.4,0.970873786408,3971006041.6,3403242928.8,381827504.0,327234897.0,29.9613507,35.06102338,1.45432773,0.15756631,-35.34899475,1.92418599
2018-11-29,10.2,-1.923076923077,3894640540.8,3337795949.4,381827504.0,327234897.0,29.38517088,34.38677293,1.42635989,0.15453619,-34.66920639,1.88718241
2018-11-30,10.1,-0.980392156863,3856457790.4,3305072459.7,381827504.0,327234897.0,29.09708097,34.04964771,1.41237597,0.15302113,-34.32931221,1.86868062
2018-12-03,10.39,2.871287128713,3967187766.56,3399970579.83,381827504.0,327234897.0,29.93254171,35.02731086,1.45292934,0.15741481,-35.31500533,1.92233581
2018-12-04,10.6,2.021174205967,4047371542.4,3468689908.2,381827504.0,327234897.0,30.53753053,35.73527383,1.48229557,0.16059644,-36.02878311,1.96118957
2018-12-05,10.54,-0.566037735849,4024461892.16,3449055814.38,381827504.0,327234897.0,30.36467658,35.5329987,1.47390522,0.1596874,-35.8248466,1.95008849
2018-12-06,10.46,-0.759013282732,3993915691.84,3422877022.62,381827504.0,327234897.0,30.13420465,35.26329852,1.46271808,0.15847535,-35.55293126,1.93528706
2018-12-07,10.47,0.095602294455,3997733966.88,3426149371.59,381827504.0,327234897.0,30.16301364,35.29701104,1.46411648,0.15862686,-35.58692067,1.93713724
2018-12-10,10.22,-2.387774594078,3902277090.88,3344340647.34,381827504.0,327234897.0,29.44278887,34.45419798,1.42915668,0.15483921,-34.73718522,1.89088277
2018-12-11,10.34,1.174168297456,3948096391.36,3383608834.98,381827504.0,327234897.0,29.78849676,34.85874825,1.44593738,0.15665728,-35.14505824,1.91308492
2018-12-12,10.23,-1.063829787234,3906095365.92,3347612996.31,381827504.0,327234897.0,29.47159786,34.4879105,1.43055507,0.15499071,-34.77117464,1.89273295
2018-12-13,10.34,1.075268817204,3948096391.36,3383608834.98,381827504.0,327234897.0,29.78849676,34.85874825,1.44593738,0.15665728,-35.14505824,1.91308492
2018-12-14,10.11,-2.224371373308,3860276065.44,3308344808.67,381827504.0,327234897.0,29.12588996,34.08336023,1.41377436,0.15317264,-34.36330163,1.8705308
2018-12-17,10.08,-0.296735905045,3848821240.32,3298527761.76,381827504.0,327234897.0,29.03946299,33.98222266,1.40957919,0.15271812,-34.26133337,1.86498027
2018-12-18,10.04,-0.396825396825,3833548140.16,3285438365.88,381827504.0,327234897.0,28.92422703,33.84737257,1.40398562,0.1521121,-34.1253757,1.85757955
2018-12-19,10.0,-0.398406374502,3818275040.0,3272348970.0,381827504.0,327234897.0,28.80899106,33.71252248,1.39839205,0.15150607,-33.98941803,1.85017884
2018-12-20,9.91,-0.9,3783910564.64,3242897829.27,381827504.0,327234897.0,28.54971014,33.40910978,1.38580652,0.15014252,-33.68351327,1.83352723
2018-12-21,9.88,-0.302724520686,3772455739.52,3233080782.36,381827504.0,327234897.0,28.46328317,33.30797221,1.38161135,0.149688,-33.58154501,1.82797669
2018-12-24,9.83,-0.506072874494,3753364364.32,3216719037.51,381827504.0,327234897.0,28.31923821,33.1394096,1.37461939,0.14893047,-33.41159792,1.8187258
2018-12-25,9.72,-1.119023397762,3711363338.88,3180723198.84,381827504.0,327234897.0,28.00233931,32.76857185,1.35923707,0.1472639,-33.03771432,1.79837383
2018-12-26,9.66,-0.617283950617,3688453688.64,3161089105.02,381827504.0,327234897.0,27.82948537,32.56629672,1.35084672,0.14635487,-32.83377781,1.78727276
2018-12-27,9.73,0.724637681159,3715181613.92,3183995547.81,381827504.0,327234897.0,28.0311483,32.80228438,1.36063546,0.14741541,-33.07170374,1.80022401
2018-12-28,9.74,0.102774922919,3718999888.96,3187267896.78,381827504.0,327234897.0,28.05995729,32.8359969,1.36203386,0.14756691,-33.10569316,1.80207419
2019-01-02,9.94,2.053388090349,3795365389.76,3246863446.68,381827504.0,326646222.0,28.63613712,16.16303868,1.37754952,0.27733242,-33.78548152,1.83907776
2019-01-03,10.17,2.313883299799,3883185715.68,3321992077.74,381827504.0,326646222.0,29.29874391,16.53703254,1.40942441,0.28374957,-34.56723813,1.88163188
2019-01-04,10.49,3.1465093412,4005370516.96,3426518868.78,381827504.0,326646222.0,30.22063162,17.05737181,1.45377208,0.29267777,-35.65489951,1.9408376
2019-01-07,10.71,2.097235462345,4089372567.84,3498381037.62,381827504.0,326646222.0,30.85442943,17.41510506,1.4842611,0.29881592,-36.40266671,1.98154153
2019-01-08,10.49,-2.054154995331,4005370516.96,3426518868.78,381827504.0,326646222.0,30.22063162,17.05737181,1.45377208,0.29267777,-35.65489951,1.9408376
2019-01-09,10.45,-0.381315538608,3990097416.8,3413453019.9,381827504.0,326646222.0,30.10539566,16.9923294,1.44822862,0.29156175,-35.51894184,1.93343688
2019-01-10,10.56,1.052631578947,4032098442.24,3449384104.32,381827504.0,326646222.0,30.42229456,17.17119603,1.46347313,0.29463082,-35.89282544,1.95378885
2019-01-11,10.79,2.17803030303,4119918768.16,3524512735.38,381827504.0,326646222.0,31.08490136,17.54518988,1.49534802,0.30104797,-36.67458205,1.99634296
2019-01-14,10.59,-1.853568118628,4043553267.36,3459183490.98,381827504.0,326646222.0,30.50872154,17.21997783,1.46763072,0.29546784,-35.99479369,1.95933939
2019-01-15,10.8,1.983002832861,4123737043.2,3527779197.6,381827504.0,326646222.0,31.11371035,17.56145048,1.49673388,0.30132697,-36.70857147,1.99819314
2019-01-16,10.75,-0.462962962963,4104645668.0,3632757648.0,381827504.0,337930944.0,30.96966539,17.48014747,1.48980456,0.29993194,-36.53862438,1.98894225
2019-01-17,10.65,-0.93023255814,4066462917.6,3598964553.6,381827504.0,337930944.0,30.68157548,17.31754145,1.47594591,0.29714188,-36.1987302,1.97044046
2019-01-18,10.69,0.37558685446,4081736017.76,3612481791.36,381827504.0,337930944.0,30.79681145,17.38258386,1.48148937,0.2982579,-36.33468787,1.97784118
2019-01-21,10.8,1.028999064546,4123737043.2,3649654195.2,381827504.0,337930944.0,31.11371035,17.56145048,1.49673388,0.30132697,-36.70857147,1.99819314
2019-01-22,10.71,-0.833333333333,4089372567.84,3619240410.24,381827504.0,337930944.0,30.85442943,17.41510506,1.4842611,0.29881592,-36.40266671,1.98154153
2019-01-23,10.66,-0.46685340803,4070281192.64,3602343863.04,381827504.0,337930944.0,30.71038447,17.33380205,1.47733178,0.29742088,-36.23271962,1.97229064
2019-01-24,10.81,1.40712945591,4127555318.24,3653033504.64,381827504.0,337930944.0,31.14251934,17.57771108,1.49811975,0.30160598,-36.74256089,2.00004332
2019-01-25,10.7,-1.017576318224,4085554292.8,3615861100.8,381827504.0,337930944.0,30.82562044,17.39884446,1.48287524,0.29853691,-36.36867729,1.97969136
2019-01-28,10.48,-2.056074766355,4001552241.92,3541516293.12,381827504.0,337930944.0,30.19182263,17.04111121,1.45238621,0.29239877,-35.62091009,1.93898742
2019-01-29,10.45,-0.286259541985,3990097416.8,3531378364.8,381827504.0,337930944.0,30.10539566,16.9923294,1.44822862,0.29156175,-35.51894184,1.93343688
2019-01-30,10.35,-0.956937799043,3951914666.4,3497585270.4,381827504.0,337930944.0,29.81730575,16.82972338,1.43436997,0.28877168,-35.17904766,1.9149351
2019-01-31,10.58,2.222222222222,4039734992.32,3575309387.52,381827504.0,337930944.0,30.47991254,17.20371723,1.46624486,0.29518883,-35.96080427,1.95748921
2019-02-01,11.03,4.253308128544,4211557369.12,3727378312.32,381827504.0,337930944.0,31.77631714,17.93544433,1.52860877,0.30774412,-37.49032808,2.04074726
2019-02-11,11.3,2.447869446963,4314650795.2,3818619667.2,381827504.0,337930944.0,32.5541599,18.3744806,1.56602712,0.3152773,-38.40804237,2.09070209
2019-02-12,11.51,1.858407079646,4394834571.04,3889585165.44,381827504.0,337930944.0,33.15914871,18.71595324,1.59513028,0.32113643,-39.12182015,2.12955584
2019-02-13,11.53,0.173761946134,4402471121.12,3896343784.32,381827504.0,337930944.0,33.21676669,18.74847445,1.59790201,0.32169445,-39.18979899,2.1332562
2019-02-14,11.52,-0.086730268864,4398652846.08,3892964474.88,381827504.0,337930944.0,33.1879577,18.73221385,1.59651614,0.32141544,-39.15580957,2.13140602
2019-02-15,11.43,-0.78125,4364288370.72,3862550689.92,381827504.0,337930944.0,32.92867678,18.58586843,1.58404336,0.31890438,-38.84990481,2.11475441
2019-02-18,11.73,2.62467191601,4478836621.92,3963929973.12,381827504.0,337930944.0,33.79294652,19.07368649,1.6256193,0.32727457,-39.86958735,2.17025978
2019-02-19,11.6,-1.108269394714,4429199046.4,3919998950.4,381827504.0,337930944.0,33.41842963,18.86229866,1.60760306,0.32364749,-39.42772491,2.14620745
2019-02-20,11.55,-0.431034482759,4410107671.2,3903102403.2,381827504.0,337930944.0,33.27438468,18.78099565,1.60067374,0.32225246,-39.25777782,2.13695656
2019-02-21,11.49,-0.519480519481,4387198020.96,3882826546.56,381827504.0,337930944.0,33.10153073,18.68343204,1.59235855,0.32057842,-39.05384131,2.12585548
2019-02-22,11.75,2.262837249782,4486473172.0,3970688592.0,381827504.0,337930944.0,33.8505645,19.1062077,1.62839103,0.32783259,-39.93756618,2.17396013
2019-02-25,12.18,3.659574468085,4650658998.72,4115998897.92,381827504.0,337930944.0,35.08935111,19.8054136,1.68798321,0.33982987,-41.39911116,2.25351782
2019-02-26,12.17,-0.08210180624,4646840723.68,4112619588.48,381827504.0,337930944.0,35.06054212,19.789153,1.68659735,0.33955086,-41.36512174,2.25166764
2019-02-27,12.26,0.739523418242,4681205199.04,4143033373.44,381827504.0,337930944.0,19.99516767,19.93549842,1.69907013,0.34206192,-41.6710265,2.13810021
2019-02-28,12.52,2.120717781403,4780480350.08,4230895418.88,381827504.0,337930944.0,20.41920874,20.35827408,1.73510261,0.34931608,-42.55475137,2.18344328
2019-03-01,12.48,-0.319488817891,4765207249.92,4217378181.12,381827504.0,337930944.0,20.35397165,20.29323167,1.72955915,0.34820006,-42.4187937,2.17646743
2019-03-04,12.52,0.320512820513,4780480350.08,4230895418.88,381827504.0,337930944.0,20.41920874,20.35827408,1.73510261,0.34931608,-42.55475137,2.18344328
2019-03-05,12.69,1.357827476038,4845391025.76,4288343679.36,381827504.0,337930944.0,20.69646637,20.63470431,1.75866231,0.35405919,-43.13257148,2.21309068
2019-03-06,12.86,1.33963750985,4910301701.44,4345791939.84,381827504.0,337930944.0,20.973724,20.91113455,1.78222201,0.3588023,-43.71039158,2.24273807
2019-03-07,13.02,1.244167962675,4971394102.08,4399860890.88,381827504.0,337930944.0,21.23467235,21.17130419,1.80439585,0.36326641,-44.25422227,2.2706415
2019-03-08,12.45,-4.377880184332,4753752424.8,4207240252.8,381827504.0,337930944.0,20.30504384,20.24444986,1.72540156,0.34736304,-42.31682544,2.17123553
2019-03-11,13.46,8.112449799197,5139398203.84,4548550506.24,381827504.0,337930944.0,21.95228033,21.88677069,1.8653739,0.37554269,-45.74975667,2.34737593
2019-03-12,13.65,1.411589895988,5211945429.6,4612757385.6,381827504.0,337930944.0,22.2621565,22.19572214,1.89170533,0.38084381,-46.39555561,2.38051125
2019-03-13,13.43,-1.611721611722,5127943378.72,4538412577.92,381827504.0,337930944.0,21.90335251,21.83798888,1.8612163,0.37470567,-45.64778841,2.34214403
2019-03-14,13.45,0.148920327625,5135579928.8,4545171196.8,381827504.0,337930944.0,21.93597105,21.87051009,1.86398803,0.37526369,-45.71576725,2.34563196
2019-03-15,13.33,-0.89219330855,5089760628.32,4504619483.52,381827504.0,337930944.0,21.74025979,21.67538286,1.84735765,0.37191561,-45.30789423,2.32470439
2019-03-18,13.52,1.425356339085,5162307854.08,4568826362.88,381827504.0,337930944.0,22.05013596,21.98433431,1.87368908,0.37721673,-45.95369317,2.35783971
2019-03-19,13.67,1.109467455621,5219581979.68,4619516004.48,381827504.0,337930944.0,22.29477504,22.22824334,1.89447705,0.38140183,-46.46353444,2.38399918
2019-03-20,13.35,-2.340892465252,5097397178.4,4511378102.4,381827504.0,337930944.0,21.77287833,21.70790407,1.85012938,0.37247362,-45.37587307,2.32819232
2019-03-21,13.3,-0.374531835206,5078305803.2,4494481555.2,381827504.0,337930944.0,21.69133197,21.62660105,1.84320006,0.37107859,-45.20592598,2.3194725
2019-03-22,13.4,0.751879699248,5116488553.6,4528274649.6,381827504.0,337930944.0,21.85442469,21.78920708,1.85705871,0.37386865,-45.54582016,2.33691214
2019-03-25,13.75,2.611940298507,5250128180.0,4646550480.0,381827504.0,337930944.0,22.42524922,22.35832816,1.90556397,0.38363388,-46.73544979,2.39795089
2019-03-26,13.39,-2.618181818182,5112670278.56,4524895340.16,381827504.0,337930944.0,21.83811542,21.77294648,1.85567284,0.37358965,-45.51183074,2.33516818
2019-03-27,13.29,-0.746825989544,5074487528.16,4491102245.76,381827504.0,337930944.0,21.6750227,21.61034045,1.8418142,0.37079958,-45.17193656,2.31772853
2019-03-28,12.94,-2.633559066968,4940847901.76,4372826415.36,381827504.0,337930944.0,21.10419817,21.04121937,1.79330893,0.36103436,-43.98230693,2.25668978
2019-03-29,13.33,3.013910355487,5089760628.32,4504619483.52,381827504.0,337930944.0,21.74025979,21.67538286,1.84735765,0.37191561,-45.30789423,2.32470439
2019-04-01,14.07,5.551387846962,5372312981.28,4604195000.79,381827504.0,327234897.0,22.94714593,22.87866743,1.91626934,0.39256209,-47.82311116,2.45375775
2019-04-02,14.48,2.914001421464,5528862257.92,4738361308.56,381827504.0,327234897.0,23.61582609,23.54535213,1.97210946,0.40400135,-49.2166773,2.52526028
2019-04-03,14.49,0.069060773481,5532680532.96,4741633657.53,381827504.0,327234897.0,23.63213536,23.56161273,1.97347141,0.40428036,-49.25066672,2.52700425
2019-04-04,14.41,-0.552104899931,5502134332.64,4715454865.77,381827504.0,327234897.0,23.50166118,23.43152791,1.96257578,0.40204831,-48.97875138,2.51305253
2019-04-08,14.12,-2.012491325468,5391404356.48,4620556745.64,381827504.0,327234897.0,23.02869229,22.95997044,1.92307911,0.39395712,-47.99305825,2.46247757
2019-04-09,14.2,0.56657223796,5421950556.8,4646735537.4,381827504.0,327234897.0,23.15916647,23.09005526,1.93397474,0.39618917,-48.2649736,2.47642928
2019-04-10,14.04,-1.12676056338,5360858156.16,4594377953.88,381827504.0,327234897.0,22.89821811,22.82988562,1.91218348,0.39172507,-47.72114291,2.44852585
2019-04-11,13.72,-2.279202279202,5238673354.88,4489662786.84,381827504.0,327234897.0,22.3763214,22.30954635,1.86860095,0.38279686,-46.63348153,2.392719
2019-04-12,13.79,0.510204081633,5265401280.16,4512569229.63,381827504.0,327234897.0,22.49048631,22.42337057,1.87813463,0.38474991,-46.87140746,2.40492675
2019-04-15,13.57,-1.595358955765,5181399229.28,4440577552.29,381827504.0,327234897.0,22.13168232,22.06563732,1.84817164,0.37861176,-46.12364026,2.36655953
2019-04-16,14.03,3.389830508475,5357039881.12,4591105604.91,381827504.0,327234897.0,22.88190884,22.81362502,1.91082152,0.39144606,-47.68715349,2.44678189
2019-04-17,13.99,-0.285103349964,5341766780.96,4578016209.03,381827504.0,327234897.0,22.81667175,22.74858261,1.90537371,0.39033003,-47.55119582,2.43980603
2019-04-18,14.03,0.285918513224,5357039881.12,4591105604.91,381827504.0,327234897.0,22.88190884,22.81362502,1.91082152,0.39144606,-47.68715349,2.44678189
2019-04-19,13.99,-0.285103349964,5341766780.96,4578016209.03,381827504.0,327234897.0,22.81667175,22.74858261,1.90537371,0.39033003,-47.55119582,2.43980603
2019-04-22,14.26,1.92994996426,5444860207.04,4666369631.22,381827504.0,327234897.0,23.2570221,23.18761888,1.94214647,0.39786321,-48.46891011,2.48689307
2019-04-23,13.39,-6.100981767181,5112670278.56,4381675270.83,381827504.0,327234897.0,21.77294648,21.77294648,1.82365646,0.37358965,48.9888369,2.33754496
2019-04-24,13.52,0.970873786408,5162307854.08,4424215807.44,381827504.0,327234897.0,21.98433431,21.98433431,1.84136187,0.37721673,49.46445667,2.36023957
2019-04-25,13.25,-1.997041420118,5059214428.0,4335862385.25,381827504.0,327234897.0,21.54529804,21.54529804,1.80458911,0.36968356,48.47663098,2.3131046
2019-04-26,12.91,-2.566037735849,4929393076.64,4224602520.27,381827504.0,327234897.0,20.3299512,20.99243757,1.75828267,0.36019734,58.39390926,2.28888978
2019-04-29,12.93,0.154918667699,4937029626.72,4231147218.21,381827504.0,327234897.0,20.36144609,21.02495877,1.76100658,0.36075535,58.48437233,2.2924357
2019-04-30,13.14,1.624129930394,5017213402.56,4299866546.58,381827504.0,327234897.0,20.69214243,21.36643142,1.78960761,0.36661449,59.43423452,2.32966784
2019-05-06,12.07,-8.143074581431,4608657973.28,3949725206.79,381827504.0,327234897.0,19.00716584,19.62654697,1.64387853,0.33676079,54.59446048,2.13996125
2019-05-07,12.26,1.574150787075,4681205199.04,4011899837.22,381827504.0,327234897.0,19.30636729,19.93549842,1.66975566,0.34206192,55.45385961,2.17364746
2019-05-08,12.29,0.244698205546,4692660024.16,4021716884.13,381827504.0,327234897.0,19.35360962,19.98428022,1.67384152,0.34289894,55.58955421,2.17896634
2019-05-09,12.15,-1.139137510171,4639204173.6,3975903998.55,381827504.0,327234897.0,19.1331454,19.75663179,1.65477416,0.33899285,54.95631274,2.15414492
2019-05-10,12.69,4.444444444444,4845391025.76,4152610842.93,381827504.0,327234897.0,19.98350741,20.63470431,1.72831968,0.35405919,57.39881553,2.24988469
2019-05-13,12.7,0.078802206462,4849209300.8,4155883191.9,381827504.0,327234897.0,19.99925486,20.65096492,1.72968164,0.3543382,57.44404706,2.25165765
2019-05-14,12.49,-1.653543307087,4769025524.96,4087163863.53,381827504.0,327234897.0,19.66855852,20.30949227,1.7010806,0.34847907,56.49418487,2.21442552
2019-05-15,12.76,2.161729383507,4872118951.04,4175517285.72,381827504.0,327234897.0,20.09373953,20.74852853,1.73785336,0.35601224,57.71543626,2.2622954
2019-05-16,12.85,0.705329153605,4906483426.4,4204968426.45,381827504.0,327234897.0,20.23546653,20.89487395,1.75011095,0.3585233,58.12252006,2.27825203
2019-05-17,12.35,-3.891050583658,4715569674.4,4041350977.95,381827504.0,327234897.0,19.44809429,20.08184384,1.68201324,0.34457298,55.8609434,2.18960409
2019-05-20,12.74,3.157894736842,4864482400.96,4168972587.78,381827504.0,327234897.0,20.06224464,20.71600733,1.73512945,0.35545423,57.6249732,2.25874949
2019-05-21,12.86,0.94191522763,4910301701.44,4208240775.42,381827504.0,327234897.0,20.25121398,20.91113455,1.7514729,0.3588023,58.16775159,2.28002499
2019-05-22,12.72,-1.088646967341,4856845850.88,4162427889.84,381827504.0,327234897.0,20.03074975,20.68348612,1.73240554,0.35489621,57.53451013,2.25520357
2019-05-23,12.53,-1.493710691824,4784298625.12,4100253259.41,381827504.0,327234897.0,19.7315483,20.37453468,1.70652842,0.34959509,56.675111,2.22151735
2019-05-24,12.35,-1.436552274541,4715569674.4,4041350977.95,381827504.0,327234897.0,19.44809429,20.08184384,1.68201324,0.34457298,55.8609434,2.18960409
2019-05-27,12.75,3.238866396761,4868300676.0,4172244936.75,381827504.0,327234897.0,20.07799208,20.73226793,1.73649141,0.35573323,57.67020473,2.26052244
2019-05-28,12.7,-0.392156862745,4849209300.8,4155883191.9,381827504.0,327234897.0,19.99925486,20.65096492,1.72968164,0.3543382,57.44404706,2.25165765
2019-05-29,12.61,-0.708661417323,4814844825.44,4126432051.17,381827504.0,327234897.0,19.85752786,20.5046195,1.71742405,0.35182714,57.03696327,2.23570102
2019-05-30,12.62,0.079302141158,4818663100.48,4129704400.14,381827504.0,327234897.0,19.8732753,20.5208801,1.718786,0.35210615,57.0821948,2.23747398
2019-05-31,12.58,-0.316957210777,4803390000.32,4116615004.26,381827504.0,327234897.0,19.81028552,20.45583769,1.71333819,0.35099012,56.90126867,2.23038214
2019-06-03,12.56,-0.158982511924,4795753450.24,4110070306.32,381827504.0,327234897.0,19.77879063,20.42331648,1.71061428,0.35043211,56.8108056,2.22683623
2019-06-04,12.21,-2.786624203822,4662113823.84,3995538092.37,381827504.0,327234897.0,19.22763007,19.8541954,1.66294589,0.34066688,55.22770194,2.16478267
2019-06-05,12.24,0.2457002457,4673568648.96,4005355139.28,381827504.0,327234897.0,19.2748724,19.90297721,1.66703175,0.3415039,55.36339654,2.17010155
2019-06-06,12.1,-1.143790849673,4620112798.4,3959542253.7,381827504.0,327234897.0,19.05440817,19.67532878,1.64796439,0.33759781,54.73015508,2.14528012
2019-06-10,12.29,1.570247933884,4692660024.16,4021716884.13,381827504.0,327234897.0,19.35360962,19.98428022,1.67384152,0.34289894,55.58955421,2.17896634
2019-06-11,12.65,2.929210740439,4830117925.6,4139521447.05,381827504.0,327234897.0,19.92051764,20.56966191,1.72287187,0.35294317,57.2178894,2.24279286
2019-06-12,12.56,-0.711462450593,4795753450.24,4110070306.32,381827504.0,327234897.0,19.77879063,20.42331648,1.71061428,0.35043211,56.8108056,2.22683623
2019-06-13,12.57,0.079617834395,4799571725.28,4113342655.29,381827504.0,327234897.0,19.79453808,20.43957709,1.71197623,0.35071112,56.85603713,2.22860919
2019-06-14,12.25,-2.545743834527,4677386924.0,4008627488.25,381827504.0,327234897.0,19.29061984,19.91923781,1.6683937,0.34178291,55.40862807,2.17187451
2019-06-17,12.06,-1.551020408163,4604839698.24,3946452857.82,381827504.0,327234897.0,18.99141839,19.61028637,1.64251658,0.33648179,54.54922894,2.13818829
2019-06-18,12.08,0.16583747927,4612476248.32,3952997555.76,381827504.0,327234897.0,19.02291328,19.64280757,1.64524049,0.3370398,54.63969201,2.14173421
2019-06-19,12.19,0.91059602649,4654477273.76,3988993394.43,381827504.0,327234897.0,19.19613518,19.8216742,1.66022198,0.34010887,55.13723887,2.16123675
2019-06-20,12.53,2.78917145201,4784298625.12,4100253259.41,381827504.0,327234897.0,19.7315483,20.37453468,1.70652842,0.34959509,56.675111,2.22151735
2019-06-21,12.71,1.436552274541,4853027575.84,4159155540.87,381827504.0,327234897.0,20.0150023,20.66722552,1.73104359,0.35461721,57.4892786,2.25343061
2019-06-24,12.75,0.314712824548,4868300676.0,4172244936.75,381827504.0,327234897.0,20.07799208,20.73226793,1.73649141,0.35573323,57.67020473,2.26052244
2019-06-25,12.63,-0.941176470588,4822481375.52,4132976749.11,381827504.0,327234897.0,19.88902275,20.5371407,1.72014796,0.35238516,57.12742633,2.23924694
2019-06-26,12.75,0.950118764846,4868300676.0,4172244936.75,381827504.0,327234897.0,20.07799208,20.73226793,1.73649141,0.35573323,57.67020473,2.26052244
2019-06-27,12.68,-0.549019607843,4841572750.72,4149338493.96,381827504.0,327234897.0,19.96775997,20.61844371,1.72695773,0.35378019,57.353584,2.24811173
2019-06-28,12.55,-1.02523659306,4791935175.2,4106797957.35,381827504.0,327234897.0,19.76304319,20.40705588,1.70925233,0.3501531,56.76557407,2.22506327
2019-07-01,12.92,2.948207171315,4933211351.68,4396490520.48,381827504.0,340285644.0,20.34569864,21.00869817,1.82262608,0.36047634,58.43914079,2.29066274
2019-07-02,12.97,0.386996904025,4952302726.88,4413504802.68,381827504.0,340285644.0,20.42443587,21.09000118,1.82967958,0.36187138,58.66529846,2.29952754
2019-07-03,12.59,-0.237717908082,4807208275.36,4284196257.96,381827504.0,340285644.0,19.82603297,20.47209829,1.77607293,0.35126913,56.9465002,2.2321551
2019-07-04,12.74,1.191421763304,4864482400.96,4335239104.56,381827504.0,340285644.0,20.06224464,20.71600733,1.79723345,0.35545423,57.6249732,2.25874949
2019-07-05,12.72,-0.156985871272,4856845850.88,4328433391.68,381827504.0,340285644.0,20.03074975,20.68348612,1.79441205,0.35489621,57.53451013,2.25520357
2019-07-08,12.41,-2.437106918239,4738479324.64,4222944842.04,381827504.0,340285644.0,19.54257896,20.17940745,1.75068031,0.34624701,56.1323326,2.20024185
2019-07-09,12.34,-0.564061240935,4711751399.36,4199124846.96,381827504.0,340285644.0,19.43234685,20.06558323,1.7408054,0.34429397,55.81571187,2.18783113
2019-07-10,12.55,1.701782820097,4791935175.2,4270584832.2,381827504.0,340285644.0,19.76304319,20.40705588,1.77043013,0.3501531,56.76557407,2.22506327
2019-07-11,12.39,-1.274900398406,4730842774.56,4216139129.16,381827504.0,340285644.0,19.51108407,20.14688625,1.74785891,0.345689,56.04186954,2.19669593
2019-07-12,12.41,0.161420500404,4738479324.64,4222944842.04,381827504.0,340285644.0,19.54257896,20.17940745,1.75068031,0.34624701,56.1323326,2.20024185
2019-07-15,13.0,4.754230459307,4963757552.0,4423713372.0,381827504.0,340285644.0,20.4716782,21.13878299,1.83391169,0.36270839,58.80099306,2.30484641
2019-07-16,13.14,1.076923076923,5017213402.56,4471353362.16,381827504.0,340285644.0,20.69214243,21.36643142,1.85366151,0.36661449,59.43423452,2.32966784
2019-07-17,12.86,-2.130898021309,4910301701.44,4376073381.84,381827504.0,340285644.0,20.25121398,20.91113455,1.81416187,0.3588023,58.16775159,2.28002499
2019-07-18,12.68,-1.399688958009,4841572750.72,4314821965.92,381827504.0,340285644.0,19.96775997,20.61844371,1.78876925,0.35378019,57.353584,2.24811173
2019-07-19,12.61,-0.552050473186,4814844825.44,4291001970.84,381827504.0,340285644.0,19.85752786,20.5046195,1.77889434,0.35182714,57.03696327,2.23570102
2019-07-22,12.27,-2.696272799366,4685023474.08,4175304851.88,381827504.0,340285644.0,19.32211473,19.95175902,1.73093049,0.34234092,55.49909114,2.17542042
2019-07-23,12.42,1.222493887531,4742297599.68,4226347698.48,381827504.0,340285644.0,19.55832641,20.19566805,1.75209101,0.34652602,56.17756414,2.2020148
2019-07-24,13.07,5.233494363929,4990485477.28,4447533367.08,381827504.0,340285644.0,20.58191032,21.2526072,1.8437866,0.36466144,59.11761379,2.31725713
2019-07-25,13.31,1.836266258607,5082124078.24,4529201921.64,381827504.0,340285644.0,20.95984899,21.64286166,1.87764343,0.3713576,60.20317058,2.35980814
2019-07-26,13.57,1.953418482344,5181399229.28,4617676189.08,381827504.0,340285644.0,21.36928255,22.06563732,1.91432166,0.37861176,61.37919044,2.40590506
2019-07-29,13.4,-1.252763448784,5116488553.6,4559827629.6,381827504.0,340285644.0,21.10157599,21.78920708,1.89033974,0.37386865,60.61025438,2.37576476
2019-07-30,13.28,-0.89552238806,5070669253.12,4518993352.32,381827504.0,340285644.0,20.91260666,21.59407985,1.87341132,0.37052058,60.06747598,2.35448926
2019-07-31,13.91,4.743975903614,5311220580.64,4733373308.04,381827504.0,340285644.0,21.90469568,22.61849779,1.96228551,0.38809798,62.91706257,2.46618566
2019-08-01,13.67,-1.725377426312,5219581979.68,4651704753.48,381827504.0,340285644.0,21.526757,22.22824334,1.92842867,0.38140183,61.83150578,2.42363465
2019-08-02,13.63,-0.292611558157,5204308879.52,4638093327.72,381827504.0,340285644.0,21.46376722,22.16320093,1.92278587,0.3802858,61.65057964,2.41654282
2019-08-05,13.02,-4.475421863536,4971394102.08,4430519084.88,381827504.0,340285644.0,20.50317309,21.17130419,1.83673309,0.36326641,58.89145612,2.30839233
2019-08-06,12.51,-3.917050691244,4776662075.04,4256973406.44,381827504.0,340285644.0,19.70005341,20.34201347,1.76478732,0.34903708,56.58464793,2.21797143
2019-08-07,12.1,-3.277378097522,4620112798.4,4117456292.4,381827504.0,340285644.0,19.05440817,19.67532878,1.70694857,0.33759781,54.73015508,2.14528012
2019-08-08,12.16,0.495867768595,4643022448.64,4137873431.04,381827504.0,340285644.0,19.14889284,19.77289239,1.71541278,0.33927185,55.00154427,2.15591788
2019-08-09,11.82,-2.796052631579,4513201097.28,4022176312.08,381827504.0,340285644.0,18.61347972,19.22003191,1.66744893,0.32978563,53.46367215,2.09563728
2019-08-12,12.01,1.60744500846,4585748323.04,4086830584.44,381827504.0,340285644.0,18.91268117,19.52898336,1.69425226,0.33508676,54.32307128,2.12932349
2019-08-13,11.76,-2.081598667777,4490291447.04,4001759173.44,381827504.0,340285644.0,18.51899505,19.1224683,1.65898473,0.32811159,53.19228295,2.08499952
2019-08-14,11.78,0.170068027211,4497927997.12,4008564886.32,381827504.0,340285644.0,18.55048994,19.15498951,1.66180613,0.32866961,53.28274602,2.08854544
2019-08-15,11.79,0.084889643463,4501746272.16,4011967742.76,381827504.0,340285644.0,18.56623739,19.17125011,1.66321683,0.32894861,53.32797755,2.0903184
2019-08-16,11.82,0.254452926209,4513201097.28,4022176312.08,381827504.0,340285644.0,18.61347972,19.22003191,1.66744893,0.32978563,53.46367215,2.09563728
2019-08-19,12.21,3.299492385787,4662113823.84,4154887713.24,381827504.0,340285644.0,19.22763007,19.8541954,1.72246629,0.34066688,55.22770194,2.16478267
2019-08-20,12.16,-0.4095004095,4643022448.64,4137873431.04,381827504.0,340285644.0,19.14889284,19.77289239,1.71541278,0.33927185,55.00154427,2.15591788
2019-08-21,12.14,-0.164473684211,4635385898.56,4131067718.16,381827504.0,340285644.0,19.11739795,19.74037119,1.71259138,0.33871384,54.91108121,2.15237196
2019-08-22,12.52,3.130148270181,4780480350.08,4260376262.88,381827504.0,340285644.0,19.71580085,20.35827408,1.76619803,0.34931608,56.62987947,2.21974439
2019-08-23,12.44,-0.638977635783,4749934149.76,4233153411.36,381827504.0,340285644.0,19.5898213,20.22818926,1.75491241,0.34708403,56.2680272,2.20556072
2019-08-26,12.3,-1.12540192926,4696478299.2,4185513421.2,381827504.0,340285644.0,19.36935707,20.00054082,1.7351626,0.34317794,55.63478574,2.1807393
2019-08-27,12.46,1.30081300813,4757570699.84,4239959124.24,381827504.0,340285644.0,19.62131619,20.26071046,1.75773382,0.34764205,56.35849027,2.20910664
2019-08-28,12.83,2.969502407705,4898846876.32,4365864812.52,381827504.0,340285644.0,20.20397164,20.86235275,1.80992977,0.35796529,58.03205699,2.27470611
2019-08-29,12.98,1.169134840218,4956121001.92,4416907659.12,381827504.0,340285644.0,20.44018331,21.10626178,1.83109029,0.36215038,58.71052999,2.3013005
2019-08-30,14.28,10.015408320493,5452496757.12,4859278996.32,381827504.0,340285644.0,24.52149221,23.22014008,2.01448145,0.39842122,-722.17886577,2.52977104
2019-09-02,15.71,10.014005602241,5998510087.84,5345887467.24,381827504.0,340285644.0,26.97707581,25.54540621,2.21621174,0.43831914,-794.49789785,2.78310246
2019-09-03,15.21,-3.182686187142,5807596335.84,5175744645.24,381827504.0,340285644.0,26.11848014,24.73237609,2.14567667,0.42436882,-769.211523,2.69452504
2019-09-04,15.02,-1.249178172255,5735049110.08,5111090372.88,381827504.0,340285644.0,25.79221379,24.42342465,2.11887335,0.4190677,-759.60270055,2.66086562
2019-09-05,15.18,1.065246338216,5796141510.72,5165536075.92,381827504.0,340285644.0,26.0669644,24.68359429,2.14144457,0.4235318,-767.6943405,2.68921039
2019-09-06,15.69,3.359683794466,5990873537.76,5339081754.36,381827504.0,340285644.0,26.94273198,25.512885,2.21339034,0.43776113,-793.48644285,2.77955936
2019-09-09,15.57,-0.764818355641,5945054237.28,5298247477.08,381827504.0,340285644.0,26.73666902,25.31775778,2.19646192,0.43441305,-787.41771289,2.75830078
2019-09-10,15.3,-1.734104046243,5841960811.2,5206370353.2,381827504.0,340285644.0,26.27302736,24.87872151,2.15837299,0.42687988,-773.76307047,2.71046897
2019-09-11,15.31,0.065359477124,5845779086.24,5209773209.64,381827504.0,340285644.0,26.29019928,24.89498212,2.15978369,0.42715889,-774.26879797,2.71224052
2019-09-12,15.37,0.391900718485,5868688736.48,5230190348.28,381827504.0,340285644.0,26.39323076,24.99254573,2.1682479,0.42883293,-777.30316295,2.72286981
2019-09-16,15.23,-0.910865322056,5815232885.92,5182550358.12,381827504.0,340285644.0,26.15282397,24.7648973,2.14849808,0.42492683,-770.22297799,2.69806813
2019-09-17,14.52,-4.661851608667,5544135358.08,4940947550.88,381827504.0,340285644.0,24.93361813,23.61039453,2.04833828,0.40511738,-734.3163257,2.5722882
2019-09-18,14.48,-0.275482093664,5528862257.92,4927336125.12,381827504.0,340285644.0,24.86493047,23.54535213,2.04269548,0.40400135,-732.29341571,2.56520201
2019-09-19,14.73,1.726519337017,5624319133.92,5012407536.12,381827504.0,340285644.0,25.2942283,23.95186718,2.07796301,0.41097651,-744.93660314,2.60949072
2019-09-20,14.94,1.42566191446,5704502909.76,5083867521.36,381827504.0,340285644.0,25.65483848,24.29333983,2.10758774,0.41683565,-755.55688058,2.64669323
2019-09-23,15.04,0.669344042838,5742685660.16,5117896085.76,381827504.0,340285644.0,25.82655762,24.45594585,2.12169475,0.41962571,-760.61415555,2.66440872
2019-09-24,16.01,6.449468085106,6113058339.04,5447973160.44,381827504.0,340285644.0,27.49223321,26.03322428,2.25853278,0.44668934,-809.66972276,2.83624891
2019-09-25,16.02,0.062460961899,6116876614.08,5451376016.88,381827504.0,340285644.0,27.50940512,26.04948488,2.25994348,0.44696835,-810.17545026,2.83802045
2019-09-26,15.12,-5.61797752809,5773231860.48,5145118937.28,381827504.0,340285644.0,25.96393292,24.58603067,2.13298036,0.42185776,-764.65997552,2.6785811
2019-09-27,16.09,6.415343915344,6143604539.36,5475196011.96,381827504.0,340285644.0,27.62960851,26.1633091,2.26981839,0.44892139,-813.71554273,2.85042129
2019-09-30,15.88,-1.30515848353,6063420763.52,5403736026.72,381827504.0,340285644.0,27.26899834,25.82183645,2.13319488,0.44306225,-803.0952653,2.81321878
2019-10-08,15.5,-2.392947103275,5918326312.0,5274427482.0,381827504.0,340285644.0,26.61646563,25.20393356,2.08214866,0.43246001,-783.87762041,2.74589994
2019-10-09,15.68,1.161290322581,5987055262.72,5335678897.92,381827504.0,340285644.0,26.92556007,25.4966244,2.10632845,0.43748213,-792.98071536,2.77778781
2019-10-10,15.55,-0.829081632653,5937417687.2,5291441764.2,381827504.0,340285644.0,26.7023252,25.28523657,2.08886527,0.43385504,-786.40625789,2.75475768
2019-10-11,15.33,-1.414790996785,5853415636.32,5216578922.52,381827504.0,340285644.0,26.3245431,24.92750332,2.05931219,0.4277169,-775.28025296,2.71578362
2019-10-14,15.84,3.326810176125,6048147663.36,5390124600.96,381827504.0,340285644.0,27.20031068,25.75679404,2.12782159,0.44194623,-801.07235531,2.80613258
2019-10-15,15.25,-3.724747474747,5822869436.0,5189356071.0,381827504.0,340285644.0,26.1871678,24.7974185,2.04856561,0.42548485,-771.23443298,2.70161123
2019-10-16,14.9,-2.295081967213,5689229809.6,5070256095.6,381827504.0,340285644.0,25.58615083,24.22829742,2.00154935,0.41571962,-753.53397059,2.63960704
2019-10-17,14.89,-0.06711409396,5685411534.56,5066853239.16,381827504.0,340285644.0,25.56897892,24.21203682,2.00020603,0.41544062,-753.02824309,2.63783549
2019-10-18,14.79,-0.671591672263,5647228784.16,5032824674.76,381827504.0,340285644.0,25.39725978,24.0494308,1.98677281,0.41265055,-747.97096812,2.62012001
2019-10-21,14.77,-0.135226504395,5639592234.08,5026018961.88,381827504.0,340285644.0,25.36291596,24.01690959,1.98408617,0.41209254,-746.95951313,2.61657691
2019-10-22,15.0,1.55721056195,5727412560.0,5104284660.0,381827504.0,340285644.0,25.75786996,24.39090345,2.01498257,0.41850969,-758.59124556,2.65732252
2019-10-23,14.56,-2.933333333333,5559408458.24,4954558976.64,381827504.0,340285644.0,25.00230578,23.67543694,1.95587642,0.4062334,-736.33923569,2.5793744
2019-10-24,14.58,0.137362637363,5567045008.32,4961364689.52,381827504.0,340285644.0,25.0366496,23.70795815,1.95856306,0.40679142,-737.35069068,2.58291749
2019-10-25,14.78,1.371742112483,5643410509.12,5029421818.32,381827504.0,340285644.0,25.38008787,24.03317019,1.98542949,0.41237154,-747.46524062,2.61834846
2019-10-28,15.0,1.48849797023,5727412560.0,5104284660.0,381827504.0,340285644.0,25.75786996,24.39090345,2.01498257,0.41850969,-758.59124556,2.65732252
2019-10-29,15.05,0.333333333333,5746503935.2,5121298942.2,381827504.0,340285644.0,25.84372953,24.47220646,2.02169918,0.41990472,-761.11988304,2.66618026
2019-10-30,14.04,-6.71096345515,5360858156.16,4777610441.76,381827504.0,340285644.0,16.44472406,22.82988562,1.88602369,0.39172507,60.81828196,2.24699042
2019-10-31,14.5,3.276353276353,5536498808.0,4934141838.0,381827504.0,340285644.0,16.98351132,23.57787333,1.94781649,0.40455936,62.81090374,2.32060977
2019-11-01,14.78,1.931034482759,5643410509.12,5029421818.32,381827504.0,340285644.0,17.31146878,24.03317019,1.98542949,0.41237154,64.02380395,2.36542154
2019-11-04,14.6,-1.217861975643,5574681558.4,4968170402.4,381827504.0,340285644.0,17.10063898,23.74047935,1.9612497,0.40734943,63.24408238,2.33661397
2019-11-05,14.72,0.821917808219,5620500858.88,5009004679.68,381827504.0,340285644.0,17.24119218,23.93560658,1.97736956,0.41069751,63.76389676,2.35581902
2019-11-06,14.57,-1.01902173913,5563226733.28,4957961833.08,381827504.0,340285644.0,17.06550068,23.69169755,1.95721974,0.40651241,63.11412879,2.33181271
2019-11-07,15.0,2.951269732327,5727412560.0,5104284660.0,381827504.0,340285644.0,17.56914964,24.39090345,2.01498257,0.41850969,64.97679697,2.40063079
2019-11-08,14.95,-0.333333333333,5708321184.8,5087270377.8,381827504.0,340285644.0,17.51058581,24.30960043,2.00826596,0.41711465,64.76020765,2.39262869
2019-11-11,14.99,0.267558528428,5723594284.96,5100881803.56,381827504.0,340285644.0,17.55743687,24.37464284,2.01363925,0.41823068,64.9334791,2.39903037
2019-11-12,15.18,1.26751167445,5796141510.72,5165536075.92,381827504.0,340285644.0,17.77997943,24.68359429,2.03916236,0.4235318,65.75651853,2.42943836
2019-11-13,14.72,-3.030303030303,5620500858.88,5009004679.68,381827504.0,340285644.0,17.24119218,23.93560658,1.97736956,0.41069751,63.76389676,2.35581902
2019-11-14,14.58,-0.951086956522,5567045008.32,4961364689.52,381827504.0,340285644.0,17.07721345,23.70795815,1.95856306,0.40679142,63.15744665,2.33341313
2019-11-15,14.03,-3.772290809328,5357039881.12,4774207585.32,381827504.0,340285644.0,16.4330113,22.81362502,1.88468036,0.39144606,60.7749641,2.24539
2019-11-18,14.14,0.784034212402,5399040906.56,4811639006.16,381827504.0,340285644.0,16.56185173,22.99249165,1.8994569,0.39451513,61.25146061,2.26299463
2019-11-19,14.52,2.687411598303,5544135358.08,4940947550.88,381827504.0,340285644.0,17.00693685,23.61039453,1.95050313,0.40511738,62.89753947,2.32381061
2019-11-20,14.48,-0.275482093664,5528862257.92,4927336125.12,381827504.0,340285644.0,16.96008578,23.54535213,1.94512984,0.40400135,62.72426801,2.31740893
2019-11-21,14.45,-0.207182320442,5517407432.8,4917127555.8,381827504.0,340285644.0,16.92494749,23.49657032,1.94109988,0.40316433,62.59431441,2.31260766
2019-11-22,14.29,-1.107266435986,5456315032.16,4862681852.76,381827504.0,340285644.0,16.73754322,23.23640068,1.91960673,0.39870023,61.90122858,2.28700094
2019-11-25,14.2,-0.629811056683,5421950556.8,4832056144.8,381827504.0,340285644.0,16.63212833,23.09005526,1.90751683,0.39618917,61.5113678,2.27259715
2019-11-26,14.15,-0.352112676056,5402859181.6,4815041862.6,381827504.0,340285644.0,16.57356449,23.00875225,1.90080023,0.39479414,61.29477847,2.26459505
2019-11-27,14.14,-0.070671378092,5399040906.56,4811639006.16,381827504.0,340285644.0,16.56185173,22.99249165,1.8994569,0.39451513,61.25146061,2.26299463
2019-11-28,14.09,-0.35360678925,5379949531.36,4794624723.96,381827504.0,340285644.0,16.50328789,22.91118864,1.8927403,0.3931201,61.03487129,2.25499252
2019-11-29,14.16,0.496806245564,5406677456.64,4818444719.04,381827504.0,340285644.0,16.58527726,23.02501285,1.90214355,0.39507314,61.33809634,2.26619547
2019-12-02,14.3,0.988700564972,5460133307.2,4866084709.2,381827504.0,340285644.0,16.74925599,23.25266128,1.92095005,0.39897923,61.94454644,2.28860136
2019-12-03,14.38,0.559440559441,5490679507.52,4893307560.72,381827504.0,340285644.0,16.84295812,23.3827461,1.93169662,0.40121129,62.29108936,2.30140472
2019-12-04,14.4,0.139082058414,5498316057.6,4900113273.6,381827504.0,340285644.0,16.86638365,23.41526731,1.93438327,0.4017693,62.37772509,2.30460556
2019-12-05,14.79,2.708333333333,5647228784.16,5032824674.76,381827504.0,340285644.0,17.32318154,24.0494308,1.98677281,0.41265055,64.06712181,2.36702196
2019-12-06,14.79,0.0,5647228784.16,5032824674.76,381827504.0,340285644.0,17.32318154,24.0494308,1.98677281,0.41265055,64.06712181,2.36702196
2019-12-09,14.93,0.946585530764,5700684634.72,5080464664.92,381827504.0,340285644.0,17.48716027,24.27707923,2.00557932,0.41655664,64.67357192,2.38942785
2019-12-10,14.96,0.20093770931,5712139459.84,5090673234.24,381827504.0,340285644.0,17.52229857,24.32586104,2.00960928,0.41739366,64.80352551,2.39422911
2019-12-11,14.62,-2.272727272727,5582318108.48,4974976115.28,381827504.0,340285644.0,17.12406451,23.77300056,1.96393635,0.40790744,63.33071811,2.33981481
2019-12-12,14.63,0.068399452804,5586136383.52,4978378971.72,381827504.0,340285644.0,17.13577728,23.78926116,1.96527967,0.40818645,63.37403598,2.34141523
2019-12-13,14.96,2.255639097744,5712139459.84,5090673234.24,381827504.0,340285644.0,17.52229857,24.32586104,2.00960928,0.41739366,64.80352551,2.39422911
2019-12-16,15.37,2.74064171123,5868688736.48,5230190348.28,381827504.0,340285644.0,18.002522,24.99254573,2.06468547,0.42883293,66.57955796,2.45984635
2019-12-17,15.56,1.236174365647,5941235962.24,5294844620.64,381827504.0,340285644.0,18.22506456,25.30149717,2.09020859,0.43413405,67.40259739,2.49025434
2019-12-18,15.52,-0.25706940874,5925962862.08,5281233194.88,381827504.0,340285644.0,18.17821349,25.23645476,2.0848353,0.43301802,67.22932593,2.48385266
2019-12-19,15.58,0.386597938144,5948872512.32,5301650333.52,381827504.0,340285644.0,18.24849009,25.33401838,2.09289523,0.43469206,67.48923312,2.49345518
2019-12-20,15.46,-0.770218228498,5903053211.84,5260816056.24,381827504.0,340285644.0,18.10793689,25.13889115,2.07677537,0.43134398,66.96941874,2.47425014
2019-12-23,15.32,-0.905562742561,5849597361.28,5213176066.08,381827504.0,340285644.0,17.94395816,24.91124272,2.05796887,0.42743789,66.36296864,2.45184425
2019-12-24,15.94,4.046997389034,6086330413.76,5424153165.36,381827504.0,340285644.0,18.67014968,25.91940006,2.14125481,0.44473629,69.04867625,2.55107032
2019-12-25,15.96,0.125470514429,6093966963.84,5430958878.24,381827504.0,340285644.0,18.69357522,25.95192127,2.14394146,0.44529431,69.13531197,2.55427116
2019-12-26,15.85,-0.689223057644,6051965938.4,5393527457.4,381827504.0,340285644.0,18.56473479,25.77305464,2.12916492,0.44222524,68.65881546,2.53666654
2019-12-27,15.41,-2.776025236593,5883961836.64,5243801774.04,381827504.0,340285644.0,18.04937306,25.05758814,2.07005876,0.42994895,66.75282942,2.46624803
2019-12-30,15.63,1.427644386762,5967963887.52,5318664615.72,381827504.0,340285644.0,18.30705392,25.41532139,2.09961184,0.43608709,67.70582244,2.50145729
2019-12-31,15.64,0.063979526552,5971782162.56,5322067472.16,381827504.0,340285644.0,18.31876669,18.00362938,2.04401091,0.4363661,67.74914031,2.50305771
2020-01-02,15.91,1.726342710997,6074875588.64,5413944596.04,381827504.0,340285644.0,18.63501138,18.31443373,2.07929754,1.02875178,68.91872265,2.54626906
2020-01-03,16.42,3.205531112508,6269607615.68,5587490274.48,381827504.0,340285644.0,19.23236247,18.9015086,2.14595007,1.06172874,71.12793375,2.62789051
2020-01-06,16.73,1.887941534714,6387974141.92,5692978824.12,381827504.0,340285644.0,19.59545823,19.25835803,2.18646436,1.08177356,72.47078755,2.67750354
2020-01-07,16.51,-1.315002988643,6303972091.04,5618115982.44,381827504.0,340285644.0,19.33777737,19.00511004,2.15771229,1.06754821,71.51779453,2.64229429
2020-01-08,16.37,-0.847970926711,6250516240.48,5570475992.28,381827504.0,340285644.0,19.17379864,18.84395224,2.13941551,1.05849571,70.91134443,2.61988841
2020-01-09,16.38,0.061087354918,6254334515.52,5573878848.72,381827504.0,340285644.0,19.18551141,18.85546351,2.14072242,1.05914231,70.95466229,2.62148883
2020-01-10,16.21,-1.037851037851,6189423839.84,5516030289.24,381827504.0,340285644.0,18.98639438,18.65977189,2.11850491,1.04814999,70.21825859,2.59428168
2020-01-13,16.51,1.850709438618,6303972091.04,5618115982.44,381827504.0,340285644.0,19.33777737,19.00511004,2.15771229,1.06754821,71.51779453,2.64229429
2020-01-14,16.35,-0.969109630527,6242879690.4,5563670279.4,381827504.0,340285644.0,19.15037311,18.82092969,2.13680169,1.05720249,70.8247087,2.61668756
2020-01-15,16.28,-0.428134556575,6216151765.12,5539850284.32,381827504.0,340285644.0,19.06838374,18.74035079,2.1276533,1.05267624,70.52148364,2.60548462
2020-01-16,16.17,-0.675675675676,6174150739.68,5502418863.48,381827504.0,340285644.0,18.93954331,18.6137268,2.11327727,1.04556357,70.04498713,2.58787999
2020-01-17,16.55,2.350030921459,6319245191.2,5631727408.2,381827504.0,340285644.0,19.38462844,19.05115513,2.16293993,1.07013463,71.69106599,2.64869597
2020-01-20,16.47,-0.483383685801,6288698990.88,5604504556.68,381827504.0,340285644.0,19.2909263,18.95906496,2.15248464,1.06496178,71.34452307,2.63589261
2020-01-21,16.1,-2.246508803886,6147422814.4,5478598868.4,381827504.0,340285644.0,18.85755395,18.53314789,2.10412888,1.04103732,69.74176208,2.57667705
2020-01-22,15.86,-1.490683229814,6055784213.44,5396930313.84,381827504.0,340285644.0,18.57644755,18.25687737,2.07276298,1.02551875,68.70213333,2.53826696
2020-01-23,15.9,0.252206809584,6071057313.6,5410541739.6,381827504.0,340285644.0,18.62329862,18.30292245,2.07799063,1.02810518,68.87540479,2.54466864
2020-02-03,14.31,-10.0,5463951582.24,4869487565.64,381827504.0,340285644.0,16.76096876,16.47263021,1.87019157,0.92529466,61.98786431,2.29020178
2020-02-04,14.73,2.93501048218,5624319133.92,5012407536.12,381827504.0,340285644.0,17.25290495,16.95610363,1.92508189,0.95245215,63.80721462,2.35741944
2020-02-05,15.52,5.363204344874,5925962862.08,5281233194.88,381827504.0,340285644.0,18.17821349,17.86549412,2.02832796,1.00353411,67.22932593,2.48385266
2020-02-06,15.88,2.319587628866,6063420763.52,5403736026.72,381827504.0,340285644.0,18.59987308,18.27989991,2.07537681,1.02681196,68.78876906,2.5414678
2020-02-07,17.47,10.012594458438,6670526494.88,5944790200.68,381827504.0,340285644.0,20.46220295,20.11019216,2.28317587,1.12962248,75.67630954,2.79593466
2020-02-10,17.1,-2.117916428163,6529250318.4,5818884512.4,381827504.0,340285644.0,20.02883059,19.68427509,2.23482011,1.10569802,74.07354854,2.7367191
2020-02-11,16.15,-5.555555555556,6166514189.6,5495613150.6,381827504.0,340285644.0,18.91611778,18.59070425,2.11066344,1.04427035,69.9583514,2.58467915
2020-02-12,16.28,0.804953560372,6216151765.12,5539850284.32,381827504.0,340285644.0,19.06838374,18.74035079,2.1276533,1.05267624,70.52148364,2.60548462
2020-02-13,16.11,-1.044226044226,6151241089.44,5482001724.84,381827504.0,340285644.0,18.86926671,18.54465917,2.10543579,1.04168392,69.78507994,2.57827747
2020-02-14,16.19,0.496585971446,6181787289.76,5509224576.36,381827504.0,340285644.0,18.96296884,18.63674934,2.11589109,1.04685678,70.13162286,2.59108084
2020-02-17,16.81,3.829524397776,6418520342.24,5720201675.64,381827504.0,340285644.0,19.68916036,19.3504482,2.19691966,1.08694642,72.81733047,2.69030691
2020-02-18,16.73,-0.475907198096,6387974141.92,5692978824.12,381827504.0,340285644.0,19.59545823,19.25835803,2.18646436,1.08177356,72.47078755,2.67750354
2020-02-19,16.82,0.537955768081,6422338617.28,5723604532.08,381827504.0,340285644.0,19.70087313,19.36195948,2.19822657,1.08759302,72.86064833,2.69190733
2020-02-20,16.94,0.713436385256,6468157917.76,5764438809.36,381827504.0,340285644.0,19.84142633,19.50009474,2.21390952,1.09535231,73.38046271,2.71111238
2020-02-21,17.01,0.413223140496,6494885843.04,5788258804.44,381827504.0,340285644.0,19.92341569,19.58067364,2.2230579,1.09987856,73.68368776,2.72231532
2020-02-24,16.99,-0.117577895356,6487249292.96,5781453091.56,381827504.0,340285644.0,19.89999016,19.5576511,2.22044408,1.09858534,73.59705203,2.71911448
2020-02-25,16.54,-2.648616833431,6315426916.16,5628324551.76,381827504.0,340285644.0,19.37291567,19.03964386,2.16163302,1.06948803,71.64774812,2.64709555
2020-02-26,16.61,0.423216444982,6342154841.44,5652144546.84,381827504.0,340285644.0,19.45490503,19.12022276,2.17078141,1.07401428,71.95097318,2.6582985
2020-02-27,17.49,5.298013245033,6678163044.96,5951595913.56,381827504.0,340285644.0,19.86563646,20.1332147,2.2857897,1.13091569,75.76294527,2.61501049
2020-02-28,16.35,-6.518010291595,6242879690.4,5563670279.4,381827504.0,340285644.0,18.57079223,18.82092969,2.13680169,1.05720249,70.8247087,2.44456384
2020-03-02,17.34,6.05504587156,6620888919.36,5900553066.96,381827504.0,340285644.0,19.69526222,19.96054562,2.26618601,1.12121659,75.1131773,2.5925833
2020-03-03,18.1,4.382929642445,6911077822.4,6159170156.4,381827504.0,340285644.0,20.55849171,20.83540229,2.36551135,1.17035872,78.40533501,2.70621441
2020-03-04,17.9,-1.104972375691,6834712321.6,6091113027.6,381827504.0,340285644.0,20.33132605,20.60517685,2.3393731,1.15742658,77.53897772,2.67631148
2020-03-05,17.52,-2.122905027933,6689617870.08,5961804482.88,381827504.0,340285644.0,19.89971131,20.16774852,2.28971043,1.13285552,75.89289886,2.61949593
2020-03-06,17.09,-2.454337899543,6525432043.36,5815481655.96,381827504.0,340285644.0,19.41130515,19.67276382,2.2335132,1.10505141,74.03023068,2.55520465
2020-03-09,16.1,-5.792861322411,6147422814.4,5478598868.4,381827504.0,340285644.0,18.28683516,18.53314789,2.10412888,1.04103732,69.74176208,2.40718519
2020-03-10,16.52,2.608695652174,6307790366.08,5621518838.88,381827504.0,340285644.0,18.76388304,19.01662132,2.1590192,1.06819481,71.56111239,2.46998132
2020-03-11,16.28,-1.452784503632,6216151765.12,5539850284.32,381827504.0,340285644.0,18.49128425,18.74035079,2.1276533,1.05267624,70.52148364,2.43409782
2020-03-12,15.8,-2.948402948403,6032874563.2,5376513175.2,381827504.0,340285644.0,17.94608668,18.18780973,2.06492151,1.02163911,68.44222614,2.36233081
2020-03-13,15.15,-4.113924050633,5784686685.6,5155327506.6,381827504.0,340285644.0,17.20779831,17.43957706,1.97997221,0.97960965,65.62656494,2.26514631
2020-03-16,14.16,-6.534653465347,5406677456.64,4818444719.04,381827504.0,340285644.0,16.08332832,16.29996113,1.85058788,0.91559555,61.33809634,2.11712685
2020-03-17,14.56,2.824858757062,5559408458.24,4954558976.64,381827504.0,340285644.0,16.53765963,16.76041201,1.90286438,0.94145983,63.07081092,2.17693269
2020-03-18,14.35,-1.442307692308,5479224682.4,4883098991.4,381827504.0,340285644.0,16.29913569,16.5186753,1.87541922,0.92788109,62.16113577,2.14553463
2020-03-19,14.69,2.369337979094,5609046033.76,4998796110.36,381827504.0,340285644.0,16.6853173,16.91005854,1.91985424,0.94986573,63.63394316,2.19636959
2020-03-20,14.82,0.884955752212,5658683609.28,5043033244.08,381827504.0,340285644.0,16.83297498,17.05970508,1.9368441,0.95827162,64.19707541,2.21580649
2020-03-23,14.42,-2.699055330634,5505952607.68,4906918986.48,381827504.0,340285644.0,16.37864367,16.5992542,1.8845676,0.93240734,62.46436082,2.15600065
2020-03-24,14.69,1.872399445215,5609046033.76,4998796110.36,381827504.0,340285644.0,16.6853173,16.91005854,1.91985424,0.94986573,63.63394316,2.19636959
2020-03-25,14.8,0.74880871341,5651047059.2,5036227531.2,381827504.0,340285644.0,16.81025841,17.03668254,1.93423027,0.9569784,64.11043968,2.2128162
2020-03-26,14.4,-2.702702702703,5498316057.6,4900113273.6,381827504.0,340285644.0,16.3559271,16.57623166,1.88195378,0.93111412,62.37772509,2.15301036
2020-03-27,14.34,-0.416666666667,5475406407.36,4879696134.96,381827504.0,340285644.0,16.28777741,16.50716402,1.87411231,0.92723448,62.1178179,2.14403948
2020-03-30,14.52,1.255230125523,5544135358.08,4940947550.88,381827504.0,340285644.0,16.4922265,16.71436692,1.89763673,0.93887341,62.89753947,2.17095211
2020-03-31,14.41,-0.757575757576,5502134332.64,4903516130.04,381827504.0,340285644.0,16.36728539,16.58774293,1.84917873,0.93176073,62.42104295,2.1545055
2020-04-01,14.24,-1.17973629424,5437223656.96,4845667570.56,381827504.0,340285644.0,16.17419458,16.3920513,1.8273633,0.92076841,61.68463926,2.12908802
2020-04-02,14.47,1.615168539326,5525043982.88,4923933268.68,381827504.0,340285644.0,16.43543508,16.65681056,1.8568783,0.93564037,62.68095014,2.16347638
2020-04-03,14.1,-2.557014512785,5383767806.4,4798027580.4,381827504.0,340285644.0,16.01517862,16.2308935,1.80939765,0.91171591,61.07818915,2.10815597
2020-04-07,14.56,3.262411347518,5559408458.24,4954558976.64,381827504.0,340285644.0,16.53765963,16.76041201,1.86842764,0.94145983,63.07081092,2.17693269
2020-04-08,14.67,0.755494505495,5601409483.68,4991990397.48,381827504.0,340285644.0,16.66260074,16.887036,1.88254351,0.94857251,63.54730744,2.1933793
2020-04-09,14.85,1.226993865031,5670138434.4,5053241813.4,381827504.0,340285644.0,16.86704983,17.0942389,1.90564221,0.96021144,64.327029,2.22029193
2020-04-10,14.44,-2.760942760943,5513589157.76,4913724699.36,381827504.0,340285644.0,16.40136023,16.62227674,1.85302852,0.93370055,62.55099655,2.15899094
2020-04-13,14.29,-1.038781163435,5456315032.16,4862681852.76,381827504.0,340285644.0,16.23098599,16.44960766,1.8337796,0.92400144,61.90122858,2.13656375
2020-04-14,14.5,1.46955913226,5536498808.0,4934141838.0,381827504.0,340285644.0,16.46950993,16.69134438,1.86072808,0.93758019,62.81090374,2.16796182
2020-04-15,14.52,0.137931034483,5544135358.08,4940947550.88,381827504.0,340285644.0,16.4922265,16.71436692,1.8632946,0.93887341,62.89753947,2.17095211
2020-04-16,14.72,1.37741046832,5620500858.88,5009004679.68,381827504.0,340285644.0,16.71939215,16.94459236,1.88895982,0.95180555,63.76389676,2.20085503
2020-04-17,15.03,2.10597826087,5738867385.12,5114493229.32,381827504.0,340285644.0,17.07149891,17.30144179,1.9287409,0.97185037,65.10675056,2.24720456
2020-04-20,14.94,-0.59880239521,5704502909.76,5083867521.36,381827504.0,340285644.0,16.96927437,17.19784034,1.91719155,0.9660309,64.71688978,2.23374824
2020-04-21,14.48,-3.078982597055,5528862257.92,4927336125.12,381827504.0,340285644.0,16.66832183,16.66832183,1.85816156,0.93628698,9.07105899,2.1669598
2020-04-22,14.43,-0.345303867403,5509770882.72,4910321842.92,381827504.0,340285644.0,16.61076547,16.61076547,1.85174525,0.93305394,9.03973627,2.15947721
2020-04-23,14.27,-1.108801108801,5448678482.08,4855876139.88,381827504.0,340285644.0,16.42658512,16.42658512,1.83121308,0.92270823,8.93950358,2.1355329
2020-04-24,13.93,-2.382620882971,5318857130.72,4740179020.92,381827504.0,340285644.0,16.03520187,16.03520187,1.78758222,0.90072359,8.7265091,2.08465125
2020-04-27,14.2,1.938262742283,5421950556.8,4832056144.8,381827504.0,340285644.0,16.61739085,16.34600622,1.82223026,0.91818198,9.31904583,2.05488493
2020-04-28,13.78,-2.957746478873,5261583005.12,4689136174.32,381827504.0,340285644.0,16.12589055,15.86253279,1.76833331,0.89102449,9.04341208,1.99410664
2020-04-29,13.81,0.21770682148,5273037830.24,4699344743.64,381827504.0,340285644.0,16.16099772,15.89706661,1.77218309,0.89296431,9.06310021,1.99844794
2020-04-30,14.14,2.389572773353,5399040906.56,4811639006.16,381827504.0,340285644.0,16.54717652,16.27693858,1.81453069,0.91430234,9.27966958,2.04620231
2020-05-06,14.24,0.707213578501,5437223656.96,4845667570.56,381827504.0,340285644.0,16.6642004,16.3920513,1.8273633,0.92076841,9.34529666,2.06067333
2020-05-07,14.13,-0.772471910112,5395222631.52,4808236149.72,381827504.0,340285644.0,16.53547413,16.26542731,1.81324743,0.91365573,9.27310687,2.04475521
2020-05-08,14.47,2.406227883935,5525043982.88,4923933268.68,381827504.0,340285644.0,16.93335532,16.65681056,1.8568783,0.93564037,9.49623896,2.09395668
2020-05-11,14.36,-0.760193503801,5483042957.44,4886501847.84,381827504.0,340285644.0,16.80462905,16.53018657,1.84276243,0.92852769,9.42404916,2.07803856
2020-05-12,14.75,2.715877437326,5631955684.0,5019213249.0,381827504.0,340285644.0,17.26102218,16.97912618,1.8928096,0.95374537,9.67999479,2.13447554
2020-05-13,14.64,-0.745762711864,5589954658.56,4981781828.16,381827504.0,340285644.0,17.13229592,16.85250218,1.87869373,0.94663269,9.607805,2.11855742
2020-05-14,14.5,-0.956284153005,5536498808.0,4934141838.0,381827504.0,340285644.0,16.96846248,16.69134438,1.86072808,0.93758019,9.51592708,2.09829799
2020-05-15,14.49,-0.068965517241,5532680532.96,4930738981.56,381827504.0,340285644.0,16.9567601,16.6798331,1.85944482,0.93693359,9.50936437,2.09685088
2020-05-18,14.56,0.48309178744,5559408458.24,4954558976.64,381827504.0,340285644.0,17.03867681,16.76041201,1.86842764,0.94145983,9.55530333,2.1069806
2020-05-19,14.54,-0.137362637363,5551771908.16,4947753263.76,381827504.0,340285644.0,17.01527204,16.73738946,1.86586112,0.94016662,9.54217791,2.1040864
2020-05-20,14.08,-3.163686382393,5376131256.32,4791221867.52,381827504.0,340285644.0,16.47696219,16.20787095,1.80683113,0.9104227,9.24029333,2.0375197
2020-05-21,13.87,-1.491477272727,5295947480.48,4719761882.28,381827504.0,340285644.0,16.23121205,15.96613424,1.77988265,0.89684395,9.10247646,2.00713056
2020-05-22,13.8,-0.504686373468,5269219555.2,4695941887.2,381827504.0,340285644.0,16.14929533,15.88555534,1.77089983,0.8923177,9.0565375,1.99700084
2020-05-25,13.61,-1.376811594203,5196672329.44,4631287614.84,381827504.0,340285644.0,15.92694996,15.66684117,1.74651787,0.88003217,8.93184604,1.9695059
2020-05-26,14.14,3.894195444526,5399040906.56,4811639006.16,381827504.0,340285644.0,16.54717652,16.27693858,1.81453069,0.91430234,9.27966958,2.04620231
2020-05-27,14.15,0.07072135785,5402859181.6,4815041862.6,381827504.0,340285644.0,16.55887891,16.28844986,1.81581395,0.91494895,9.28623229,2.04764941
2020-05-28,14.07,-0.565371024735,5372312981.28,4787819011.08,381827504.0,340285644.0,16.4652598,16.19635968,1.80554787,0.90977609,9.23373062,2.0360726
2020-05-29,14.07,0.0,5372312981.28,4787819011.08,381827504.0,340285644.0,16.4652598,16.19635968,1.80554787,0.90977609,9.23373062,2.0360726
2020-06-01,14.32,1.776830135039,5467769857.28,4872890422.08,381827504.0,340285644.0,16.7578195,16.48414148,1.83762939,0.92594127,9.39779833,2.07225015
2020-06-02,14.4,0.558659217877,5498316057.6,4900113273.6,381827504.0,340285644.0,16.85143861,16.57623166,1.84789547,0.93111412,9.4503,2.08382697
2020-06-03,14.23,-1.180555555556,5433405381.92,4842264714.12,381827504.0,340285644.0,16.65249801,16.38054003,1.82608004,0.9201218,9.33873396,2.05922623
2020-06-04,14.27,0.281096275474,5448678482.08,4855876139.88,381827504.0,340285644.0,16.69930756,16.42658512,1.83121308,0.92270823,9.36498479,2.06501464
2020-06-05,14.18,-0.630693763139,5414314006.72,4825250431.92,381827504.0,340285644.0,16.59398607,16.32298367,1.81966374,0.91688877,9.30592041,2.05199072
2020-06-08,14.26,0.564174894217,5444860207.04,4852473283.44,381827504.0,340285644.0,16.68760517,16.41507385,1.82992982,0.92206162,9.35842208,2.06356754
2020-06-09,14.29,0.210378681627,5456315032.16,4862681852.76,381827504.0,340285644.0,16.72271234,16.44960766,1.8337796,0.92400144,9.37811021,2.06790884
2020-06-10,13.82,-1.426533523538,5276856105.28,4702747600.08,381827504.0,340285644.0,16.17270011,15.90857788,1.77346635,0.89361091,9.06966291,1.99989505
2020-06-11,13.8,-0.144717800289,5269219555.2,4695941887.2,381827504.0,340285644.0,16.14929533,15.88555534,1.77089983,0.8923177,9.0565375,1.99700084
2020-06-12,13.7,-0.724637681159,5231036804.8,4661913322.8,381827504.0,340285644.0,16.03227145,15.77044262,1.75806722,0.88585163,8.99091041,1.98252982
2020-06-15,13.65,-0.36496350365,5211945429.6,4644899040.6,381827504.0,340285644.0,15.97375951,15.71288626,1.75165092,0.8826186,8.95809687,1.97529431
2020-06-16,13.99,2.490842490842,5341766780.96,4760596159.56,381827504.0,340285644.0,16.3716407,16.10426951,1.79528178,0.90460323,9.18122896,2.02449578
2020-06-17,14.07,0.571837026447,5372312981.28,4787819011.08,381827504.0,340285644.0,16.4652598,16.19635968,1.80554787,0.90977609,9.23373062,2.0360726
2020-06-18,13.93,-0.995024875622,5318857130.72,4740179020.92,381827504.0,340285644.0,16.30142637,16.03520187,1.78758222,0.90072359,9.14185271,2.01581317
2020-06-19,13.85,-0.574300071788,5288310930.4,4712956169.4,381827504.0,340285644.0,16.20780727,15.9431117,1.77731613,0.89555074,9.08935104,2.00423635
2020-06-22,13.94,0.649819494585,5322675405.76,4743581877.36,381827504.0,340285644.0,16.31312876,16.04671315,1.78886548,0.9013702,9.14841541,2.01726027
2020-06-23,13.85,-0.6456241033,5288310930.4,4712956169.4,381827504.0,340285644.0,16.20780727,15.9431117,1.77731613,0.89555074,9.08935104,2.00423635
2020-06-24,14.0,1.083032490975,5345585056.0,4763999016.0,381827504.0,340285644.0,16.38334309,16.11578078,1.79656504,0.90524984,9.18779166,2.02594288
2020-06-29,14.32,2.285714285714,5467769857.28,4872890422.08,381827504.0,340285644.0,16.7578195,16.48414148,1.83762939,0.92594127,9.39779833,2.07225015
2020-06-30,14.25,-0.488826815642,5441041932.0,4849070427.0,381827504.0,340285644.0,16.67590279,16.40356258,1.84452986,0.92141502,9.35185937,2.06212044
2020-07-01,14.2,-0.350877192982,5421950556.8,4832056144.8,381827504.0,340285644.0,16.61739085,16.34600622,1.83805783,0.91818198,9.31904583,2.05488493
2020-07-02,14.56,2.535211267606,5559408458.24,4954558976.64,381827504.0,340285644.0,17.03867681,16.76041201,1.88465648,0.94145983,9.55530333,2.1069806
2020-07-03,15.32,5.21978021978,5849597361.28,5213176066.08,381827504.0,340285644.0,17.92805829,17.63526868,1.9830314,0.99060197,10.05406916,2.21696036
2020-07-06,15.66,2.219321148825,5979418712.64,5328873185.04,381827504.0,340285644.0,18.32593948,18.02665193,2.02704124,1.01258661,10.27720125,2.26616183
2020-07-07,15.5,-1.021711366539,5918326312.0,5274427482.0,381827504.0,340285644.0,18.13870128,17.84247157,2.00633073,1.0022409,10.17219791,2.24300819
2020-07-08,15.97,3.032258064516,6097785238.88,5434361734.68,381827504.0,340285644.0,18.68871351,18.38350136,2.06716785,1.03263143,10.48064521,2.31102199
2020-07-09,15.91,-0.375704445836,6074875588.64,5413944596.04,381827504.0,340285644.0,18.61849918,18.31443373,2.05940141,1.02875178,10.44126896,2.30233938
2020-07-10,15.59,-2.011313639221,5952690787.36,5305053189.96,381827504.0,340285644.0,18.24402277,17.94607302,2.01798039,1.00806036,10.23126229,2.25603211
2020-07-13,16.39,5.131494547787,6258152790.56,5577281705.16,381827504.0,340285644.0,19.1802138,18.86697478,2.12153294,1.05978892,10.75627896,2.37180028
2020-07-14,16.51,0.732153752288,6303972091.04,5618115982.44,381827504.0,340285644.0,19.32064246,19.00511004,2.13706583,1.06754821,10.83503146,2.3891655
2020-07-15,16.08,-2.604482132041,6139786264.32,5471793155.52,381827504.0,340285644.0,18.81743978,18.51012535,2.08140633,1.0397441,10.552835,2.32694011
2020-07-16,15.5,-3.606965174129,5918326312.0,5274427482.0,381827504.0,340285644.0,18.13870128,17.84247157,2.00633073,1.0022409,10.17219791,2.24300819
2020-07-17,15.64,0.903225806452,5971782162.56,5322067472.16,381827504.0,340285644.0,18.30253471,18.00362938,2.02445242,1.01129339,10.26407583,2.26326762
2020-07-20,16.8,7.416879795396,6414702067.2,5716798819.2,381827504.0,340285644.0,19.66001171,19.33893693,2.17460363,1.08629981,11.02535,2.43113146
2020-07-21,16.49,-1.845238095238,6296335540.96,5611310269.56,381827504.0,340285644.0,19.29723768,18.9820875,2.13447701,1.06625499,10.82190604,2.3862713
2020-07-22,16.41,-0.485142510612,6265789340.64,5584087418.04,381827504.0,340285644.0,19.20361858,18.88999733,2.12412176,1.06108214,10.76940437,2.37469448
2020-07-23,16.57,0.975015234613,6326881741.28,5638533121.08,381827504.0,340285644.0,19.39085678,19.07417768,2.14483227,1.07142785,10.87440771,2.39784811
2020-07-24,16.4,-1.025950512975,6261971065.6,5580684561.6,381827504.0,340285644.0,19.19191619,18.87848605,2.12282735,1.06043553,10.76284166,2.37324738
2020-07-27,15.92,-2.926829268293,6078693863.68,5417347452.48,381827504.0,340285644.0,18.63020157,18.325945,2.06069582,1.02939839,10.44783166,2.30378648
2020-07-28,15.75,-1.06783919598,6013783188.0,5359498893.0,381827504.0,340285644.0,18.43126097,18.13025337,2.0386909,1.01840607,10.33626562,2.27918574
2020-07-29,16.21,2.920634920635,6189423839.84,5516030289.24,381827504.0,340285644.0,18.96957082,18.65977189,2.09823362,1.04814999,10.63815021,2.34575244
2020-07-30,16.24,0.185070943862,6200878664.96,5526238858.56,381827504.0,340285644.0,19.00467798,18.6943057,2.10211684,1.05008982,10.65783833,2.35009375
2020-07-31,16.24,0.0,6200878664.96,5526238858.56,381827504.0,340285644.0,19.00467798,18.6943057,2.10211684,1.05008982,10.65783833,2.35009375
2020-08-03,17.11,5.357142857143,6533068593.44,5822287368.84,381827504.0,340285644.0,20.02278573,19.69578636,2.21473024,1.10634463,11.22879396,2.47599162
2020-08-04,16.72,-2.279368790181,6384155866.88,5689575967.68,381827504.0,340285644.0,19.5663926,19.24684676,2.16424837,1.08112695,10.97284833,2.41955464
2020-08-05,17.14,2.511961722488,6544523418.56,5832495938.16,381827504.0,340285644.0,20.0578929,19.73032018,2.21861346,1.10828445,11.24848208,2.48033293
2020-08-06,17.21,0.408401400233,6571251343.84,5856315933.24,381827504.0,340285644.0,20.13980961,19.81089908,2.22767431,1.1128107,11.29442104,2.49046265
2020-08-07,16.97,-1.394538059268,6479612742.88,5774647378.68,381827504.0,340285644.0,19.8589523,19.53462856,2.19660854,1.09729213,11.13691604,2.4557322
2020-08-10,16.99,0.117855038303,6487249292.96,5781453091.56,381827504.0,340285644.0,19.88235708,19.5576511,2.19919736,1.09858534,11.15004146,2.4586264
2020-08-11,17.6,3.590347263096,6720164070.4,5989027334.4,381827504.0,340285644.0,20.59620274,20.25983869,2.27815618,1.13802837,11.55036666,2.54689963
2020-08-12,16.52,-6.136363636364,6307790366.08,5621518838.88,381827504.0,340285644.0,19.33234484,19.01662132,2.13836023,1.06819481,10.84159416,2.3906126
2020-08-13,17.65,6.8401937046,6739255445.6,6006041616.6,381827504.0,340285644.0,20.65471468,20.31739505,2.28462821,1.14126141,11.58318021,2.55413514
2020-08-14,17.64,-0.056657223796,6735437170.56,6002638760.16,381827504.0,340285644.0,20.64301229,20.30588378,2.28333381,1.1406148,11.5766175,2.55268803
2020-08-17,17.56,-0.453514739229,6704890970.24,5975415908.64,381827504.0,340285644.0,20.54939319,20.2137936,2.27297855,1.13544194,11.52411583,2.54111122
2020-08-18,17.84,1.594533029613,6811802671.36,6070695888.96,381827504.0,340285644.0,20.87706005,20.53610922,2.30922195,1.15354694,11.70787166,2.58163007
2020-08-19,17.05,-4.428251121076,6510158943.2,5801870230.2,381827504.0,340285644.0,19.9525714,19.62671873,2.2069638,1.10246499,11.18941771,2.46730901
2020-08-20,16.48,-3.343108504399,6292517265.92,5607907413.12,381827504.0,340285644.0,19.28553529,18.97057623,2.1331826,1.06560838,10.81534333,2.38482419
2020-08-21,16.73,1.516990291262,6387974141.92,5692978824.12,381827504.0,340285644.0,19.57809499,19.25835803,2.16554278,1.08177356,10.97941104,2.42100175
2020-08-24,16.81,0.478182904961,6418520342.24,5720201675.64,381827504.0,340285644.0,19.67171409,19.3504482,2.17589803,1.08694642,11.03191271,2.43257856
2020-08-25,16.54,-1.606186793575,6315426916.16,5628324551.76,381827504.0,340285644.0,19.35574962,19.03964386,2.14094905,1.06948803,10.85471958,2.39350681
2020-08-26,16.14,-2.418379685611,6162695914.56,5492210294.16,381827504.0,340285644.0,17.76227552,18.57919298,2.08917277,1.04362375,8.91232896,2.32827378
2020-08-27,16.22,0.495662949195,6193242114.88,5519433145.68,381827504.0,340285644.0,17.85031654,18.67128316,2.09952802,1.0487966,8.95650407,2.33981417
2020-08-28,16.43,1.294697903822,6273425890.72,5590893130.92,381827504.0,340285644.0,18.08142421,18.91301987,2.12671057,1.06237535,9.07246374,2.3701077
2020-08-31,16.54,0.669506999391,6315426916.16,5628324551.76,381827504.0,340285644.0,18.20248061,19.03964386,2.14094905,1.06948803,9.13320452,2.38597574
2020-09-01,16.67,0.785973397823,6365064491.68,5672561685.48,381827504.0,340285644.0,18.34554727,19.1892904,2.15777634,1.07789392,9.20498908,2.40472887
2020-09-02,16.49,-1.079784043191,6296335540.96,5611310269.56,381827504.0,340285644.0,18.14745498,18.9820875,2.13447701,1.06625499,9.10559507,2.37876299
2020-09-03,16.15,-2.061855670103,6166514189.6,5495613150.6,381827504.0,340285644.0,17.77328065,18.59070425,2.09046718,1.04427035,8.91785085,2.32971633
2020-09-04,15.89,-1.609907120743,6067239038.56,5407138883.16,381827504.0,340285644.0,17.48714734,18.29141118,2.0568126,1.02745857,8.77428173,2.29221006
2020-09-07,15.62,-1.699181875393,5964145612.48,5315261759.28,381827504.0,340285644.0,17.1900089,17.98060684,2.02186361,1.01000018,8.62519072,2.25326125
2020-09-08,15.75,0.832266325224,6013783188.0,5359498893.0,381827504.0,340285644.0,17.33307555,18.13025337,2.0386909,1.01840607,8.69697528,2.27201438
2020-09-09,15.58,-1.079365079365,5948872512.32,5301650333.52,381827504.0,340285644.0,17.14598839,17.93456175,2.01668598,1.00741375,8.60310317,2.24749105
2020-09-10,15.18,-2.567394094994,5796141510.72,5165536075.92,381827504.0,340285644.0,16.7057833,17.47411087,1.96490971,0.98154947,8.38222761,2.1897891
2020-09-11,15.35,1.119894598155,5861052186.4,5223384635.4,381827504.0,340285644.0,16.89287046,17.66980249,1.98691462,0.99254179,8.47609972,2.21431243
2020-09-14,15.49,0.912052117264,5914508036.96,5271024625.56,381827504.0,340285644.0,17.04694224,17.8309603,2.00503632,1.00159429,8.55340617,2.23450811
2020-09-15,15.52,0.193673337637,5925962862.08,5281233194.88,381827504.0,340285644.0,17.07995763,17.86549412,2.00891954,1.00353411,8.56997183,2.23883576
2020-09-16,15.29,-1.481958762887,5838142536.16,5202967496.76,381827504.0,340285644.0,16.8268397,17.60073486,1.97914818,0.98866215,8.44296839,2.20565714
2020-09-17,15.46,1.111837802485,5903053211.84,5260816056.24,381827504.0,340285644.0,17.01392686,17.79642649,2.0011531,0.99965447,8.5368405,2.23018047
2020-09-18,15.65,1.228978007762,5975600437.6,5325470328.6,381827504.0,340285644.0,17.22302428,18.01514065,2.02574683,1.01194,8.64175639,2.25758889
2020-09-21,15.76,0.702875399361,6017601463.04,5362901749.44,381827504.0,340285644.0,17.34408068,18.14176465,2.03998531,1.01905268,8.70249717,2.27345693
2020-09-22,15.5,-1.649746192893,5918326312.0,5274427482.0,381827504.0,340285644.0,17.05794737,17.84247157,2.00633073,1.0022409,8.55892806,2.23595066
2020-09-23,15.7,1.290322580645,5994691812.8,5342484610.8,381827504.0,340285644.0,17.27804992,18.07269701,2.03221887,1.01517304,8.66936584,2.26480164
2020-09-24,15.36,-2.165605095541,5864870461.44,5226787491.84,381827504.0,340285644.0,16.90387559,17.68131377,1.98820903,0.9931884,8.48162161,2.21575498
2020-09-25,15.19,-1.106770833333,5799959785.76,5168938932.36,381827504.0,340285644.0,16.71678842,17.48562214,1.96620411,0.98219608,8.38774949,2.19123165
2020-09-28,15.25,0.394996708361,5822869436.0,5189356071.0,381827504.0,340285644.0,16.78281919,17.55468977,1.97397055,0.98607572,8.42088083,2.19988694
2020-09-29,15.69,2.885245901639,5990873537.76,5339081754.36,381827504.0,340285644.0,17.26704479,18.06118574,2.03092446,1.01452643,8.66384395,2.26335909
2020-09-30,15.72,0.19120458891,6002328362.88,5349290323.68,381827504.0,340285644.0,17.30006017,18.09571956,1.96106464,1.01646625,8.68040962,2.26768673
2020-10-09,15.9,1.145038167939,6071057313.6,5410541739.6,381827504.0,340285644.0,17.49815246,18.30292245,1.98351958,1.02810518,8.77980362,2.29365261
2020-10-12,16.2,1.88679245283,6185605564.8,5512627432.8,381827504.0,340285644.0,17.82830628,18.64826061,2.02094448,1.04750339,8.94546029,2.33692908
2020-10-13,16.09,-0.679012345679,6143604539.36,5475196011.96,381827504.0,340285644.0,17.70724988,18.52163662,2.00722201,1.04039071,8.88471951,2.32106104
2020-10-14,16.09,0.0,6143604539.36,5475196011.96,381827504.0,340285644.0,17.70724988,18.52163662,2.00722201,1.04039071,8.88471951,2.32106104
2020-10-15,15.86,-1.429459291485,6055784213.44,5396930313.84,381827504.0,340285644.0,17.45413196,18.25687737,1.97852959,1.02551875,8.75771606,2.28788242
2020-10-16,15.72,-0.882723833544,6002328362.88,5349290323.68,381827504.0,340285644.0,17.30006017,18.09571956,1.96106464,1.01646625,8.68040962,2.26768673
2020-10-19,15.7,-0.127226463104,5994691812.8,5342484610.8,381827504.0,340285644.0,17.27804992,18.07269701,1.95856965,1.01517304,8.66936584,2.26480164
2020-10-20,15.95,1.592356687898,6090148688.8,5427556021.8,381827504.0,340285644.0,17.5531781,18.36047881,1.98975706,1.03133821,8.80741306,2.30086536
2020-10-21,15.75,-1.253918495298,6013783188.0,5359498893.0,381827504.0,340285644.0,17.33307555,18.13025337,1.96480713,1.01840607,8.69697528,2.27201438
2020-10-22,15.86,0.698412698413,6055784213.44,5396930313.84,381827504.0,340285644.0,17.45413196,18.25687737,1.97852959,1.02551875,8.75771606,2.28788242
2020-10-23,16.03,1.071878940731,6120694889.12,5454778873.32,381827504.0,340285644.0,17.64121912,18.45256899,1.99973703,1.03651107,8.85158818,2.31240575
2020-10-26,16.48,2.807236431691,6292517265.92,5607907413.12,381827504.0,340285644.0,18.13644985,18.97057623,2.05587438,1.06560838,9.10007318,2.37732044
2020-10-27,16.35,-0.788834951456,6242879690.4,5563670279.4,381827504.0,340285644.0,17.99338319,18.82092969,2.03965693,1.05720249,9.02828863,2.35856731
2020-10-28,16.61,1.590214067278,6342154841.44,5652144546.84,381827504.0,340285644.0,18.27951651,19.12022276,2.07209184,1.07401428,9.17185774,2.39607358
2020-10-29,16.6,-0.060204695966,6338336566.4,5648741690.4,381827504.0,340285644.0,21.03051128,19.10871149,2.07084434,1.07336767,9.90595393,2.45110336
2020-10-30,16.4,-1.204819277108,6261971065.6,5580684561.6,381827504.0,340285644.0,20.77713163,18.87848605,2.04589441,1.06043553,9.78660509,2.421572
2020-11-02,16.81,2.5,6418520342.24,5720201675.64,381827504.0,340285644.0,21.29655992,19.3504482,2.09704177,1.08694642,10.03127021,2.4821113
2020-11-03,16.97,0.951814396193,6479612742.88,5774647378.68,381827504.0,340285644.0,21.49926364,19.53462856,2.11700171,1.09729213,10.12674929,2.50573639
2020-11-04,16.9,-0.41249263406,6452884817.6,5750827383.6,381827504.0,340285644.0,21.41058076,19.45404965,2.10826924,1.09276588,10.08497719,2.49540041
2020-11-05,16.89,-0.059171597633,6449066542.56,5747424527.16,381827504.0,340285644.0,21.39791178,19.44253838,2.10702174,1.09211927,10.07900975,2.49392384
2020-11-06,16.8,-0.532859680284,6414702067.2,5716798819.2,381827504.0,340285644.0,21.28389093,19.33893693,2.09579427,1.08629981,10.02530277,2.48063473
2020-11-09,16.94,0.833333333333,6468157917.76,5764438809.36,381827504.0,340285644.0,21.46125669,19.50009474,2.11325922,1.09535231,10.10884696,2.50130668
2020-11-10,16.47,-2.774498229044,6288698990.88,5604504556.68,381827504.0,340285644.0,20.8658145,18.95906496,2.05462688,1.06496178,9.82837718,2.43190797
2020-11-11,16.44,-0.182149362477,6277244165.76,5594295987.36,381827504.0,340285644.0,20.82780756,18.92453114,2.05088439,1.06302196,9.81047485,2.42747827
2020-11-12,16.39,-0.304136253041,6258152790.56,5577281705.16,381827504.0,340285644.0,20.76446264,18.86697478,2.04464691,1.05978892,9.78063764,2.42009543
2020-11-13,16.35,-0.244051250763,6242879690.4,5563670279.4,381827504.0,340285644.0,20.71378671,18.82092969,2.03965693,1.05720249,9.75676787,2.41418916
2020-11-16,16.48,0.795107033639,6292517265.92,5607907413.12,381827504.0,340285644.0,20.87848349,18.97057623,2.05587438,1.06560838,9.83434462,2.43338454
2020-11-17,16.21,-1.638349514563,6189423839.84,5516030289.24,381827504.0,340285644.0,20.53642095,18.65977189,2.02219197,1.04814999,9.67322369,2.3935172
2020-11-18,16.31,0.616903146206,6227606590.24,5550058853.64,381827504.0,340285644.0,20.66311078,18.77488461,2.03466694,1.05461606,9.73289811,2.40828288
2020-11-19,16.73,2.575107296137,6387974141.92,5692978824.12,381827504.0,340285644.0,21.19520805,19.25835803,2.0870618,1.08177356,9.98353068,2.47029875
2020-11-20,16.78,0.298864315601,6407065517.12,5709993106.32,381827504.0,340285644.0,21.25855297,19.31591439,2.09329928,1.0850066,10.01336789,2.47768159
2020-11-23,17.12,2.026221692491,6536886868.48,5825690225.28,381827504.0,340285644.0,21.68929838,19.70729764,2.13571416,1.10699123,10.21626092,2.52788491
2020-11-24,17.04,-0.467289719626,6506340668.16,5798467373.76,381827504.0,340285644.0,21.58794652,19.61520746,2.12573419,1.10181838,10.16852138,2.51607237
2020-11-25,16.82,-1.291079812207,6422338617.28,5723604532.08,381827504.0,340285644.0,21.3092289,19.36195948,2.09828927,1.08759302,10.03723765,2.48358787
2020-11-26,17.15,1.961950059453,6548341693.6,5835898794.6,381827504.0,340285644.0,21.72730533,19.74183145,2.13945665,1.10893106,10.23416325,2.53231462
2020-11-27,17.13,-0.116618075802,6540705143.52,5829093081.72,381827504.0,340285644.0,21.70196736,19.71880891,2.13696166,1.10763784,10.22222836,2.52936148
2020-11-30,16.9,-1.342673671921,6452884817.6,5750827383.6,381827504.0,340285644.0,21.41058076,19.45404965,2.10826924,1.09276588,10.08497719,2.49540041
2020-12-01,17.14,1.420118343195,6544523418.56,5832495938.16,381827504.0,340285644.0,21.71463634,19.73032018,2.13820916,1.10828445,10.2281958,2.53083805
2020-12-02,17.12,-0.116686114352,6536886868.48,5825690225.28,381827504.0,340285644.0,21.68929838,19.70729764,2.13571416,1.10699123,10.21626092,2.52788491
2020-12-03,16.55,-3.329439252336,6319245191.2,5631727408.2,381827504.0,340285644.0,20.96716637,19.05115513,2.06460686,1.07013463,9.87611672,2.44372052
2020-12-04,16.49,-0.36253776435,6296335540.96,5611310269.56,381827504.0,340285644.0,20.89115247,18.9820875,2.05712188,1.06625499,9.84031206,2.43486111
2020-12-07,16.46,-0.18192844148,6284880715.84,5601101700.24,381827504.0,340285644.0,20.85314552,18.94755368,2.05337939,1.06431517,9.82240974,2.43043141
2020-12-08,16.27,-1.154313487242,6212333490.08,5536447427.88,381827504.0,340285644.0,20.61243485,18.72883952,2.02967695,1.05202964,9.70902834,2.40237661
2020-12-09,15.83,-2.704363859865,6044329388.32,5386721744.52,381827504.0,340285644.0,20.05499961,18.22234355,1.9747871,1.02357893,9.44646088,2.3374076
2020-12-10,15.62,-1.326595072647,5964145612.48,5315261759.28,381827504.0,340285644.0,19.78895097,17.98060684,1.94858967,1.01000018,9.3211446,2.30639967
2020-12-11,15.22,-2.560819462228,5811414610.88,5179147501.68,381827504.0,340285644.0,19.28219167,17.52015596,1.89868981,0.9841359,9.08244691,2.24733694
2020-12-14,15.44,1.445466491459,5895416661.76,5254010343.36,381827504.0,340285644.0,19.56090929,17.77340394,1.92613474,0.99836125,9.21373064,2.27982144
2020-12-15,15.51,0.453367875648,5922144587.04,5277830338.44,381827504.0,340285644.0,19.64959216,17.85398285,1.93486721,1.0028875,9.25550274,2.29015742
2020-12-16,15.08,-2.772404900064,5757958760.32,5131507511.52,381827504.0,340285644.0,19.10482591,17.35899815,1.88122486,0.9750834,8.99890273,2.22666498
2020-12-17,15.16,0.53050397878,5788504960.64,5158730363.04,381827504.0,340285644.0,19.20617777,17.45108833,1.89120483,0.98025626,9.04664226,2.23847753
2020-12-18,15.01,-0.98944591029,5731230835.04,5107687516.44,381827504.0,340285644.0,19.01614303,17.27841925,1.87249238,0.97055715,8.95713063,2.216329
2020-12-21,15.13,0.799467021985,5777050135.52,5148521793.72,381827504.0,340285644.0,19.16817082,17.41655451,1.88746234,0.97831644,9.02873994,2.23404782
2020-12-22,14.95,-1.18968935889,5708321184.8,5087270377.8,381827504.0,340285644.0,18.94012913,17.20935162,1.8650074,0.96667751,8.92132598,2.20746959
2020-12-23,14.99,0.267558528428,5723594284.96,5100881803.56,381827504.0,340285644.0,18.99080506,17.2553967,1.86999739,0.96926394,8.94519575,2.21337587
2020-12-24,15.14,1.000667111408,5780868410.56,5151924650.16,381827504.0,340285644.0,19.18083981,17.42806578,1.88870984,0.97896304,9.03470738,2.23552439
2020-12-25,14.95,-1.254953764861,5708321184.8,5087270377.8,381827504.0,340285644.0,18.94012913,17.20935162,1.8650074,0.96667751,8.92132598,2.20746959
2020-12-28,14.64,-2.073578595318,5589954658.56,4981781828.16,381827504.0,340285644.0,18.54739067,16.85250218,1.82633501,0.94663269,8.73633527,2.16169598
2020-12-29,14.78,0.956284153005,5643410509.12,5029421818.32,381827504.0,340285644.0,18.72475643,17.01365999,1.84379996,0.95568519,8.81987946,2.18236793
2020-12-30,14.83,0.338294993234,5662501884.32,5046436100.52,381827504.0,340285644.0,18.78810134,17.07121635,1.85003744,0.95891822,8.84971667,2.18975078
2020-12-31,15.26,2.899527983817,5826687711.04,5192758927.44,381827504.0,340285644.0,19.3328676,15.21888852,1.80623334,0.98672233,9.10631668,2.25324321
2021-01-04,15.86,3.931847968545,6055784213.44,5396930313.84,381827504.0,340285644.0,20.09300656,15.81727208,1.87725168,-1.36461083,9.46436321,2.34183731
2021-01-05,17.45,10.025220680958,6662889944.8,5937984487.8,381827504.0,340285644.0,22.10737481,17.40298851,2.06545031,-1.50141607,10.41318651,2.57661167
2021-01-06,17.35,-0.573065902579,6624707194.4,5903955923.4,381827504.0,340285644.0,21.98068498,17.30325792,2.05361392,-1.49281197,10.35351209,2.56184598
2021-01-07,16.83,-2.99711815562,6426156892.32,5727007388.52,381827504.0,340285644.0,21.32189788,16.78465883,1.99206468,-1.44807063,10.0432051,2.48506443
2021-01-08,16.67,-0.950683303624,6365064491.68,5672561685.48,381827504.0,340285644.0,21.11919416,16.62508988,1.97312646,-1.43430406,9.94772602,2.46143934
2021-01-11,16.37,-1.799640071986,6250516240.48,5570475992.28,381827504.0,340285644.0,20.73912468,16.3258981,1.93761728,-1.40849175,9.76870276,2.41714229
2021-01-12,16.74,2.260232131949,6391792416.96,5696381680.56,381827504.0,340285644.0,21.20787704,16.6949013,1.98141193,-1.44032694,9.98949812,2.47177532
2021-01-13,16.3,-2.628434886499,6223788315.2,5546655997.2,381827504.0,340285644.0,20.6504418,16.25608669,1.92933181,-1.40246888,9.72693066,2.40680631
2021-01-14,16.01,-1.779141104294,6113058339.04,5447973160.44,381827504.0,340285644.0,20.2830413,15.96686797,1.89500627,-1.37751698,9.55387484,2.36398583
2021-01-15,15.9,-0.687070580887,6071057313.6,5410541739.6,381827504.0,340285644.0,20.14368249,15.85716432,1.88198624,-1.36805247,9.48823298,2.34774358
2021-01-18,16.03,0.817610062893,6120694889.12,5454778873.32,381827504.0,340285644.0,20.30837927,15.98681409,1.89737355,-1.3792378,9.56580973,2.36693897
2021-01-19,15.69,-2.121023081722,5990873537.76,5391317686.86,381827504.0,343614894.0,19.87763385,15.64773007,1.85712982,-1.34998385,9.36291669,2.31673565
2021-01-20,15.73,0.25493945188,6006146637.92,5318861882.62,381827504.0,338134894.0,19.92830978,15.68762231,1.86186438,-1.35342549,9.38678646,2.32264192
2021-01-21,15.97,1.525746980292,6097785238.88,5400014257.18,381827504.0,338134894.0,20.23236537,15.92697573,1.89027171,-1.37407534,9.53000507,2.35807956
2021-01-22,16.12,0.93926111459,6155059364.48,5450734491.28,381827504.0,338134894.0,20.42240011,16.07657162,1.9080263,-1.38698149,9.61951671,2.38022808
2021-01-25,16.28,0.992555831266,6216151765.12,5504836074.32,381827504.0,338134894.0,20.62510383,16.23614057,1.92696453,-1.40074806,9.71499578,2.40385318
2021-01-26,15.25,-6.326781326781,5822869436.0,5156557133.5,381827504.0,338134894.0,19.32019861,15.20891546,1.8050497,-1.31212579,9.10034924,2.25176664
2021-01-27,15.24,-0.065573770492,5819051160.96,5153175784.56,381827504.0,338134894.0,19.30752963,15.1989424,1.80386606,-1.31126538,9.0943818,2.25029008
2021-01-28,15.19,-0.328083989501,5799959785.76,5136269039.86,381827504.0,338134894.0,19.24418472,15.14907711,1.79794786,-1.30696333,9.06454459,2.24290723
2021-01-29,15.31,0.789993416722,5845779086.24,5176845227.14,381827504.0,338134894.0,19.39621251,15.26875382,1.81215153,-1.31728826,9.13615389,2.26062605
2021-02-01,15.33,0.130633572828,5853415636.32,5183607925.02,381827504.0,338134894.0,19.42155048,15.28869994,1.81451881,-1.31900908,9.14808878,2.26357919
2021-02-02,15.04,-1.891715590346,5742685660.16,5085548805.76,381827504.0,338134894.0,19.05414998,14.99948122,1.78019327,-1.29405718,8.97503296,2.22075871
2021-02-03,15.57,3.523936170213,5945054237.28,5264760299.58,381827504.0,338134894.0,19.72560606,15.52805336,1.84292615,-1.33965892,9.29130739,2.29901683
2021-02-04,15.14,-2.761721258831,5780868410.56,5119362295.16,381827504.0,338134894.0,19.18083981,15.09921181,1.79202967,-1.30266128,9.03470738,2.23552439
2021-02-05,14.95,-1.254953764861,5708321184.8,5055116665.3,381827504.0,338134894.0,18.94012913,14.90972368,1.76954052,-1.28631348,8.92132598,2.20746959
2021-02-08,15.0,0.334448160535,5727412560.0,5072023410.0,381827504.0,338134894.0,19.00347405,14.95958898,1.77545872,-1.29061553,8.95116319,2.21485244
2021-02-09,15.3,2.0,5841960811.2,5173463878.2,381827504.0,338134894.0,19.38354353,15.25878076,1.81096789,-1.31642785,9.13018645,2.25914948
2021-02-10,15.21,-0.588235294118,5807596335.84,5143031737.74,381827504.0,338134894.0,19.26952268,15.16902322,1.80031514,-1.30868415,9.07647947,2.24586037
2021-02-18,15.33,0.788954635108,5853415636.32,5183607925.02,381827504.0,338134894.0,19.42155048,15.28869994,1.81451881,-1.31900908,9.14808878,2.26357919
2021-02-19,16.01,4.4357469015,6113058339.04,5413539652.94,381827504.0,338134894.0,20.2830413,15.96686797,1.89500627,-1.37751698,9.55387484,2.36398583
2021-02-22,16.51,3.123048094941,6303972091.04,5582607099.94,381827504.0,338134894.0,16.41885858,16.46552094,1.95418823,-1.4205375,9.85224695,2.12345473
2021-02-23,16.55,0.242277407632,6319245191.2,5596132495.7,381827504.0,338134894.0,16.45863776,16.50541317,1.95892279,-1.42397914,9.87611672,2.12859938
2021-02-24,16.66,0.664652567976,6361246216.64,5633327334.04,381827504.0,338134894.0,16.56803052,16.61511683,1.97194282,-1.43344365,9.94175858,2.14274717
2021-02-25,16.8,0.840336134454,6414702067.2,5680666219.2,381827504.0,338134894.0,16.70725767,16.75473966,1.98851376,-1.4454894,10.02530277,2.16075345
2021-02-26,16.96,0.952380952381,6475794467.84,5734767802.24,381827504.0,338134894.0,16.86637441,16.9143086,2.00745199,-1.45925596,10.12078184,2.18133205
2021-03-01,17.2,1.415094339623,6567433068.8,5815920176.8,381827504.0,338134894.0,17.10504952,17.15366203,2.03585933,-1.47990581,10.26400046,2.21219996
2021-03-02,16.95,-1.453488372093,6471976192.8,5731386453.3,381827504.0,338134894.0,16.85642961,16.90433555,2.00626835,-1.45839555,10.1148144,2.18004589
2021-03-03,17.01,0.353982300885,6494885843.04,5751674546.94,381827504.0,338134894.0,16.91609839,16.9641739,2.01337019,-1.46355802,10.15061906,2.18776287
2021-03-04,17.21,1.175778953557,6571251343.84,5819301525.74,381827504.0,338134894.0,17.11499431,17.16363509,2.03704297,-1.48076622,10.2699679,2.21348612
2021-03-05,17.46,1.452643811737,6666708219.84,5903835249.24,381827504.0,338134894.0,17.36361422,17.41296157,2.06663395,-1.50227648,10.41915395,2.24564019
2021-03-08,17.09,-2.119129438717,6525432043.36,5778725338.46,381827504.0,338134894.0,16.99565676,17.04395838,2.0228393,-1.4704413,10.19835859,2.19805217
2021-03-09,17.07,-0.117027501463,6517795493.28,5771962640.58,381827504.0,338134894.0,16.97576717,17.02401226,2.02047202,-1.46872048,10.18642371,2.19547984
2021-03-10,16.51,-3.280609256005,6303972091.04,5582607099.94,381827504.0,338134894.0,16.41885858,16.46552094,1.95418823,-1.4205375,9.85224695,2.12345473
2021-03-11,17.49,5.935796486978,6678163044.96,5913979296.06,381827504.0,338134894.0,17.39344861,17.44288075,2.07018487,-1.50485771,10.43705628,2.24949868
2021-03-12,17.7,1.200686106346,6758346820.8,5984987623.8,381827504.0,338134894.0,17.60228933,17.65231499,2.09504129,-1.52292633,10.56237256,2.2765081
2021-03-15,18.38,3.841807909605,7017989523.52,6214919351.72,381827504.0,338134894.0,18.27853547,18.33048303,2.17552875,-1.58143423,10.96815863,2.36396717
2021-03-16,18.3,-0.435255712731,6987443323.2,6187868560.2,381827504.0,338134894.0,18.1989771,18.25069855,2.16605964,-1.57455095,10.92041909,2.35367786
2021-03-17,18.22,-0.437158469945,6956897122.88,6160817768.68,381827504.0,338134894.0,18.11941873,18.17091408,2.15659052,-1.56766767,10.87267955,2.34338856
2021-03-18,18.0,-1.207464324918,6872895072.0,6086428092.0,381827504.0,338134894.0,17.90063321,17.95150677,2.13055046,-1.54873864,10.74139583,2.31509298
2021-03-19,17.94,-0.333333333333,6849985421.76,6066139998.36,381827504.0,338134894.0,17.84096444,17.89166842,2.12344863,-1.54357618,10.70559117,2.307376
2021-03-22,18.04,0.557413600892,6888168172.16,6099953487.76,381827504.0,338134894.0,17.9404124,17.99139901,2.13528502,-1.55218028,10.76526559,2.32023763
2021-03-23,17.69,-1.940133037694,6754528545.76,5981606274.86,381827504.0,338134894.0,17.59234453,17.64234193,2.09385765,-1.52206592,10.55640512,2.27522193
2021-03-24,17.88,1.074053137366,6827075771.52,6045851904.72,381827504.0,338134894.0,17.78129566,17.83183006,2.11634679,-1.53841372,10.66978652,2.29965903
2021-03-25,18.48,3.355704697987,7056172273.92,6248732841.12,381827504.0,338134894.0,18.37798343,18.43021362,2.18736514,-1.59003834,11.02783305,2.37682879
2021-03-26,18.88,2.164502164502,7208903275.52,6383986798.72,381827504.0,338134894.0,18.77577528,18.82913599,2.23471071,-1.62445475,11.26653073,2.4282753
2021-03-29,18.7,-0.953389830508,7140174324.8,6323122517.8,381827504.0,338134894.0,18.59676895,18.64962093,2.2134052,-1.60896737,11.15911677,2.40512437
2021-03-30,18.75,0.267379679144,7159265700.0,6340029262.5,381827504.0,338134894.0,18.64649293,18.69948622,2.2193234,-1.61326942,11.18895399,2.41155519
2021-03-31,18.44,-1.653333333333,7040899173.76,6235207445.36,381827504.0,338134894.0,18.33820425,18.39032138,2.12905832,-1.5865967,11.00396328,2.37168414
2021-04-01,18.61,0.921908893709,7105809849.44,6292690377.34,381827504.0,338134894.0,18.50726578,18.55986339,2.14868629,-1.60122367,11.1054098,2.39354891
2021-04-02,18.19,-2.256851155293,6945442297.76,6150673721.86,381827504.0,338134894.0,18.08958434,18.1409949,2.10019364,-1.56508644,10.85477723,2.33953007
2021-04-06,18.23,0.21990104453,6960715397.92,6164199117.62,381827504.0,338134894.0,18.12936353,18.18088714,2.10481199,-1.56852808,10.87864699,2.34467472
2021-04-07,17.83,-2.194185408667,6807984396.32,6028945160.02,381827504.0,338134894.0,17.73157168,17.78196477,2.05862851,-1.53411167,10.63994931,2.29322821
2021-04-08,17.85,0.112170499159,6815620946.4,6035707857.9,381827504.0,338134894.0,17.75146127,17.80191088,2.06093769,-1.53583249,10.65188419,2.29580054
2021-04-09,17.4,-2.521008403361,6643798569.6,5883547155.6,381827504.0,338134894.0,17.30394544,17.35312321,2.00898127,-1.49711402,10.3833493,2.23792321
2021-04-12,17.04,-2.068965517241,6506340668.16,5761818593.76,381827504.0,338134894.0,16.94593278,16.99409308,1.96741615,-1.46613925,10.16852138,2.19162135
2021-04-13,16.82,-1.291079812207,6422338617.28,5687428917.08,381827504.0,338134894.0,16.72714726,16.77468577,1.94201523,-1.44721022,10.03723765,2.16332577
2021-04-14,16.87,0.297265160523,6441429992.48,5704335661.78,381827504.0,338134894.0,16.77687124,16.82455107,1.94778817,-1.45151227,10.06707487,2.16975659
2021-04-15,16.75,-0.711321873148,6395610692.0,5663759474.5,381827504.0,338134894.0,16.65753369,16.70487436,1.93393312,-1.44118735,9.99546556,2.15432263
2021-04-16,17.53,4.65671641791,6693436145.12,5927504691.82,381827504.0,338134894.0,17.43322779,17.48277299,2.02399091,-1.50829935,10.46092605,2.25464333
2021-04-19,17.8,1.540216771249,6796529571.2,6018801113.2,381827504.0,338134894.0,17.70173729,17.75204559,2.05516475,-1.53153043,10.62204698,2.28936972
2021-04-20,19.38,8.876404494382,7399817027.52,6553054245.72,381827504.0,338134894.0,19.32778896,19.32778896,2.23758949,-1.66747527,9.43626405,2.495736
2021-04-21,18.98,-2.063983488132,7247086025.92,6417800288.12,381827504.0,338134894.0,18.92886659,18.92886659,2.19140601,-1.63305886,9.24150112,2.44422442
2021-04-22,19.55,3.003161222339,7464727703.2,6610537177.7,381827504.0,338134894.0,19.49733097,19.49733097,2.25721747,-1.68210225,9.5190383,2.51762842
2021-04-23,19.6,0.255754475703,7483819078.4,6627443922.4,381827504.0,338134894.0,19.54719626,19.54719626,2.2629904,-1.6864043,9.54338366,2.52406737
2021-04-26,19.26,-1.734693877551,7353997727.04,6512478058.44,381827504.0,338134894.0,19.20811225,19.20811225,2.22373445,-1.65715035,9.37783517,2.48028253
2021-04-27,19.09,-0.882658359294,7289087051.36,6454995126.46,381827504.0,338134894.0,19.03857024,19.03857024,2.20410647,-1.64252337,9.29506092,2.45839011
2021-04-28,19.26,0.890518596124,7353997727.04,6512478058.44,381827504.0,338134894.0,19.20811225,19.20811225,2.22373445,-1.65715035,9.37783517,2.48028253
2021-04-29,19.13,-0.67497403946,7304360151.52,6468520522.22,381827504.0,338134894.0,19.07846248,19.07846248,2.20872482,-1.64596501,9.31453722,2.46354127
2021-04-30,18.95,-0.940930475693,7235631200.8,6407656241.3,381827504.0,338134894.0,17.88158865,18.89894741,2.18794225,-1.63047763,12.59561739,2.31164166
2021-05-06,18.8,-0.791556728232,7178357075.2,6356936007.2,381827504.0,338134894.0,17.74004573,18.74935152,2.17062345,-1.61757147,12.49591593,2.29334371
2021-05-07,18.29,-2.712765957447,6983625048.16,6184487211.26,381827504.0,338134894.0,17.25879981,18.24072549,2.11173951,-1.57369054,12.15693098,2.23113066
2021-05-10,18.4,0.601421541826,7025626073.6,6221682049.6,381827504.0,338134894.0,17.36259795,18.35042915,2.12443997,-1.58315506,12.23004538,2.24454916
2021-05-11,18.86,2.5,7201266725.44,6377224100.84,381827504.0,338134894.0,17.7966629,18.80918988,2.17755097,-1.62273393,12.53579651,2.30066289
2021-05-12,18.7,-0.84835630965,7140174324.8,6323122517.8,381827504.0,338134894.0,17.64568379,18.64962093,2.15907758,-1.60896737,12.42944829,2.28114507
2021-05-13,18.46,-1.283422459893,7048535723.84,6241970143.24,381827504.0,338134894.0,17.41921512,18.4102675,2.13136749,-1.58831752,12.26992596,2.25186834
2021-05-14,19.12,3.575297941495,7300541876.48,6465139173.28,381827504.0,338134894.0,18.04200396,19.06848942,2.20757023,-1.6451046,12.70861237,2.33237934
2021-05-17,18.83,-1.516736401674,7189811900.32,6367080054.02,381827504.0,338134894.0,17.76835432,18.7792707,2.17408721,-1.6201527,12.51585622,2.2970033
2021-05-18,18.37,-2.442910249602,7014171248.48,6211538002.78,381827504.0,338134894.0,17.33428937,18.32050997,2.12097621,-1.58057382,12.21010509,2.24088957
2021-05-19,18.11,-1.41535111595,6914896097.44,6123622930.34,381827504.0,338134894.0,17.08894831,18.06121043,2.09095695,-1.55820316,12.03728923,2.20917311
2021-05-20,18.46,1.93263390392,7048535723.84,6241970143.24,381827504.0,338134894.0,17.41921512,18.4102675,2.13136749,-1.58831752,12.26992596,2.25186834
2021-05-21,17.79,-3.629469122427,6792711296.16,6015419764.26,381827504.0,338134894.0,16.78699008,17.74207253,2.05401017,-1.53067002,11.82459279,2.17013747
2021-05-24,17.61,-1.011804384486,6723982345.44,5954555483.34,381827504.0,338134894.0,16.61713858,17.56255746,2.0332276,-1.51518264,11.70495104,2.14817993
2021-05-25,17.9,1.646791595684,6834712321.6,6052614602.6,381827504.0,338134894.0,16.89078822,17.85177618,2.06671062,-1.54013454,11.89770719,2.18355598
2021-05-26,17.39,-2.849162011173,6639980294.56,5880165806.66,381827504.0,338134894.0,16.4095423,17.34315016,2.00782669,-1.49625361,11.55872223,2.12134293
2021-05-27,17.42,0.17251293847,6651435119.68,5890309853.48,381827504.0,338134894.0,16.43785089,17.37306933,2.01129045,-1.49883484,11.57866253,2.12500252
2021-05-28,17.17,-1.435132032147,6555978243.68,5805776129.98,381827504.0,338134894.0,16.20194602,17.12374285,1.98242578,-1.47732458,11.41249343,2.09450593
2021-05-31,17.43,1.514269073966,6655253394.72,5893691202.42,381827504.0,338134894.0,16.44728708,17.38304239,2.01244504,-1.49969525,11.58530929,2.12622238
2021-06-01,17.54,0.631095811819,6697254420.16,5930886040.76,381827504.0,338134894.0,16.55108522,17.49274605,2.02514549,-1.50915977,11.65842369,2.13964088
2021-06-02,17.2,-1.93842645382,6567433068.8,5815920176.8,381827504.0,338134894.0,16.23025461,17.15366203,1.98588954,-1.47990581,11.43243372,2.09816552
2021-06-03,17.21,0.058139534884,6571251343.84,5819301525.74,381827504.0,338134894.0,16.2396908,17.16363509,1.98704412,-1.48076622,11.43908049,2.09938538
2021-06-04,17.46,1.452643811737,6666708219.84,5903835249.24,381827504.0,338134894.0,16.47559567,17.41296157,2.0159088,-1.50227648,11.60524958,2.12988197
2021-06-07,17.51,0.28636884307,6685799595.04,5920741993.94,381827504.0,338134894.0,16.52277664,17.46282687,2.02168173,-1.50657853,11.6384834,2.13598129
2021-06-08,17.59,0.456881781839,6716345795.36,5947792785.46,381827504.0,338134894.0,16.59826619,17.54261134,2.03091843,-1.51346182,11.69165751,2.1457402
2021-06-09,17.7,0.62535531552,6758346820.8,5984987623.8,381827504.0,338134894.0,16.70206433,17.65231499,2.04361888,-1.52292633,11.76477191,2.1591587
2021-06-10,17.88,1.016949152542,6827075771.52,6045851904.72,381827504.0,338134894.0,16.87191584,17.83183006,2.06440145,-1.53841372,11.88441366,2.18111625
2021-06-11,17.28,-3.355704697987,6597979269.12,5842970968.32,381827504.0,338134894.0,16.30574416,17.2334465,1.99512623,-1.4867891,11.48560783,2.10792443
2021-06-15,17.39,0.636574074074,6639980294.56,5880165806.66,381827504.0,338134894.0,16.4095423,17.34315016,2.00782669,-1.49625361,11.55872223,2.12134293
2021-06-16,17.19,-1.150086256469,6563614793.76,5812538827.86,381827504.0,338134894.0,16.22081841,17.14368897,1.98473495,-1.4790454,11.42578696,2.09694565
2021-06-17,16.94,-1.454333915067,6468157917.76,5728005104.36,381827504.0,338134894.0,15.98491355,16.89436249,1.95587028,-1.45753514,11.25961786,2.06644906
2021-06-18,17.24,1.770956316411,6582706168.96,5829445572.56,381827504.0,338134894.0,16.26799939,17.19355427,1.99050788,-1.48334745,11.45902078,2.10304497
2021-06-21,17.65,2.37819025522,6739255445.6,5968080879.1,381827504.0,338134894.0,16.65488336,17.6024497,2.03784595,-1.51862428,11.73153809,2.15305938
2021-06-22,17.64,-0.056657223796,6735437170.56,5964699530.16,381827504.0,338134894.0,16.64544717,17.59247664,2.03669136,-1.51776387,11.72489133,2.15183952
2021-06-23,17.56,-0.453514739229,6704890970.24,5937648738.64,381827504.0,338134894.0,16.56995761,17.51269216,2.02745467,-1.51088059,11.67171722,2.14208061
2021-06-24,17.39,-0.968109339408,6639980294.56,5880165806.66,381827504.0,338134894.0,16.4095423,17.34315016,2.00782669,-1.49625361,11.55872223,2.12134293
2021-06-25,17.62,1.32259919494,6727800620.48,5935402261.88,381827504.0,336855974.0,16.62657478,17.57253052,2.03438219,-1.51604305,11.7115978,2.14939979
2021-06-28,17.86,1.362088535755,6819439221.44,6016247695.64,381827504.0,336855974.0,16.85304345,17.81188394,2.06209227,-1.5366929,11.87112013,2.17867652
2021-06-29,17.74,-0.6718924972,6773619920.96,5975824978.76,381827504.0,336855974.0,16.73980911,17.69220723,2.04823723,-1.52636797,11.79135897,2.16403816
2021-06-30,18.13,2.198421645998,6922532647.52,6107198808.62,381827504.0,336855974.0,17.1078207,18.08115654,2.10093386,-1.55992398,12.05058275,2.21161284
2021-07-01,18.03,-0.551571980143,6884349897.12,6073513211.22,381827504.0,336855974.0,17.01345875,17.98142595,2.0893457,-1.55131987,11.98411512,2.1994142
2021-07-02,17.62,-2.273987798114,6727800620.48,5935402261.88,381827504.0,336855974.0,16.62657478,17.57253052,2.04183423,-1.51604305,11.7115978,2.14939979
2021-07-05,17.77,0.851305334847,6785074746.08,5985930657.98,381827504.0,336855974.0,16.7681177,17.72212641,2.05921647,-1.5289492,11.81129926,2.16769775
2021-07-06,17.93,0.900393922341,6846167146.72,6039827613.82,381827504.0,336855974.0,16.91909681,17.88169536,2.07775753,-1.54271577,11.91764748,2.18721557
2021-07-07,18.68,4.182933630786,7132537774.72,6292469594.32,381827504.0,336855974.0,17.6268114,18.62967481,2.16466875,-1.60724655,12.41615476,2.27870534
2021-07-08,13.36,2.297090352221,7141701626.8,6300554129.68,534558505.0,471598363.0,17.64945825,18.65361013,2.16744991,-1.60931153,12.43210698,2.28163301
2021-07-09,13.15,-1.571856287425,7029444340.75,6201518473.45,534558505.0,471598363.0,17.37203413,18.36040219,2.13338071,-1.58401546,12.23669213,2.24576902
2021-07-12,13.43,2.12927756654,7179120722.15,6333566015.09,534558505.0,471598363.0,17.74193295,18.75134611,2.17880631,-1.61774355,12.49724527,2.29358768
2021-07-13,13.78,2.606105733433,7366216198.9,6498625442.14,534558505.0,471598363.0,18.20430648,19.24002602,2.2355883,-1.65990366,12.82293669,2.353361
2021-07-14,13.68,-0.725689404935,7312760348.4,6451465605.84,534558505.0,471598363.0,18.07219976,19.10040319,2.21936488,-1.64785791,12.729882,2.3362829
2021-07-15,13.73,0.365497076023,7339488273.65,6475045523.99,534558505.0,471598363.0,18.13825312,19.1702146,2.22747659,-1.65388079,12.77640935,2.34482195
2021-07-16,14.19,3.350327749454,7585385185.95,6691980770.97,534558505.0,471598363.0,18.74594405,19.81247962,2.30210436,-1.70929121,13.20446093,2.42338117
2021-07-19,14.6,2.889358703312,7804554173.0,6885336099.8,534558505.0,471598363.0,19.28758162,20.38493322,2.36862041,-1.75867877,13.58598518,2.49340135
2021-07-20,14.2,-2.739726027397,7590730771.0,6696696754.6,534558505.0,471598363.0,18.75915472,19.8264419,2.3037267,-1.71049579,13.2137664,2.42508898
2021-07-21,14.41,1.478873239437,7702988057.05,6795732410.83,534558505.0,471598363.0,19.03657884,20.11964985,2.3377959,-1.73579185,13.40918126,2.46095297
2021-07-22,14.38,-0.208188757807,7686951301.9,6781584459.94,534558505.0,471598363.0,18.99694682,20.077763,2.33292887,-1.73217813,13.38126485,2.45582954
2021-07-23,14.11,-1.877607788595,7542620505.55,6654252901.93,534558505.0,471598363.0,18.64025867,19.70078136,2.28912561,-1.69965462,13.13001718,2.4097187
2021-07-26,14.03,-0.566973777463,7499855825.15,6616525032.89,534558505.0,471598363.0,18.53457329,19.58908309,2.27614687,-1.69001802,13.05557343,2.39605622
2021-07-27,13.6,-3.064861012117,7269995668.0,6413737736.8,534558505.0,471598363.0,17.96651438,18.98870492,2.20638613,-1.63822132,12.65543825,2.32262043
2021-07-28,13.18,-3.088235294118,7045481095.9,6215666424.34,534558505.0,471598363.0,17.41166614,18.40228903,2.13824774,-1.58762919,12.26460854,2.25089245
2021-07-29,13.34,1.213960546282,7131010456.7,6291122162.42,534558505.0,471598363.0,17.6230369,18.62568556,2.16420522,-1.60690238,12.41349604,2.27821739
2021-07-30,13.28,-0.449775112444,7098936946.4,6262826260.64,534558505.0,471598363.0,17.54377287,18.54191186,2.15447117,-1.59967493,12.35766323,2.26797054
2021-08-02,13.76,3.614457831325,7355525028.8,6489193474.88,534558505.0,471598363.0,18.17788514,19.21210145,2.23234362,-1.65749451,12.80432575,2.34994538
2021-08-03,13.57,-1.380813953488,7253958912.85,6399589785.91,534558505.0,471598363.0,17.92688237,18.94681807,2.20151911,-1.63460759,12.62752184,2.317497
2021-08-04,13.79,1.621223286662,7371561783.95,6503341425.77,534558505.0,471598363.0,18.21751716,19.2539883,2.23721065,-1.66110823,12.83224216,2.3550688
2021-08-05,14.17,2.755620014503,7574694015.85,6682548803.71,534558505.0,471598363.0,18.71952271,19.78455505,2.29885967,-1.70688206,13.18585,2.41996555
2021-08-06,14.22,0.352858151023,7601421941.1,6706128721.86,534558505.0,471598363.0,18.78557607,19.85436647,2.30697139,-1.71290494,13.23237734,2.4285046
2021-08-09,14.25,0.210970464135,7617458696.25,6720276672.75,534558505.0,471598363.0,18.82520808,19.89625332,2.31183841,-1.71651866,13.26029375,2.43362803
2021-08-10,14.94,4.842105263158,7986304064.7,7045679543.22,534558505.0,471598363.0,19.73674448,20.85965085,2.42378006,-1.7996343,13.90237113,2.55146686
2021-08-11,14.68,-1.740294511379,7847318853.4,6923063968.84,534558505.0,471598363.0,19.39326699,20.49663149,2.38159915,-1.76831536,13.66042893,2.50706382
2021-08-12,14.55,-0.885558583106,7777826247.75,6861756181.65,534558505.0,471598363.0,19.22152825,20.31512181,2.3605087,-1.75265589,13.53945783,2.4848623
2021-08-13,14.65,0.687285223368,7831282098.25,6908916017.95,534558505.0,471598363.0,19.35363498,20.45474464,2.37673212,-1.76470164,13.63251252,2.50194039
2021-08-16,14.29,-2.457337883959,7638841036.45,6739140607.27,534558505.0,471598363.0,18.87805077,19.95210245,2.31832778,-1.72133696,13.29751563,2.44045926
2021-08-17,14.01,-1.959412176347,7489164655.05,6607093065.63,534558505.0,471598363.0,18.50815195,19.56115853,2.27290219,-1.68760887,13.03696249,2.39264061
2021-08-18,14.28,1.927194860814,7633495451.4,6734424623.64,534558505.0,471598363.0,18.8648401,19.93814017,2.31670544,-1.72013238,13.28821016,2.43875145
2021-08-19,14.72,3.081232492997,7868701193.6,6941927903.36,534558505.0,471598363.0,19.44610968,20.55248062,2.38808852,-1.77313366,13.69765081,2.51389505
2021-08-20,15.24,3.532608695652,8146671616.2,7187159052.12,534558505.0,471598363.0,20.13306465,21.27851934,2.47245035,-1.83577153,14.18153521,2.60270113
2021-08-23,15.8,3.674540682415,8446024379.0,7451254135.4,534558505.0,471598363.0,20.8728623,22.06040719,2.56330154,-1.90322771,14.70264149,2.69833844
2021-08-24,15.98,1.139240506329,8542244909.9,7536141840.74,534558505.0,471598363.0,18.46877133,22.31172828,2.59250371,-1.92491005,57.37195282,2.56321927
2021-08-25,15.24,-4.630788485607,8146671616.2,7187159052.12,534558505.0,471598363.0,17.6135216,21.27851934,2.47245035,-1.83577153,54.71517904,2.44452201
2021-08-26,15.2,-0.262467191601,8125289276.0,7168295117.6,534558505.0,471598363.0,17.56729188,21.22267021,2.46596097,-1.83095324,54.57156964,2.43810594
2021-08-27,15.04,-1.052631578947,8039759915.2,7092839379.52,534558505.0,471598363.0,17.38237302,20.99927368,2.44000349,-1.81168004,53.99713207,2.41244167
2021-08-30,15.21,1.130319148936,8130634861.05,7173011101.23,534558505.0,471598363.0,17.57884931,21.23663249,2.46758332,-1.83215781,54.60747199,2.43970996
2021-08-31,15.06,-0.986193293886,8050451085.3,7102271346.78,534558505.0,471598363.0,17.40548788,21.02719824,2.44324818,-1.81408919,54.06893677,2.4156497
2021-09-01,14.89,-1.128818061089,7959576139.45,7022099625.07,534558505.0,471598363.0,17.20901159,20.78983943,2.41566835,-1.79361143,53.45859684,2.38838141
2021-09-02,14.99,0.671591672263,8013031989.95,7069259461.37,534558505.0,471598363.0,17.32458588,20.92946226,2.43189178,-1.80565717,53.81762033,2.40442158
2021-09-03,14.68,-2.068045363576,7847318853.4,6923063968.84,534558505.0,471598363.0,16.96630558,20.49663149,2.38159915,-1.76831536,52.70464753,2.35469705
2021-09-06,14.7,0.136239782016,7858010023.5,6932495936.1,534558505.0,471598363.0,16.98942044,20.52455605,2.38484384,-1.77072451,52.77645222,2.35790509
2021-09-07,15.14,2.993197278912,8093215765.7,7139999215.82,534558505.0,471598363.0,17.49794731,21.13889651,2.45622692,-1.82372579,54.35615555,2.42848184
2021-09-08,14.95,-1.254953764861,7991649649.75,7050395526.85,534558505.0,471598363.0,17.27835616,20.87361313,2.42540241,-1.80083887,53.67401093,2.39800552
2021-09-09,14.77,-1.204013377926,7895429118.85,6965507821.51,534558505.0,471598363.0,17.07032244,20.62229204,2.39620024,-1.77915653,53.02776866,2.36913321
2021-09-10,15.27,3.385240352065,8162708371.35,7201307003.01,534558505.0,471598363.0,17.64819388,21.32040619,2.47731737,-1.83938526,54.82288608,2.44933406
2021-09-13,14.32,-6.221349050426,7654877791.6,6753288558.16,534558505.0,471598363.0,16.55023814,19.9939893,2.32319481,-1.72495068,51.41216298,2.29695244
2021-09-14,13.76,-3.91061452514,7355525028.8,6489193474.88,534558505.0,471598363.0,15.90302212,19.21210145,2.23234362,-1.65749451,49.40163147,2.20712748
2021-09-15,13.95,1.380813953488,7457091144.75,6578797163.85,534558505.0,471598363.0,16.12261327,19.47738483,2.26316813,-1.68038142,50.08377609,2.23760381
2021-09-16,13.86,-0.645161290323,7408980879.3,6536353311.18,534558505.0,471598363.0,16.01859641,19.35172428,2.24856705,-1.66954025,49.76065495,2.22316766
2021-09-17,13.79,-0.505050505051,7371561783.95,6503341425.77,534558505.0,471598363.0,15.93769441,19.2539883,2.23721065,-1.66110823,49.50933851,2.21193954
2021-09-22,14.01,1.595358955765,7489164655.05,6607093065.63,534558505.0,471598363.0,16.19195785,19.56115853,2.27290219,-1.68760887,50.29919018,2.24722791
2021-09-23,14.1,0.642398286938,7537274920.5,6649536918.3,534558505.0,471598363.0,16.29597471,19.68681907,2.28750327,-1.69845004,50.62231132,2.26166406
2021-09-24,13.96,-0.992907801418,7462436729.8,6583513147.48,534558505.0,471598363.0,16.1341707,19.49134711,2.26479047,-1.681586,50.11967844,2.23920783
2021-09-27,13.9,-0.429799426934,7430363219.5,6555217245.7,534558505.0,471598363.0,16.06482613,19.40757341,2.25505642,-1.67435855,49.90426435,2.22958372
2021-09-28,13.94,0.287769784173,7451745559.7,6574081180.22,534558505.0,471598363.0,16.11105584,19.46342254,2.26154579,-1.67917685,50.04787374,2.23599979
2021-09-29,13.66,-2.008608321377,7302069178.3,6442033638.58,534558505.0,471598363.0,15.78744784,19.07247862,2.21612019,-1.64544876,49.04260798,2.19108731
2021-09-30,13.95,2.12298682284,7457091144.75,6578797163.85,534558505.0,471598363.0,16.12261327,19.47738483,2.19302311,-1.68038142,50.08377609,2.23760381
2021-10-08,13.97,0.143369175627,7467782314.85,6588229131.11,534558505.0,471598363.0,16.14572813,19.50530939,2.19616723,-1.68279057,50.15558079,2.24081184
2021-10-11,14.11,1.00214745884,7542620505.55,6654252901.93,534558505.0,471598363.0,16.30753213,19.70078136,2.21817606,-1.69965462,50.65821366,2.26326808
2021-10-12,13.9,-1.48830616584,7430363219.5,6555217245.7,534558505.0,471598363.0,16.06482613,19.40757341,2.18516281,-1.67435855,49.90426435,2.22958372
2021-10-13,13.78,-0.863309352518,7366216198.9,6498625442.14,534558505.0,471598363.0,15.92613698,19.24002602,2.1662981,-1.65990366,49.47343616,2.21033552
2021-10-14,13.81,0.21770682148,7382252954.05,6512773393.03,534558505.0,471598363.0,15.96080927,19.28191287,2.17101428,-1.66351738,49.58114321,2.21514757
2021-10-15,13.58,-1.665459811731,7259304497.9,6404305769.54,534558505.0,471598363.0,15.6949884,18.96078036,2.1348569,-1.63581217,48.7553892,2.17825518
2021-10-18,13.65,0.515463917526,7296723593.25,6437317654.95,534558505.0,471598363.0,15.77589041,19.05851634,2.14586132,-1.64424419,49.00670564,2.1894833
2021-10-19,13.67,0.14652014652,7307414763.35,6446749622.21,534558505.0,471598363.0,15.79900526,19.0864409,2.14900544,-1.64665334,49.07851033,2.19269133
2021-10-20,13.31,-2.633504023409,7114973701.55,6276974211.53,534558505.0,471598363.0,15.38293783,18.58379871,2.0924113,-1.60328866,47.78602579,2.13494672
2021-10-21,13.03,-2.103681442524,6965297320.15,6144926669.89,534558505.0,471598363.0,15.05932982,18.19285479,2.04839363,-1.56956057,46.78076003,2.09003424
2021-10-22,12.83,-1.534919416731,6858385619.15,6050606997.29,534558505.0,471598363.0,14.82818124,17.91360913,2.01695244,-1.54546908,46.06271306,2.0579539
2021-10-25,12.75,-0.62353858145,6815620938.75,6012879128.25,534558505.0,471598363.0,14.73572181,17.80191086,2.00437596,-1.53583248,45.77549427,2.04512176
2021-10-26,13.2,3.529411764706,7056172266.0,6225098391.6,534558505.0,471598363.0,15.25580611,18.4302136,2.07511864,-1.59003834,47.39109995,2.11730253
2021-10-27,12.92,-2.121212121212,6906495884.6,6093050849.96,534558505.0,471598363.0,14.9321981,18.03926968,2.03110097,-1.55631025,46.3858342,2.07239005
2021-10-28,11.63,-9.984520123839,6216915413.15,5484688961.69,534558505.0,471598363.0,13.81599691,16.23813516,1.82830529,-1.40092014,106.78726554,1.79401151
2021-10-29,11.35,-2.407566638005,6067239031.75,5352641420.05,534558505.0,471598363.0,13.48336757,15.84719124,1.78428762,-1.36719205,104.21629096,1.75081949
2021-11-01,11.6,2.202643171806,6200878658.0,5470541010.8,534558505.0,471598363.0,13.78035805,16.19624832,1.82358911,-1.39730642,106.51180397,1.78938379
2021-11-02,11.75,1.293103448276,6281062433.75,5541280765.25,534558505.0,471598363.0,13.95855234,16.40568256,1.84717,-1.41537503,107.88911178,1.81252238
2021-11-03,11.72,-0.255319148936,6265025678.6,5527132814.36,534558505.0,471598363.0,13.92291348,16.36379571,1.84245382,-1.41176131,107.61365022,1.80789466
2021-11-04,11.83,0.938566552901,6323827114.15,5579008634.29,534558505.0,471598363.0,14.05358929,16.51738083,1.85974648,-1.42501163,108.62367595,1.82486295
2021-11-05,11.73,-0.845308537616,6270371263.65,5531848797.99,534558505.0,471598363.0,13.9347931,16.37775799,1.84402588,-1.41296589,107.70547074,1.80943723
2021-11-08,11.7,-0.255754475703,6254334508.5,5517700847.1,534558505.0,471598363.0,13.89915424,16.33587115,1.8393097,-1.40935216,107.43000918,1.80480951
2021-11-09,12.16,3.931623931624,6500231420.8,5734636094.08,534558505.0,471598363.0,14.44561671,16.97813617,1.91162445,-1.46476259,111.65375313,1.87576784
2021-11-10,12.24,0.657894736842,6542996101.2,5772363963.12,534558505.0,471598363.0,14.54065367,17.08983443,1.92420092,-1.47439918,112.3883173,1.88810842
2021-11-11,12.3,0.490196078431,6575069611.5,5800659864.9,534558505.0,471598363.0,14.61193138,17.17360813,1.93363328,-1.48162663,112.93924042,1.89736385
2021-11-12,12.5,1.626016260163,6681981312.5,5894979537.5,534558505.0,471598363.0,14.84952376,17.45285379,1.96507447,-1.50571812,114.77565083,1.92821529
2021-11-15,12.45,-0.4,6655253387.25,5871399619.35,534558505.0,471598363.0,14.79012567,17.38304237,1.95721417,-1.49969525,114.31654823,1.92050243
2021-11-16,12.23,-1.767068273092,6537650516.15,5767647979.49,534558505.0,471598363.0,14.52877405,17.07587215,1.92262886,-1.47319461,112.29649678,1.88656584
2021-11-17,12.5,2.207686017989,6681981312.5,5894979537.5,534558505.0,471598363.0,14.84952376,17.45285379,1.96507447,-1.50571812,114.77565083,1.92821529
2021-11-18,12.5,0.0,6681981312.5,5894979537.5,534558505.0,471598363.0,14.84952376,17.45285379,1.96507447,-1.50571812,114.77565083,1.92821529
2021-11-19,12.55,0.4,6708709237.75,5918559455.65,534558505.0,471598363.0,14.90892186,17.5226652,1.97293477,-1.51174099,115.23475344,1.93592815
2021-11-22,12.68,1.035856573705,6778201843.4,5979867242.84,534558505.0,471598363.0,15.0633569,17.70417488,1.99337154,-1.52740046,116.42842021,1.95598159
2021-11-23,12.62,-0.473186119874,6746128333.1,5951571341.06,534558505.0,471598363.0,14.99207919,17.62040118,1.98393919,-1.52017302,115.87749708,1.94672616
2021-11-24,12.48,-1.109350237718,6671290142.4,5885547570.24,534558505.0,471598363.0,14.82576452,17.42492922,1.96193035,-1.50330897,114.59200979,1.92513015
2021-11-25,12.37,-0.88141025641,6612488706.85,5833671750.31,534558505.0,471598363.0,14.69508871,17.27134411,1.9446377,-1.49005865,113.58198407,1.90816185
2021-11-26,12.25,-0.970088924818,6548341686.25,5777079946.75,534558505.0,471598363.0,14.55253329,17.10379671,1.92577298,-1.47560376,112.48013782,1.88965099
2021-11-29,12.26,0.081632653061,6553687271.3,5781795930.38,534558505.0,471598363.0,14.5644129,17.117759,1.92734504,-1.47680833,112.57195834,1.89119356
2021-11-30,12.39,1.060358890701,6623179876.95,5843103717.57,534558505.0,471598363.0,14.71884795,17.29926867,1.94778182,-1.4924678,113.76562511,1.911247
2021-12-01,12.44,0.403551251009,6649907802.2,5866683635.72,534558505.0,471598363.0,14.77824605,17.36908009,1.95564211,-1.49849067,114.22472771,1.91895986
2021-12-02,12.12,-2.572347266881,6478849080.6,5715772159.56,534558505.0,471598363.0,14.39809824,16.92228703,1.90533621,-1.45994429,111.28647105,1.86959755
2021-12-03,12.3,1.485148514851,6575069611.5,5800659864.9,534558505.0,471598363.0,14.61193138,17.17360813,1.93363328,-1.48162663,112.93924042,1.89736385
2021-12-06,12.14,-1.30081300813,6489540250.7,5725204126.82,534558505.0,471598363.0,14.42185748,16.9502116,1.90848033,-1.46235344,111.47011209,1.87268269
2021-12-07,11.83,-2.553542009885,6323827114.15,5579008634.29,534558505.0,471598363.0,14.05358929,16.51738083,1.85974648,-1.42501163,108.62367595,1.82486295
2021-12-08,11.83,0.0,6323827114.15,5579008634.29,534558505.0,471598363.0,14.05358929,16.51738083,1.85974648,-1.42501163,108.62367595,1.82486295
2021-12-09,11.94,0.929839391378,6382628549.7,5630884454.22,534558505.0,471598363.0,14.1842651,16.67096594,1.87703913,-1.43826195,109.63370168,1.84183125
2021-12-10,11.85,-0.753768844221,6334518284.25,5588440601.55,534558505.0,471598363.0,14.07734853,16.54530539,1.8628906,-1.42742078,108.80731699,1.8279481
2021-12-13,11.84,-0.084388185654,6329172699.2,5583724617.92,534558505.0,471598363.0,14.06546891,16.53134311,1.86131854,-1.42621621,108.71549647,1.82640553
2021-12-14,12.01,1.435810810811,6420047645.05,5663896339.63,534558505.0,471598363.0,14.26742243,16.76870192,1.88804355,-1.44669397,110.27644532,1.85262925
2021-12-15,12.07,0.499583680266,6452121155.35,5692192241.41,534558505.0,471598363.0,14.33870014,16.85247562,1.89747591,-1.45392142,110.82736845,1.86188469
2021-12-16,12.22,1.242750621375,6532304931.1,5762931995.86,534558505.0,471598363.0,14.51689443,17.06190986,1.9210568,-1.47199004,112.20467626,1.88502327
2021-12-17,12.09,-1.063829787234,6462812325.45,5701624208.67,534558505.0,471598363.0,14.36245938,16.88040018,1.90062003,-1.45633057,111.01100949,1.86496983
2021-12-20,11.82,-2.233250620347,6318481529.1,5574292650.66,534558505.0,471598363.0,14.04170967,16.50341854,1.85817442,-1.42380706,108.53185543,1.82332038
2021-12-21,11.9,0.676818950931,6361246209.5,5612020519.7,534558505.0,471598363.0,14.13674662,16.61511681,1.8707509,-1.43344365,109.26641959,1.83566096
2021-12-22,11.9,0.0,6361246209.5,5612020519.7,534558505.0,471598363.0,14.13674662,16.61511681,1.8707509,-1.43344365,109.26641959,1.83566096
2021-12-23,11.82,-0.672268907563,6318481529.1,5574292650.66,534558505.0,471598363.0,14.04170967,16.50341854,1.85817442,-1.42380706,108.53185543,1.82332038
2021-12-24,11.76,-0.507614213198,6286408018.8,5545996748.88,534558505.0,471598363.0,13.97043195,16.41964484,1.84874206,-1.41657961,107.98093231,1.81406495
2021-12-27,11.8,0.340136054422,6307790359.0,5564860683.4,534558505.0,471598363.0,14.01795043,16.47549398,1.8550303,-1.42139791,108.34821439,1.82023524
2021-12-28,11.88,0.677966101695,6350555039.4,5602588552.44,534558505.0,471598363.0,14.11298738,16.58719224,1.86760678,-1.4310345,109.08277855,1.83257581
2021-12-29,12.02,1.178451178451,6425393230.1,5668612323.26,534558505.0,471598363.0,14.27930205,16.7826642,1.88961561,-1.44789855,110.36826584,1.85417183
2021-12-30,12.23,1.747088186356,6537650516.15,5767647979.49,534558505.0,471598363.0,14.52877405,17.07587215,1.92262886,-1.47319461,112.29649678,1.88656584
2021-12-31,12.24,0.081766148814,6542996101.2,5772363963.12,534558505.0,471598363.0,14.54065367,127.70985271,2.07582182,-1.47439918,112.3883173,1.88810842
2022-01-04,12.34,0.816993464052,6596451951.7,5819523799.42,534558505.0,471598363.0,14.65944986,128.75323386,2.09278115,0.07456189,113.3065225,1.90353414
2022-01-05,12.16,-1.458670988655,6500231420.8,5734636094.08,534558505.0,471598363.0,14.44561671,126.87514779,2.06225436,0.07347428,111.65375313,1.87576784
2022-01-06,12.2,0.328947368421,6521613761.0,5753500028.6,534558505.0,471598363.0,14.49313519,127.29250025,2.06903809,0.07371597,112.02103521,1.88193813
2022-01-07,12.1,-0.819672131148,6468157910.5,5706340192.3,534558505.0,471598363.0,14.374339,126.2491191,2.05207876,0.07311174,111.10283001,1.8665124
2022-01-10,12.25,1.239669421488,6548341686.25,5777079946.75,534558505.0,471598363.0,14.55253329,127.81419083,2.07751776,0.07401809,112.48013782,1.88965099
2022-01-11,12.1,-1.224489795918,6468157910.5,5706340192.3,534558505.0,471598363.0,14.374339,126.2491191,2.05207876,0.07311174,111.10283001,1.8665124
2022-01-12,12.17,0.578512396694,6505577005.85,5739352077.71,534558505.0,471598363.0,14.45749633,126.97948591,2.06395029,0.0735347,111.74557365,1.87731041
2022-01-13,12.06,-0.903861955629,6446775570.3,5687476245.72,534558505.0,471598362.0,14.32682052,125.83176664,2.04529503,0.07287005,110.73554793,1.86034212
2022-01-14,11.78,-2.321724709784,6297099188.9,5555428704.36,534558505.0,471598362.0,13.99419119,122.91029942,1.99780891,0.07117821,108.16457335,1.81715009
2022-01-17,12.03,2.122241086587,6430738815.15,5673328294.86,534558505.0,471598362.0,14.29118167,125.5187523,2.04020723,0.07268878,110.46008636,1.8557144
2022-01-18,11.95,-0.665004156276,6387974134.75,5635600425.9,534558505.0,471598362.0,14.19614472,124.68404738,2.02663977,0.0722054,109.7255222,1.84337382
2022-01-19,11.75,-1.673640167364,6281062433.75,5541280753.5,534558505.0,471598362.0,13.95855234,122.59728508,1.99272111,0.07099694,107.88911178,1.81252238
2022-01-20,11.78,0.255319148936,6297099188.9,5555428704.36,534558505.0,471598362.0,13.99419119,122.91029942,1.99780891,0.07117821,108.16457335,1.81715009
2022-01-21,11.31,-3.989813242784,6045856691.55,5333777474.22,534558505.0,471598362.0,13.4358491,118.00640802,1.91810007,0.06833833,103.84900888,1.7446492
2022-01-24,11.19,-1.06100795756,5981709670.95,5308517670.78,534558505.0,474398362.0,13.29329367,116.75435064,1.89774887,0.06761326,102.74716263,1.72613833
2022-01-25,10.85,-3.038427167113,5799959779.25,5147222227.7,534558505.0,474398362.0,12.88938662,113.20685473,1.84008716,0.06555888,99.62526492,1.67369087
2022-01-26,10.85,0.0,5799959779.25,5147222227.7,534558505.0,474398362.0,12.88938662,113.20685473,1.84008716,0.06555888,99.62526492,1.67369087
2022-01-27,10.62,-2.119815668203,5677011323.1,5038110604.44,534558505.0,474398362.0,12.61615539,110.80707809,1.8010807,0.06416915,97.51339295,1.63821171
2022-01-28,10.83,1.977401129944,5789268609.15,5137734260.46,534558505.0,474398362.0,12.86562739,112.9981785,1.83669529,0.06543803,99.44162388,1.67060573
2022-02-07,10.28,-5.078485687904,5495261431.4,4876815161.36,534558505.0,474398362.0,12.21224834,107.25958218,1.74341898,0.06211477,94.39149525,1.58576426
2022-02-08,10.49,2.04280155642,5607518717.45,4976438817.38,534558505.0,474398362.0,12.46172034,109.45068259,1.77903357,0.06338365,96.31972618,1.61815827
2022-02-09,10.79,2.859866539561,5767886268.95,5118758325.98,534558505.0,474398362.0,12.81810891,112.58082604,1.82991156,0.06519634,99.0743418,1.66443544
2022-02-10,10.64,-1.390176088971,5687702493.2,5047598571.68,534558505.0,474398362.0,12.63991463,111.01575432,1.80447257,0.06429,97.69703399,1.64129686
2022-02-11,10.35,-2.725563909774,5532680526.75,4910023046.7,534558505.0,474398362.0,12.29540567,107.98994898,1.75529051,0.06253773,95.03423889,1.59656226
2022-02-14,10.36,0.096618357488,5538026111.8,4914767030.32,534558505.0,474398362.0,12.30728529,108.0942871,1.75698645,0.06259815,95.12605941,1.59810484
2022-02-15,10.45,0.868725868726,5586136377.25,4957462882.9,534558505.0,474398362.0,12.41420186,109.03333013,1.77224984,0.06314196,95.9524441,1.61198799
2022-02-16,10.43,-0.191387559809,5575445207.15,4947974915.66,534558505.0,474398362.0,12.39044263,108.8246539,1.76885798,0.06302111,95.76880306,1.60890284
2022-02-17,10.44,0.095877277085,5580790792.2,4952718899.28,534558505.0,474398362.0,12.40232225,108.92899202,1.77055391,0.06308154,95.86062358,1.61044541
2022-02-18,10.36,-0.766283524904,5538026111.8,4914767030.32,534558505.0,474398362.0,12.30728529,108.0942871,1.75698645,0.06259815,95.12605941,1.59810484
2022-02-21,10.46,0.965250965251,5591481962.3,4962206866.52,534558505.0,474398362.0,12.42608148,109.13766825,1.77394577,0.06320238,96.04426462,1.61353056
2022-02-22,10.24,-2.103250478011,5473879091.2,4857839226.88,534558505.0,474398362.0,12.16472986,106.84222972,1.73663525,0.06187308,94.02421316,1.57959397
2022-02-23,10.37,1.26953125,5543371696.85,4919511013.94,534558505.0,474398362.0,12.31916491,108.19862521,1.75868238,0.06265858,95.21787993,1.59964741
2022-02-24,10.2,-1.639344262295,5452496751.0,4838863292.4,534558505.0,474398362.0,12.11721139,106.42487726,1.72985152,0.06163139,93.65693108,1.57342368
2022-02-25,10.26,0.588235294118,5484570261.3,4867327194.12,534558505.0,474398362.0,12.1884891,107.05090595,1.74002712,0.06199393,94.20785421,1.58267911
2022-02-28,10.15,-1.072124756335,5425768825.75,4815143374.3,534558505.0,474398362.0,12.05781329,105.90318669,1.72137186,0.06132927,93.19782848,1.56571082
2022-03-01,10.35,1.970443349754,5532680526.75,4910023046.7,534558505.0,474398362.0,12.29540567,107.98994898,1.75529051,0.06253773,95.03423889,1.59656226
2022-03-02,10.28,-0.676328502415,5495261431.4,4876815161.36,534558505.0,474398362.0,12.21224834,107.25958218,1.74341898,0.06211477,94.39149525,1.58576426
2022-03-03,10.22,-0.583657587549,5463187921.1,4848351259.64,534558505.0,474398362.0,12.14097063,106.63355349,1.73324339,0.06175223,93.84057212,1.57650882
2022-03-04,10.01,-2.054794520548,5350930635.05,4748727603.62,534558505.0,474398362.0,11.89149863,104.44245308,1.6976288,0.06048335,91.91234119,1.54411481
2022-03-07,9.67,-3.396603396603,5169180743.35,4587432160.54,534558505.0,474398362.0,11.48759158,100.89495717,1.63996708,0.05842897,88.79044349,1.49166735
2022-03-08,9.39,-2.895553257497,5019504361.95,4454600619.18,534558505.0,474398362.0,11.15496225,97.97348995,1.59248096,0.05673713,86.21946891,1.44847533
2022-03-09,9.17,-2.34291799787,4901901490.85,4350232979.54,534558505.0,474398362.0,10.89361063,95.67805142,1.55517044,0.05540783,84.19941745,1.41453874
2022-03-10,9.26,0.981461286805,4950011756.3,4392928832.12,534558505.0,474398362.0,11.0005272,96.61709445,1.57043383,0.05595163,85.02580214,1.42842189
2022-03-11,9.35,0.97192224622,4998122021.75,4435624684.7,534558505.0,474398362.0,11.10744377,97.55613749,1.58569723,0.05649544,85.85218682,1.44230504
2022-03-14,9.18,-1.818181818182,4907247075.9,4354976963.16,534558505.0,474398362.0,10.90549025,95.78238953,1.55686637,0.05546825,84.29123797,1.41608131
2022-03-15,8.71,-5.119825708061,4656004578.55,4132009733.02,534558505.0,474398362.0,10.34714816,90.87849813,1.47715752,0.05262837,79.9756735,1.34358042
2022-03-16,9.05,3.90355912744,4837754470.25,4293305176.1,534558505.0,474398362.0,10.7510552,94.42599404,1.53481924,0.05468275,83.0975712,1.39602787
2022-03-17,9.19,1.546961325967,4912592660.95,4359720946.78,534558505.0,474398362.0,10.91736987,95.88672765,1.5585623,0.05552867,84.38305849,1.41762388
2022-03-18,9.23,0.435255712731,4933975001.15,4378696881.26,534558505.0,474398362.0,10.96488835,96.30408011,1.56534603,0.05577036,84.75034058,1.42379417
2022-03-21,10.15,9.967497291441,5425768825.75,4815143374.3,534558505.0,474398362.0,12.05781329,105.90318669,1.72137186,0.06132927,93.19782848,1.56571082
2022-03-22,10.03,-1.182266009852,5361621805.15,4758215570.86,534558505.0,474398362.0,11.91525787,104.65112931,1.70102066,0.0606042,92.09598223,1.54719995
2022-03-23,9.97,-0.598205383848,5329548294.85,4729751669.14,534558505.0,474398362.0,11.84398015,104.02510062,1.69084506,0.06024166,91.54505911,1.53794452
2022-03-24,9.67,-3.009027081244,5169180743.35,4587432160.54,534558505.0,474398362.0,11.48759158,100.89495717,1.63996708,0.05842897,88.79044349,1.49166735
2022-03-25,9.59,-0.827300930714,5126416062.95,4549480291.58,534558505.0,474398362.0,11.39255463,100.06025225,1.62639962,0.05794559,88.05587932,1.47932677
2022-03-28,9.57,-0.208550573514,5115724892.85,4539992324.34,534558505.0,474398362.0,11.36879539,99.85157602,1.62300775,0.05782474,87.87223828,1.47624163
2022-03-29,9.42,-1.567398119122,5035541117.1,4468832570.04,534558505.0,474398362.0,11.19060111,98.28650429,1.59756876,0.0569184,86.49493047,1.45310305
2022-03-30,9.55,1.380042462845,5105033722.75,4530504357.1,534558505.0,474398362.0,11.34503615,99.64289979,1.61961588,0.0577039,87.68859724,1.47315648
2022-03-31,9.48,-0.732984293194,5067614627.4,4497296471.76,534558505.0,474398362.0,11.26187882,98.91253298,1.56568107,0.05728094,87.04585359,1.46235848
2022-04-01,9.38,-1.054852320675,5014158776.9,4449856635.56,534558505.0,474398362.0,11.14308263,97.86915183,1.54916545,0.05667671,86.12764839,1.44693276
2022-04-06,9.46,0.852878464819,5056923457.3,4487808504.52,534558505.0,474398362.0,11.23811958,98.70385675,1.56237795,0.05716009,86.86221255,1.45927333
2022-04-07,9.09,-3.911205073996,4859136810.45,4312281110.58,534558505.0,474398362.0,10.79857368,94.8433465,1.50127014,0.05492444,83.46485329,1.40219816
2022-04-08,9.14,0.550055005501,4885864735.7,4336001028.68,534558505.0,474398362.0,10.85797177,95.36503707,1.50952795,0.05522656,83.92395589,1.40991102
2022-04-11,8.84,-3.28227571116,4725497184.2,4193681520.08,534558505.0,474398362.0,10.5015832,92.23489363,1.45998108,0.05341387,81.16934027,1.36363386
2022-04-12,9.01,1.923076923077,4816372130.05,4274329241.62,534558505.0,474398362.0,10.70353673,94.00864158,1.48805764,0.05444106,82.73028912,1.38985758
2022-04-13,8.83,-1.997780244173,4720151599.15,4188937536.46,534558505.0,474398362.0,10.48970358,92.13055551,1.45832952,0.05335345,81.07751975,1.36209128
2022-04-14,8.95,1.359003397508,4784298619.75,4245865339.9,534558505.0,474398362.0,10.63225901,93.38261289,1.47814827,0.05407852,82.179366,1.38060215
2022-04-15,8.86,-1.005586592179,4736188354.3,4203169487.32,534558505.0,474398362.0,10.52534244,92.44356986,1.46328421,0.05353472,81.35298131,1.366719
2022-04-18,8.88,0.225733634312,4746879524.4,4212657454.56,534558505.0,474398362.0,10.54910168,92.65224609,1.46658733,0.05365556,81.53662235,1.36980414
2022-04-19,8.92,0.45045045045,4768261864.6,4231633389.04,534558505.0,474398362.0,10.59662016,93.06959855,1.47319358,0.05389725,81.90390444,1.37597443
2022-04-20,8.94,0.224215246637,4778953034.7,4241121356.28,534558505.0,474398362.0,10.62037939,93.27827477,1.47649671,0.0540181,82.08754548,1.37905958
2022-04-21,8.58,-4.026845637584,4586511972.9,4070337945.96,534558505.0,474398362.0,10.19271311,89.52210264,1.41704046,0.05184287,78.78200673,1.32352698
2022-04-22,8.36,-2.564102564103,4468909101.8,3965970306.32,534558505.0,474398362.0,9.93136149,87.22666411,1.38070609,0.05051357,76.76195528,1.28959039
2022-04-25,7.8,-6.698564593301,4169556339.0,3700307223.6,534558505.0,474398362.0,9.26610283,81.38372967,1.2882186,0.04712988,71.62000612,1.20320634
2022-04-26,7.75,-0.641025641026,4142828413.75,3677498705.5,534558505.0,474515962.0,108.75299498,80.86203909,1.27996079,0.04682777,20.10563015,1.38002998
2022-04-27,7.86,1.41935483871,4201629849.3,3729695461.32,534558505.0,474515962.0,110.29658588,82.00975836,1.29812798,0.04749242,20.39100038,1.3996175
2022-04-28,7.65,-2.671755725191,4089372563.25,3630047109.3,534558505.0,474515962.0,107.34973053,79.81865795,1.26344517,0.04622354,19.84620266,1.36222314
2022-04-29,8.01,4.705882352941,4281813625.05,3800872855.62,534558505.0,474515962.0,112.40148256,83.57483008,1.32290141,0.04839877,20.78014161,1.42632776
2022-05-05,8.81,9.987515605493,4709460429.05,4180485625.22,534558505.0,474515962.0,123.62759817,91.92187928,1.4550264,0.0532326,22.8555615,1.56878247
2022-05-06,9.37,6.356413166856,5008813191.85,4446214563.94,534558505.0,474515962.0,131.4858791,97.76481372,1.54751389,0.05661628,24.30835542,1.66850076
2022-05-09,9.12,-2.668089647812,4875173565.6,4327585573.44,534558505.0,474515962.0,127.97771797,95.15636084,1.50622483,0.05510571,23.6597867,1.62398367
2022-05-10,9.07,-0.548245614035,4848445640.35,4303859775.34,534558505.0,474515962.0,127.27608574,94.63467027,1.49796702,0.0548036,23.53007296,1.61508025
2022-05-11,8.84,-2.535832414553,4725497184.2,4194721104.08,534558505.0,474515962.0,124.0485775,92.23489363,1.45998108,0.05341387,22.93338974,1.57412452
2022-05-12,9.72,9.954751131222,5195908668.6,4612295150.64,534558505.0,474515962.0,136.39730468,101.41664774,1.60531857,0.05873109,25.21635162,1.7308247
2022-05-13,10.69,9.979423868313,5714430418.45,5072575633.78,534558505.0,474515962.0,150.00896985,111.53744489,1.76552011,0.06459211,27.73279823,1.90355103
2022-05-16,9.64,-9.822263797942,5153143988.2,4574333873.68,534558505.0,474515962.0,135.27469311,100.58194282,1.59210607,0.0582477,25.00880963,1.71657923
2022-05-17,9.12,-5.394190871369,4875173565.6,4327585573.44,534558505.0,474515962.0,127.97771797,95.15636084,1.50622483,0.05510571,23.6597867,1.62398367
2022-05-18,9.14,0.219298245614,4885864735.7,4337075892.68,534558505.0,474515962.0,128.25837086,95.36503707,1.50952795,0.05522656,23.7116722,1.62754503
2022-05-19,9.04,-1.09409190372,4832408885.2,4289624296.48,534558505.0,474515962.0,126.85510641,94.32165592,1.49301233,0.05462233,23.45224472,1.60973819
2022-05-20,9.05,0.110619469027,4837754470.25,4294369456.1,534558505.0,474515962.0,126.99543285,94.42599404,1.49466389,0.05468275,23.47818746,1.61151888
2022-05-23,9.06,0.110497237569,4843100055.3,4299114615.72,534558505.0,474515962.0,127.1357593,94.53033215,1.49631545,0.05474317,23.50413021,1.61329956
2022-05-24,8.49,-6.291390728477,4538401707.45,4028640517.38,534558505.0,474515962.0,119.13715192,88.5830596,1.4021764,0.05129907,22.02539354,1.51180058
2022-05-25,8.56,0.824499411072,4575820802.8,4061856634.72,534558505.0,474515962.0,120.11943704,89.31342641,1.41373734,0.05172203,22.20699278,1.52426537
2022-05-26,8.72,1.869158878505,4661350163.6,4137779188.64,534558505.0,474515962.0,122.36466016,90.98283625,1.44016234,0.05268879,22.62207676,1.55275631
2022-05-27,8.73,0.114678899083,4666695748.65,4142524348.26,534558505.0,474515962.0,122.50498661,91.08717436,1.4418139,0.05274922,22.64801951,1.554537
2022-05-30,8.76,0.343642611684,4682732503.8,4156759827.12,534558505.0,474515962.0,122.92596594,91.40018871,1.44676859,0.05293049,22.72584776,1.55987905
2022-05-31,8.81,0.570776255708,4709460429.05,4180485625.22,534558505.0,474515962.0,123.62759817,91.92187928,1.4550264,0.0532326,22.8555615,1.56878247
2022-06-01,8.9,1.021566401816,4757570694.5,4223192061.8,534558505.0,474515962.0,124.89053617,92.86092232,1.46989046,0.05377641,23.08904624,1.58480862
2022-06-02,8.95,0.561797752809,4784298619.75,4246917859.9,534558505.0,474515962.0,125.5921684,93.38261289,1.47814827,0.05407852,23.21875998,1.59371204
2022-06-06,9.03,0.893854748603,4827063300.15,4284879136.86,534558505.0,474515962.0,126.71477996,94.21731781,1.49136077,0.0545619,23.42630197,1.60795751
2022-06-07,9.16,1.439645625692,4896555905.8,4346566211.92,534558505.0,474515962.0,128.53902375,95.5737133,1.51283108,0.0553474,23.7635577,1.6311064
2022-06-08,9.08,-0.873362445415,4853791225.4,4308604934.96,534558505.0,474515962.0,127.41641219,94.73900838,1.49961858,0.05486402,23.55601571,1.61686093
2022-06-09,8.94,-1.541850220264,4778953034.7,4242172700.28,534558505.0,474515962.0,125.45184195,93.27827477,1.47649671,0.0540181,23.19281723,1.59193136
2022-06-10,9.01,0.782997762864,4816372130.05,4275388817.62,534558505.0,474515962.0,126.43412707,94.00864158,1.48805764,0.05444106,23.37441647,1.60439614
2022-06-13,9.0,-0.110987791343,4811026545.0,4270643658.0,534558505.0,474515962.0,126.29380063,93.90430346,1.48640608,0.05438064,23.34847372,1.60261546
2022-06-14,8.98,-0.222222222222,4800335374.9,4261153338.76,534558505.0,474515962.0,126.01314774,93.69562723,1.48310296,0.05425979,23.29658822,1.59905409
2022-06-15,9.03,0.556792873051,4827063300.15,4284879136.86,534558505.0,474515962.0,126.71477996,94.21731781,1.49136077,0.0545619,23.42630197,1.60795751
2022-06-16,9.04,0.110741971207,4832408885.2,4289624296.48,534558505.0,474515962.0,126.85510641,94.32165592,1.49301233,0.05462233,23.45224472,1.60973819
2022-06-17,9.05,0.110619469027,4837754470.25,4294369456.1,534558505.0,474515962.0,126.99543285,94.42599404,1.49466389,0.05468275,23.47818746,1.61151888
2022-06-20,9.13,0.883977900552,4880519150.65,4332330733.06,534558505.0,474515962.0,128.11804441,95.26069896,1.50787639,0.05516613,23.68572945,1.62576435
2022-06-21,9.06,-0.766703176342,4843100055.3,4299114615.72,534558505.0,474515962.0,127.1357593,94.53033215,1.49631545,0.05474317,23.50413021,1.61329956
2022-06-22,8.9,-1.766004415011,4757570694.5,4223192061.8,534558505.0,474515962.0,124.89053617,92.86092232,1.46989046,0.05377641,23.08904624,1.58480862
2022-06-23,9.24,3.820224719101,4938544426.2,4384527488.88,534474505.0,474515962.0,129.64126041,96.3932687,1.52580378,0.05582201,23.96733289,1.64509332
2022-06-24,9.44,2.164502164502,5045439327.2,4479430681.28,534474505.0,474515962.0,132.44734829,98.47970309,1.55882983,0.05703028,24.48610633,1.6807014
2022-06-27,9.4,-0.423728813559,5024060347.0,4460450042.8,534474505.0,474515962.0,131.88613072,98.06241621,1.55222462,0.05678863,24.38235164,1.67357979
2022-06-28,9.62,2.340425531915,5141644738.1,4564843554.44,534474505.0,474515962.0,134.97282739,100.35749404,1.58855328,0.05811772,24.95300243,1.71274868
2022-06-29,9.39,-2.390852390852,5018715601.95,4455704883.18,534474505.0,474515962.0,131.74582632,97.95809449,1.55057332,0.05672821,24.35641297,1.67179938
2022-06-30,9.38,-0.10649627263,5013370856.9,4450959723.56,534474505.0,474515962.0,131.60552193,97.85377277,1.61537725,0.0566678,24.3304743,1.67001898
2022-07-01,9.41,0.319829424307,5029405092.05,4465195202.42,534474505.0,474515962.0,132.02643511,98.16673793,1.6205437,0.05684904,24.40829032,1.67536019
2022-07-04,9.44,0.318809776833,5045439327.2,4479430681.28,534474505.0,474515962.0,132.44734829,98.47970309,1.62571015,0.05703028,24.48610633,1.6807014
2022-07-05,9.47,0.317796610169,5061473562.35,4493666160.14,534474505.0,474515962.0,132.86826148,98.79266824,1.6308766,0.05721152,24.56392235,1.68604262
2022-07-06,9.55,0.844772967265,5104231522.75,4531627437.1,534474505.0,474515962.0,133.99069663,99.627242,1.64465381,0.05769483,24.77143172,1.70028585
2022-07-07,9.44,-1.151832460733,5045439327.2,4479430681.28,534474505.0,474515962.0,132.44734829,98.47970309,1.62571015,0.05703028,24.48610633,1.6807014
2022-07-08,8.99,-1.64113785558,4804925799.95,4265898498.38,534474505.0,474515962.0,126.13365055,93.78522572,1.54821337,0.05431168,23.31886609,1.60058322
2022-07-11,8.98,-0.111234705228,4799581054.9,4261153338.76,534474505.0,474515962.0,125.99334615,93.680904,1.54649122,0.05425126,23.29292742,1.59880282
2022-07-12,8.8,-2.004454342984,4703375644.0,4175740465.6,534474505.0,474515962.0,123.46786705,91.80311305,1.51549251,0.05316382,22.82603133,1.56675555
2022-07-13,8.9,1.136363636364,4756823094.5,4223192061.8,534474505.0,474515962.0,124.870911,92.84633024,1.53271402,0.05376796,23.08541805,1.58455959
2022-07-14,9.1,2.247191011236,4863717995.5,4318095254.2,534474505.0,474515962.0,127.67699889,94.93276463,1.56715703,0.05497623,23.60419149,1.62016767
2022-07-15,8.31,-8.681318681319,4441483136.55,3943227644.22,534474505.0,474515962.0,116.59295173,86.6913488,1.43110713,0.05020356,21.5550364,1.47951575
2022-07-18,8.67,4.332129963899,4633893958.35,4114053390.54,534474505.0,474515962.0,121.64390993,90.4469307,1.49310455,0.05237845,22.48882859,1.54361029
2022-07-19,8.81,1.61476355248,4708720389.05,4180485625.22,534474505.0,474515962.0,123.60817145,91.90743477,1.51721466,0.05322424,22.85197,1.56853595
2022-07-20,9.09,3.178206583428,4858373250.45,4321487862.54,534474505.0,475411206.0,127.53669449,94.82844291,1.56543488,0.05491581,23.57825281,1.61838726
2022-07-21,8.87,-2.420242024202,4740788859.35,4216897397.22,534474505.0,475411206.0,124.44999781,92.53336508,1.52754757,0.05358672,23.00760203,1.57921837
2022-07-22,8.95,0.901916572717,4783546819.75,4254930293.7,534474505.0,475411206.0,125.57243297,93.36793884,1.54132477,0.05407002,23.21511141,1.59346161
2022-07-25,8.89,-0.670391061453,4751478349.45,4226405621.34,534474505.0,475411206.0,124.7306066,92.74200852,1.53099187,0.05370754,23.05947937,1.58277918
2022-07-26,8.97,0.899887514061,4794236309.85,4264438517.82,534474505.0,475411206.0,125.85304176,93.57658228,1.54476907,0.05419085,23.26698875,1.59702241
2022-07-27,9.08,1.226309921962,4853028505.4,4316733750.48,534474505.0,475411206.0,127.3963901,94.72412119,1.56371273,0.0548554,23.55231414,1.61660686
2022-07-28,9.23,1.651982378855,4933199681.15,4388045431.38,534474505.0,475411206.0,129.50095601,96.28894698,1.58954499,0.0557616,23.94139422,1.64331292
2022-07-29,9.1,-1.408450704225,4863717995.5,4326241974.6,534474505.0,475411206.0,127.67699889,94.93276463,1.56715703,0.05497623,23.60419149,1.62016767
2022-08-01,9.06,-0.43956043956,4842339015.3,4307225526.36,534474505.0,475411206.0,127.11578131,94.51547775,1.56026843,0.05473457,23.5004368,1.61304605
2022-08-02,8.78,-3.090507726269,4692686153.9,4174110388.68,534474505.0,475411206.0,123.18725827,91.59446961,1.51204821,0.053043,22.77415398,1.56319474
2022-08-03,9.03,2.847380410023,4826304780.15,4292963190.18,534474505.0,475411206.0,126.69486812,94.20251259,1.55510197,0.05455333,23.42262078,1.60770484
2022-08-04,9.22,2.104097452935,4927854936.1,4383291319.32,534474505.0,475411206.0,129.36065162,96.18462526,1.58782284,0.05570119,23.91545555,1.64153251
2022-08-05,9.25,0.325379609544,4943889171.25,4397553655.5,534474505.0,475411206.0,129.7815648,96.49759042,1.59298929,0.05588243,23.99327156,1.64687373
2022-08-08,9.39,1.513513513514,5018715601.95,4464111224.34,534474505.0,475411206.0,131.74582632,97.95809449,1.6170994,0.05672821,24.35641297,1.67179938
2022-08-09,9.44,0.532481363152,5045439327.2,4487881784.64,534474505.0,475411206.0,132.44734829,98.47970309,1.62571015,0.05703028,24.48610633,1.6807014
2022-08-10,9.6,1.694915254237,5130955248.0,4563947577.6,534474505.0,475411206.0,134.6922186,100.1488506,1.65326456,0.0579969,24.90112508,1.70918787
2022-08-11,9.7,1.041666666667,5184402698.5,4611488698.2,534474505.0,475411206.0,136.09526255,101.19206779,1.67048606,0.05860103,25.1605118,1.72699191
2022-08-12,9.44,-2.680412371134,5045439327.2,4487881784.64,534474505.0,475411206.0,132.44734829,98.47970309,1.62571015,0.05703028,24.48610633,1.6807014
2022-08-15,9.36,-0.847457627119,5002681366.8,4449848888.16,534474505.0,475411206.0,131.32491314,97.64512933,1.61193294,0.05654697,24.27859696,1.66645817
2022-08-16,9.37,0.106837606838,5008026111.85,4454603000.22,534474505.0,475411206.0,131.46521753,97.74945105,1.61365509,0.05660739,24.30453563,1.66823857
2022-08-17,9.33,-0.42689434365,4986647131.65,4435586551.98,534474505.0,475411206.0,130.90399996,97.33216417,1.60676649,0.05636573,24.20078094,1.66111696
2022-08-18,9.37,0.42872454448,5008026111.85,4454603000.22,534474505.0,475411206.0,131.46521753,97.74945105,1.61365509,0.05660739,24.30453563,1.66823857
2022-08-19,9.3,-0.747065101387,4970612896.5,4421324215.8,534474505.0,475411206.0,130.48308677,97.01919902,1.60160004,0.05618449,24.12296492,1.65577575
2022-08-22,9.22,-0.860215053763,4927854936.1,4383291319.32,534474505.0,475411206.0,129.36065162,96.18462526,1.58782284,0.05570119,23.91545555,1.64153251
2022-08-23,9.04,-1.952277657267,4831649525.2,4297717302.24,534474505.0,475411206.0,-73.45697351,94.30683431,1.55682413,0.05461374,15.7326787,1.77766976
2022-08-24,8.72,-3.53982300885,4660617683.6,4145585716.32,534474505.0,475411206.0,-70.85672666,90.96853929,1.50171531,0.05268051,15.17576972,1.7147434
2022-08-25,8.7,-0.229357798165,4649928193.5,4136077492.2,534474505.0,475411206.0,-70.69421123,90.75989585,1.49827101,0.05255969,15.14096291,1.7108105
2022-08-26,8.72,0.229885057471,4660617683.6,4145585716.32,534474505.0,475411206.0,-70.85672666,90.96853929,1.50171531,0.05268051,15.17576972,1.7147434
2022-08-29,8.69,-0.344036697248,4644583448.45,4131323380.14,534474505.0,475411206.0,-70.61295352,90.65557413,1.49654886,0.05249927,15.1235595,1.70884405
2022-08-30,8.75,0.690448791715,4676651918.75,4159848052.5,534474505.0,475411206.0,-71.1004998,91.28150445,1.50688176,0.05286175,15.22797994,1.72064275
2022-08-31,8.55,-2.285714285714,4569757017.75,4064765811.3,534474505.0,475411206.0,-69.47534552,89.19507006,1.47243875,0.05165349,14.87991183,1.68131377
2022-09-01,8.46,-1.052631578947,4521654312.3,4021978802.76,534474505.0,475411206.0,-68.74402609,88.25617459,1.45693939,0.05110977,14.72328117,1.66361573
2022-09-02,8.66,2.364066193853,4628549213.3,4117061043.96,534474505.0,475411206.0,-70.36918037,90.34260898,1.4913824,0.05231803,15.07134929,1.70294471
2022-09-05,8.74,0.923787528868,4671307173.7,4155093940.44,534474505.0,475411206.0,-71.01924209,91.17718273,1.50515961,0.05280134,15.21057653,1.7186763
2022-09-06,8.8,0.686498855835,4703375644.0,4183618612.8,534474505.0,475411206.0,-71.50678837,91.80311305,1.51549251,0.05316382,15.31499697,1.73047499
2022-09-07,8.79,-0.113636363636,4698030898.95,4178864500.74,534474505.0,475411206.0,-71.42553066,91.69879133,1.51377036,0.05310341,15.29759356,1.72850854
2022-09-08,8.83,0.455062571104,4719409879.15,4197880948.98,534474505.0,475411206.0,-71.75056151,92.11607821,1.52065896,0.05334506,15.36720718,1.73637434
2022-09-09,8.8,-0.339750849377,4703375644.0,4183618612.8,534474505.0,475411206.0,-71.50678837,91.80311305,1.51549251,0.05316382,15.31499697,1.73047499
2022-09-13,8.85,0.568181818182,4730099369.25,4207389173.1,534474505.0,475411206.0,-71.91307694,92.32472164,1.52410326,0.05346589,15.40201399,1.74030723
2022-09-14,9.13,3.16384180791,4879752230.65,4340504310.78,534474505.0,475411206.0,-74.18829293,95.24572979,1.57232348,0.05515747,15.88930935,1.7953678
2022-09-15,8.99,-1.533406352683,4804925799.95,4273946741.94,534474505.0,475411206.0,-73.05068494,93.78522572,1.54821337,0.05431168,15.64566167,1.76783752
2022-09-16,8.61,-4.226918798665,4601825488.05,4093290483.66,534474505.0,475411206.0,-69.9628918,89.82100038,1.48277165,0.05201597,14.98433226,1.69311246
2022-09-19,8.34,-3.135888501742,4457517371.7,3964929458.04,534474505.0,475411206.0,-67.76893352,87.00431396,1.43627358,0.0503848,14.51444031,1.64001834
2022-09-20,8.4,0.719424460432,4489585842.0,3993454130.4,534474505.0,475411206.0,-68.25647981,87.63024427,1.44660649,0.05074728,14.61886074,1.65181704
2022-09-21,8.4,0.0,4489585842.0,3993454130.4,534474505.0,475411206.0,-68.25647981,87.63024427,1.44660649,0.05074728,14.61886074,1.65181704
2022-09-22,8.54,1.666666666667,4564412272.7,4060011699.24,534474505.0,475411206.0,-69.39408781,89.09074834,1.4707166,0.05159307,14.86250842,1.67934732
2022-09-23,8.52,-0.234192037471,4553722782.6,4050503475.12,534474505.0,475411206.0,-69.23157238,88.8821049,1.4672723,0.05147225,14.82770161,1.67541442
2022-09-26,8.15,-4.342723004695,4355967215.75,3874601328.9,534474505.0,475411206.0,-66.22503696,85.02220129,1.40355272,0.04923695,14.1837756,1.60265581
2022-09-27,8.24,1.104294478528,4404069921.2,3917388337.44,534474505.0,475411206.0,-66.95635638,85.96109676,1.41905208,0.04978067,14.34040625,1.62035385
2022-09-28,8.01,-2.791262135922,4281140785.05,3808043760.06,534474505.0,475411206.0,-65.08742896,83.56169722,1.37944262,0.04839116,13.94012792,1.57512553
2022-09-29,7.91,-1.248439450687,4227693334.55,3760502639.46,534474505.0,475411206.0,-64.27485182,82.51848002,1.36222111,0.04778703,13.76609386,1.55546104
2022-09-30,7.87,-0.505689001264,4206314354.35,3741486191.22,534474505.0,475411206.0,-63.94982096,82.10119315,1.45133697,0.04754537,13.69648024,1.54759525
2022-10-10,7.72,-1.905972045743,4126143178.6,3670174510.32,534474505.0,475411206.0,-62.73095525,80.53636735,1.4236749,0.04663917,13.43542916,1.51809851
2022-10-11,7.79,0.906735751295,4163556393.95,3703453294.74,534474505.0,475411206.0,-63.29975925,81.26661939,1.43658387,0.04706207,13.557253,1.53186366
2022-10-12,7.98,2.439024390244,4265106549.9,3793781423.88,534474505.0,475411206.0,-64.84365582,83.24873206,1.4716225,0.04820992,13.8879177,1.56922618
2022-10-13,8.13,1.87969924812,4345277725.65,3865093104.78,534474505.0,475411206.0,-66.06252153,84.81355785,1.49928457,0.04911612,14.14896879,1.59872292
2022-10-14,8.26,1.59901599016,4414759411.3,3926896561.56,534474505.0,475411206.0,-67.11887181,86.1697402,1.52325837,0.0499015,14.37521306,1.62428675
2022-10-17,9.09,10.048426150121,4858373250.45,4321487862.54,534474505.0,475411206.0,-73.86326208,94.82844291,1.67632187,0.05491581,15.81969573,1.78750201
2022-10-18,9.3,2.310231023102,4970612896.5,4421324215.8,534474505.0,475411206.0,-75.56967407,97.01919902,1.71504877,0.05618449,16.18516725,1.82879743
2022-10-19,8.76,-5.806451612903,4681996663.8,4164602164.56,534474505.0,475411206.0,-71.18175751,91.38582617,1.6154653,0.05292217,15.24538334,1.72260919
2022-10-20,8.62,-1.598173515982,4607170233.1,4098044595.72,534474505.0,475411206.0,-70.04414952,89.9253221,1.58964736,0.05207638,15.00173566,1.69507891
2022-10-21,8.64,0.232018561485,4617859723.2,4107552819.84,534474505.0,475411206.0,-70.20666495,90.13396554,1.59333564,0.05219721,15.03654248,1.69901181
2022-10-24,8.75,1.273148148148,4676651918.75,4159848052.5,534474505.0,475411206.0,-71.1004998,91.28150445,1.61362116,0.05286175,15.22797994,1.72064275
2022-10-25,8.68,-0.8,4639238703.4,4126569268.08,534474505.0,475411206.0,-70.5316958,90.55125241,1.60071219,0.05243886,15.1061561,1.7068776
2022-10-26,9.55,10.023041474654,5104231522.75,4540177017.3,534474505.0,475411206.0,-77.60111693,99.627242,1.76115224,0.05769483,16.62025239,1.87795865
2022-10-27,9.21,-3.560209424084,4922510191.05,4378537207.26,534474505.0,475411206.0,-74.83835465,96.08030354,1.69845153,0.05564077,16.0285366,1.81109939
2022-10-28,9.13,-0.868621064061,4879752230.65,4340504310.78,534474505.0,475411206.0,-74.18829293,95.24572979,1.68369842,0.05515747,15.88930935,1.7953678
2022-10-31,10.04,9.967141292442,5366124030.2,4773128508.24,534474505.0,475411206.0,-29.684379,104.73900625,1.85151502,0.06065509,13.21227248,2.34172466
2022-11-01,9.68,-3.585657370518,5173713208.4,4601980474.08,534474505.0,475411206.0,-28.61999888,100.98342435,1.78512604,0.0584802,12.73852565,2.25775843
2022-11-02,9.7,0.206611570248,5184402698.5,4611488698.2,534474505.0,475411206.0,-28.67913111,101.19206779,1.78881431,0.05860103,12.76484492,2.26242322
2022-11-03,9.83,1.340206185567,5253884384.15,4673292154.98,534474505.0,475411206.0,-29.0634906,102.54825014,1.81278811,0.05938641,12.93592016,2.29274436
2022-11-04,9.78,-0.508646998983,5227160658.9,4649521594.68,534474505.0,475411206.0,-28.91566002,102.02664155,1.80356742,0.05908434,12.87012199,2.28108239
2022-11-07,9.69,-0.920245398773,5179057953.45,4606734586.14,534474505.0,475411206.0,-28.64956499,101.08774607,1.78697017,0.05854062,12.75168529,2.26009083
2022-11-08,10.06,3.818369453044,5376813520.3,4782636732.36,534474505.0,475411206.0,-29.74351123,104.94764969,1.8552033,0.06077591,13.23859174,2.34638945
2022-11-09,10.19,1.292246520875,5446295205.95,4844440189.14,534474505.0,475411206.0,-30.12787072,106.30383204,1.8791771,0.06156129,13.40966699,2.37671058
2022-11-10,10.01,-1.766437684004,5350089795.05,4758866172.06,534474505.0,475411206.0,-29.59568066,104.42604109,1.84598261,0.06047385,13.17279357,2.33472747
2022-11-11,10.02,0.0999000999,5355434540.1,4763620284.12,534474505.0,475411206.0,-29.62524677,104.53036281,1.84782674,0.06053426,13.18595321,2.33705987
2022-11-14,9.79,-2.295409181637,5232505403.95,4654275706.74,534474505.0,475411206.0,-28.94522614,102.13096326,1.80541156,0.05914475,12.88328163,2.28341478
2022-11-15,9.85,0.612870275792,5264573874.25,4682800379.1,534474505.0,475411206.0,-29.12262282,102.75689358,1.81647639,0.05950723,12.96223943,2.29740915
2022-11-16,9.93,0.812182741117,5307331834.65,4720833275.58,534474505.0,475411206.0,-29.35915174,103.59146734,1.8312295,0.05999054,13.0675165,2.31606831
2022-11-17,9.8,-1.309164149043,5237850149.0,4659029818.8,534474505.0,475411206.0,-28.97479225,102.23528498,1.8072557,0.05920517,12.89644126,2.28574718
2022-11-18,9.98,1.836734693878,5334055559.9,4744603835.88,534474505.0,475411206.0,-29.50698231,104.11307593,1.84045019,0.06029261,13.13331467,2.32773029
2022-11-21,10.22,2.404809619238,5462329441.1,4858702525.32,534474505.0,475411206.0,-30.21656906,106.6167972,1.88470951,0.06174253,13.44914589,2.38370777
2022-11-22,9.91,-3.033268101761,5296642344.55,4711325051.46,534474505.0,475411206.0,-29.30001951,103.3828239,1.82754122,0.05986971,13.04119723,2.31140352
2022-11-23,9.29,-6.256306760848,4965268151.45,4416570103.74,534474505.0,475411206.0,-27.46692041,96.9148773,1.71320464,0.05612408,12.22529993,2.16679503
2022-11-24,9.35,0.645855758881,4997336621.75,4445094776.1,534474505.0,475411206.0,-27.6443171,97.54080761,1.72426947,0.05648656,12.30425773,2.1807894
2022-11-25,9.35,0.0,4997336621.75,4445094776.1,534474505.0,475411206.0,-27.6443171,97.54080761,1.72426947,0.05648656,12.30425773,2.1807894
2022-11-28,9.47,1.283422459893,5061473562.35,4502144120.82,534474505.0,475411206.0,-27.99911047,98.79266824,1.74639913,0.05721152,12.46217334,2.20877814
2022-11-29,9.52,0.527983104541,5088197287.6,4525914681.12,534474505.0,475411206.0,-28.14694104,99.31427684,1.75561982,0.05751359,12.52797151,2.22044011
2022-11-30,9.41,-1.155462184874,5029405092.05,4473619448.46,534474505.0,475411206.0,-27.82171379,98.16673793,1.7353343,0.05684904,12.38321554,2.19478377
2022-12-01,9.32,-0.956429330499,4981302386.6,4430832439.92,534474505.0,475411206.0,-27.55561875,97.22784245,1.71873705,0.05630532,12.26477883,2.17379221
2022-12-02,9.35,0.321888412017,4997336621.75,4445094776.1,534474505.0,475411206.0,-27.6443171,97.54080761,1.72426947,0.05648656,12.30425773,2.1807894
2022-12-05,9.59,2.566844919786,5125610502.95,4559193465.54,534474505.0,475411206.0,-28.35390385,100.04452888,1.76852879,0.05793648,12.62008895,2.23676688
2022-12-06,9.61,0.208550573514,5136299993.05,4568701689.66,534474505.0,475411206.0,-28.41303608,100.25317232,1.77221707,0.05805731,12.64640822,2.24143167
2022-12-07,9.73,1.248699271592,5200436933.65,4625751034.38,534474505.0,475411206.0,-28.76782945,101.50503295,1.79434673,0.05878227,12.80432382,2.26942041
2022-12-08,9.5,-2.363823227133,5077507797.5,4516406457.0,534474505.0,475411206.0,-28.08780882,99.1056334,1.75193154,0.05739276,12.50165224,2.21577532
2022-12-09,9.5,0.0,5077507797.5,4516406457.0,534474505.0,475411206.0,-28.08780882,99.1056334,1.75193154,0.05739276,12.50165224,2.21577532
2022-12-12,10.01,5.368421052632,5350089795.05,4758866172.06,534474505.0,475411206.0,-29.59568066,104.42604109,1.84598261,0.06047385,13.17279357,2.33472747
2022-12-13,9.98,-0.2997002997,5334055559.9,4744603835.88,534474505.0,475411206.0,-29.50698231,104.11307593,1.84045019,0.06029261,13.13331467,2.32773029
2022-12-14,10.15,1.703406813627,5424916225.75,4825423740.9,534474505.0,475411206.0,-30.00960626,105.88654516,1.87180054,0.06131964,13.35702845,2.367381
2022-12-15,10.16,0.098522167488,5430260970.8,4830177852.96,534474505.0,475411206.0,-30.03917238,105.99086688,1.87364468,0.06138005,13.37018808,2.3697134
2022-12-16,10.04,-1.181102362205,5366124030.2,4773128508.24,534474505.0,475411206.0,-29.684379,104.73900625,1.85151502,0.06065509,13.21227248,2.34172466
2022-12-19,9.79,-2.490039840637,5232505403.95,4654275706.74,534474505.0,475411206.0,-28.94522614,102.13096326,1.80541156,0.05914475,12.88328163,2.28341478
2022-12-20,9.86,0.715015321757,5269918619.3,4687554491.16,534474505.0,475411206.0,-29.15218894,102.8612153,1.81832053,0.05956765,12.97539906,2.29974155
2022-12-21,9.74,-1.217038539554,5205781678.7,4630505146.44,534474505.0,475411206.0,-28.79739556,101.60935467,1.79619087,0.05884268,12.81748346,2.27175281
2022-12-22,9.63,-1.129363449692,5146989483.15,4578209913.78,534474505.0,475411206.0,-28.4721683,100.46181575,1.77590534,0.05817814,12.67272748,2.24609646
2022-12-23,9.53,-1.038421599169,5093542032.65,4530668793.18,534474505.0,475411206.0,-28.17650716,99.41859856,1.75746396,0.057574,12.54113114,2.22277251
2022-12-26,9.9,3.882476390346,5291297599.5,4706570939.4,534474505.0,475411206.0,-29.2704534,103.27850218,1.82569708,0.0598093,13.0280376,2.30907113
2022-12-27,9.8,-1.010101010101,5237850149.0,4659029818.8,534474505.0,475411206.0,-28.97479225,102.23528498,1.8072557,0.05920517,12.89644126,2.28574718
2022-12-28,9.75,-0.510204081633,5211126423.75,4635259258.5,534474505.0,475411206.0,-28.82696168,101.71367639,1.79803501,0.0589031,12.83064309,2.2740852
2022-12-29,9.93,1.846153846154,5307331834.65,4720833275.58,534474505.0,475411206.0,-29.35915174,103.59146734,1.8312295,0.05999054,13.0675165,2.31606831
2022-12-30,9.97,0.402819738167,5328710814.85,4739849723.82,534474505.0,475411206.0,-29.4774162,104.00875421,1.83860605,0.06023219,13.12015504,2.32539789
2023-01-03,10.21,2.407221664995,5456984696.05,4853948413.26,534474505.0,475411206.0,-30.18700295,22.73261742,1.80510137,-0.91132645,13.43598625,2.38137537
2023-01-04,10.24,0.293829578844,5473018931.2,4868210749.44,534474505.0,475411206.0,-30.27570129,22.79941258,1.81040529,-0.91400419,13.47546515,2.38837256
2023-01-05,10.23,-0.09765625,5467674186.15,4863456637.38,534474505.0,475411206.0,-30.24613518,22.77714753,1.80863732,-0.91311161,13.46230552,2.38604016
2023-01-06,10.08,-1.466275659824,5387503010.4,4792144956.48,534474505.0,475411206.0,-29.80264346,22.44317176,1.78211771,-0.89972288,13.26491101,2.35105424
2023-01-09,10.03,-0.496031746032,5360779285.15,4768374396.18,534474505.0,475411206.0,-29.65481289,22.3318465,1.77327784,-0.89525997,13.19911284,2.33939226
2023-01-10,9.99,-0.398803589232,5339400304.95,4749357947.94,534474505.0,475411206.0,-29.53654843,22.24278629,1.76620594,-0.89168964,13.14647431,2.33006268
2023-01-11,9.81,-1.801801801802,5243194894.05,4663783930.86,534474505.0,475411206.0,-29.00435837,21.84201537,1.73438241,-0.87562316,12.9096009,2.28807957
2023-01-12,9.85,0.407747196738,5264573874.25,4682800379.1,534474505.0,475411206.0,-29.12262282,21.93107558,1.74145431,-0.87919349,12.96223943,2.29740915
2023-01-13,9.98,1.319796954315,5334055559.9,4744603835.88,534474505.0,475411206.0,-29.50698231,22.22052124,1.76443797,-0.89079706,13.13331467,2.32773029
2023-01-16,10.08,1.002004008016,5387503010.4,4792144956.48,534474505.0,475411206.0,-29.80264346,22.44317176,1.78211771,-0.89972288,13.26491101,2.35105424
2023-01-17,10.0,-0.793650793651,5344745050.0,4754112060.0,534474505.0,475411206.0,-29.56611454,22.26505135,1.76797392,-0.89258222,13.15963394,2.33239508
2023-01-18,10.21,2.1,5456984696.05,4853948413.26,534474505.0,475411206.0,-30.18700295,22.73261742,1.80510137,-0.91132645,13.43598625,2.38137537
2023-01-19,10.26,0.48971596474,5483708421.3,4877718973.56,534474505.0,475411206.0,-30.33483352,22.84394268,1.81394124,-0.91578936,13.50178442,2.39303735
2023-01-20,10.39,1.267056530214,5553190106.95,4939522430.34,534474505.0,475411206.0,-30.71919301,23.13338835,1.8369249,-0.92739293,13.67285966,2.42335849
2023-01-30,10.91,5.004812319538,5831116849.55,5186736257.46,534474505.0,475411206.0,-32.25663097,24.29117102,1.92885954,-0.9738072,14.35716063,2.54464303
2023-01-31,11.17,2.383134738772,5970080220.85,5310343171.02,534474505.0,475411206.0,-33.02534994,24.87006235,1.97482686,-0.99701434,14.69931111,2.6052853
2023-02-01,11.2,0.268576544315,5986114456.0,5324605507.2,534474505.0,475411206.0,-33.11404829,24.93685751,1.98013079,-0.99969209,14.73879001,2.61228249
2023-02-02,11.05,-1.339285714286,5905943280.25,5253293826.3,534474505.0,475411206.0,-32.67055657,24.60288174,1.95361118,-0.98630335,14.5413955,2.57729656
2023-02-03,10.99,-0.542986425339,5873874809.95,5224769153.94,534474505.0,475411206.0,-32.49315988,24.46929143,1.94300333,-0.98094786,14.4624377,2.56330219
2023-02-06,10.97,-0.181983621474,5863185319.85,5215260929.82,534474505.0,475411206.0,-32.43402765,24.42476133,1.93946739,-0.9791627,14.43611843,2.5586374
2023-02-07,10.95,-0.182315405652,5852495829.75,5205752705.7,534474505.0,475411206.0,-32.37489542,24.38023122,1.93593144,-0.97737753,14.40979916,2.55397261
2023-02-08,10.8,-1.369863013699,5772324654.0,5134441024.8,534474505.0,475411206.0,-31.93140371,24.04625545,1.90941183,-0.9639888,14.21240466,2.51898668
2023-02-09,10.88,0.740740740741,5815082614.4,5172473921.28,534474505.0,475411206.0,-32.16793262,24.22437586,1.92355562,-0.97112946,14.31768173,2.53764584
2023-02-10,10.79,-0.827205882353,5766979908.95,5129686912.74,534474505.0,475411206.0,-31.90183759,24.0239904,1.90764386,-0.96309622,14.19924502,2.51665429
2023-02-13,10.98,1.760889712697,5868530064.9,5220015041.88,534474505.0,475411206.0,-32.46359377,24.44702638,1.94123536,-0.98005528,14.44927807,2.56096979
2023-02-14,10.91,-0.63752276867,5831116849.55,5186736257.46,534474505.0,475411206.0,-32.25663097,24.29117102,1.92885954,-0.9738072,14.35716063,2.54464303
2023-02-15,10.97,0.549954170486,5863185319.85,5215260929.82,534474505.0,475411206.0,-32.43402765,24.42476133,1.93946739,-0.9791627,14.43611843,2.5586374
2023-02-16,10.57,-3.646308113036,5649395517.85,5025096447.42,534474505.0,475411206.0,-31.25138307,23.53415927,1.86874843,-0.94345941,13.90973307,2.4653416
2023-02-17,10.6,0.283822138127,5665429753.0,5039358783.6,534474505.0,475411206.0,-31.34008142,23.60095443,1.87405235,-0.94613715,13.94921198,2.47233878
2023-02-20,11.08,4.528301886792,5921977515.4,5267556162.48,534474505.0,475411206.0,-32.75925491,24.66967689,1.9589151,-0.9889811,14.58087441,2.58429375
2023-02-21,11.08,0.0,5921977515.4,5267556162.48,534474505.0,475411206.0,-32.75925491,24.66967689,1.9589151,-0.9889811,14.58087441,2.58429375
2023-02-22,11.16,0.72202166065,5964735475.8,5305589058.96,534474505.0,475411206.0,-32.99578383,24.8477973,1.97305889,-0.99612176,14.68615148,2.60295291
2023-02-23,11.28,1.075268817204,6028872416.4,5362638403.68,534474505.0,475411206.0,-33.3505772,25.11497792,1.99427458,-1.00683274,14.84406708,2.63094165
2023-02-24,11.3,0.177304964539,6039561906.5,5372146627.8,534474505.0,475411206.0,-33.40970943,25.15950802,1.99781053,-1.00861791,14.87038635,2.63560644
2023-02-27,11.38,0.70796460177,6082319866.9,5410179524.28,534474505.0,475411206.0,-33.64623835,25.33762843,2.01195432,-1.01575857,14.97566342,2.6542656
2023-02-28,11.29,-0.79086115993,6034217161.45,5367392515.74,534474505.0,475411206.0,-33.38014332,25.13724297,1.99604255,-1.00772533,14.85722672,2.63327404
2023-03-01,11.22,-0.620017714792,5996803946.1,5334113731.32,534474505.0,475411206.0,-33.17318052,24.98138761,1.98366673,-1.00147725,14.76510928,2.61694728
2023-03-02,11.22,0.0,5996803946.1,5334113731.32,534474505.0,475411206.0,-33.17318052,24.98138761,1.98366673,-1.00147725,14.76510928,2.61694728
2023-03-03,11.23,0.089126559715,6002148691.15,5338867843.38,534474505.0,475411206.0,-33.20274663,25.00365266,1.98543471,-1.00236983,14.77826891,2.61927967
2023-03-06,11.28,0.445235975067,6028872416.4,5362638403.68,534474505.0,475411206.0,-33.3505772,25.11497792,1.99427458,-1.00683274,14.84406708,2.63094165
2023-03-07,10.94,-3.014184397163,5847151084.7,5200998593.64,534474505.0,475411206.0,-32.34532931,24.35796617,1.93416346,-0.97648495,14.39663953,2.55164021
2023-03-08,11.09,1.371115173675,5927322260.45,5272310274.54,534474505.0,475411206.0,-32.78882103,24.69194194,1.96068307,-0.98987368,14.59403404,2.58662614
2023-03-09,11.05,-0.360685302074,5905943280.25,5253293826.3,534474505.0,475411206.0,-32.67055657,24.60288174,1.95361118,-0.98630335,14.5413955,2.57729656
2023-03-10,10.8,-2.262443438914,5772324654.0,5134441024.8,534474505.0,475411206.0,-31.93140371,24.04625545,1.90941183,-0.9639888,14.21240466,2.51898668
2023-03-13,10.78,-0.185185185185,5761635163.9,5124932800.68,534474505.0,475411206.0,-31.87227148,24.00172535,1.90587588,-0.96220363,14.18608539,2.51432189
2023-03-14,10.61,-1.576994434137,5670774498.05,5044112895.66,534474505.0,475411206.0,-31.36964753,23.62321948,1.87582033,-0.94702974,13.96237161,2.47467118
2023-03-15,10.73,1.131008482564,5734911438.65,5101162240.38,534474505.0,475411206.0,-31.7244409,23.89040009,1.89703601,-0.95774072,14.12028722,2.50265992
2023-03-16,10.5,-2.143522833178,5611982302.5,4991817663.0,534474505.0,475411206.0,-31.04442027,23.37830391,1.85637261,-0.93721133,13.81761564,2.44901483
2023-03-17,10.46,-0.380952380952,5590603322.3,4972801214.76,534474505.0,475411206.0,-30.92615581,23.28924371,1.84930072,-0.933641,13.7649771,2.43968525
2023-03-20,10.43,-0.286806883365,5574569087.15,4958538878.58,534474505.0,475411206.0,-30.83745747,23.22244855,1.84399679,-0.93096326,13.7254982,2.43268807
2023-03-21,10.68,2.396931927133,5708187713.4,5077391680.08,534474505.0,475411206.0,-31.57661033,23.77907484,1.88819614,-0.95327781,14.05448905,2.49099794
2023-03-22,10.82,1.310861423221,5783014144.1,5143949248.92,534474505.0,475411206.0,-31.99053594,24.09078556,1.91294778,-0.96577396,14.23872392,2.52365147
2023-03-23,10.75,-0.646950092421,5745600928.75,5110670464.5,534474505.0,475411206.0,-31.78357313,23.9349302,1.90057196,-0.95952589,14.14660649,2.50732471
2023-03-24,10.68,-0.651162790698,5708187713.4,5077391680.08,534474505.0,475411206.0,-31.57661033,23.77907484,1.88819614,-0.95327781,14.05448905,2.49099794
2023-03-27,10.32,-3.370786516854,5515776891.6,4906243645.92,534474505.0,475411206.0,-30.51223021,22.97753299,1.82454908,-0.92114485,13.58074223,2.40703172
2023-03-28,9.89,-4.166666666667,5285952854.45,4701816827.34,534474505.0,475411206.0,-29.24088728,22.02013578,1.7485262,-0.88276382,13.01487797,2.30673873
2023-03-29,10.07,1.820020222447,5382158265.35,4787390844.42,534474505.0,475411206.0,-29.77307734,22.42090671,1.78034973,-0.8988303,13.25175138,2.34872184
2023-03-30,10.01,-0.595829195631,5350089795.05,4758866172.06,534474505.0,475411206.0,-29.59568066,22.2873164,1.76974189,-0.8934748,13.17279357,2.33472747
2023-03-31,10.26,2.497502497502,5483708421.3,4877718973.56,534474505.0,475411206.0,-30.33483352,22.84394268,1.79592001,-0.91578936,13.50178442,2.39303735
2023-04-03,10.38,1.169590643275,5547845361.9,4934768318.28,534474505.0,475411206.0,-30.6896269,23.1111233,1.81692492,-0.92650035,13.65970003,2.42102609
2023-04-04,10.29,-0.867052023121,5499742656.45,4891981309.74,534474505.0,475411206.0,-30.42353186,22.91073784,1.80117123,-0.91846711,13.54126332,2.40003453
2023-04-06,10.37,0.777453838678,5542500616.85,4930014206.22,534474505.0,475411206.0,-30.66006078,23.08885825,1.81517451,-0.92560776,13.6465404,2.4186937
2023-04-07,10.54,1.639344262295,5633361282.7,5010834111.24,534474505.0,475411206.0,-31.16268473,23.46736412,1.84493147,-0.94078166,13.87025417,2.45834441
2023-04-10,10.32,-2.087286527514,5515776891.6,4906243645.92,534474505.0,475411206.0,-30.51223021,22.97753299,1.80642246,-0.92114485,13.58074223,2.40703172
2023-04-11,10.37,0.484496124031,5542500616.85,4930014206.22,534474505.0,475411206.0,23.08885825,23.08885825,1.81517451,-0.92560776,33.54442339,2.36263671
2023-04-12,10.54,1.639344262295,5633361282.7,5010834111.24,534474505.0,475411206.0,23.46736412,23.46736412,1.84493147,-0.94078166,34.09433197,2.40136846
2023-04-13,10.36,-1.707779886148,5537155871.8,4925260094.16,534474505.0,475411206.0,23.06659319,23.06659319,1.8134241,-0.92471518,33.51207583,2.36035838
2023-04-14,10.29,-0.675675675676,5499742656.45,4891981309.74,534474505.0,475411206.0,22.91073784,22.91073784,1.80117123,-0.91846711,33.28564288,2.34441001
2023-04-17,10.67,3.692905733722,5702842968.35,5072637568.02,534474505.0,475411206.0,23.75680979,23.75680979,1.86768679,-0.95238523,34.5148503,2.43098686
2023-04-18,10.46,-1.968134957826,5590603322.3,4972801214.76,534474505.0,475411206.0,23.28924371,23.28924371,1.83092819,-0.933641,33.83555146,2.38314176
2023-04-19,10.46,0.0,5590603322.3,4972801214.76,534474505.0,475411206.0,23.28924371,23.28924371,1.83092819,-0.933641,33.83555146,2.38314176
2023-04-20,10.27,-1.816443594646,5489053166.35,4882473085.62,534474505.0,475411206.0,22.86620773,22.86620773,1.79767042,-0.91668194,33.22094776,2.33985333
2023-04-21,10.1,-1.655306718598,5398192500.5,4801653180.6,534474505.0,475411206.0,22.48770186,22.48770186,1.76791346,-0.90150804,32.67103918,2.30112158
2023-04-24,10.04,-0.594059405941,5366124030.2,4773128508.24,534474505.0,475411206.0,22.35411155,22.35411155,1.757411,-0.89615255,32.47695379,2.28745155
2023-04-25,9.69,-3.486055776892,5179057953.45,4606734586.14,534474505.0,475411206.0,21.57483475,21.57483475,1.69614667,-0.86491217,31.34478907,2.20770972
2023-04-26,9.87,1.857585139319,5275263364.35,4692308603.22,534474505.0,475411206.0,21.97560568,21.97560568,1.72765404,-0.88097865,31.92704521,2.2487198
2023-04-27,8.99,-8.915906788247,4804925799.95,4273946741.94,534474505.0,475411206.0,23.12704781,20.01628116,1.57361802,-0.80243142,-40.30258271,2.11480797
2023-04-28,9.34,3.893214682981,4991991876.7,4440340664.04,534474505.0,475411206.0,24.02743343,20.79555796,1.63488234,-0.83367179,-41.87164878,2.19714198
2023-05-04,9.17,-1.820128479657,4901131210.85,4359520759.02,534474505.0,475411206.0,23.59010327,20.41705208,1.60512539,-0.8184979,-41.10953097,2.15715118
2023-05-05,9.06,-1.199563794984,4842339015.3,4307225526.36,534474505.0,475411206.0,23.30712493,20.17213652,1.58587088,-0.80867949,-40.61639592,2.13127477
2023-05-08,9.21,1.655629139073,4922510191.05,4378537207.26,534474505.0,475411206.0,23.69300449,20.50611229,1.61212702,-0.82206823,-41.28885281,2.16656078
2023-05-09,9.04,-1.845819761129,4831649525.2,4297717302.24,534474505.0,475411206.0,23.25567433,20.12760642,1.58237006,-0.80689433,-40.52673501,2.12656997
2023-05-10,9.04,0.0,4831649525.2,4297717302.24,534474505.0,475411206.0,23.25567433,20.12760642,1.58237006,-0.80689433,-40.52673501,2.12656997
2023-05-11,9.01,-0.33185840708,4815615290.05,4283454966.06,534474505.0,475411206.0,23.17849842,20.06081126,1.57711884,-0.80421658,-40.39224363,2.11951277
2023-05-12,8.83,-1.997780244173,4719409879.15,4197880948.98,534474505.0,475411206.0,22.71544295,19.66004034,1.54561147,-0.7881501,-39.58529537,2.07716956
2023-05-15,8.92,1.019252548131,4767512584.6,4240667957.52,534474505.0,475411206.0,22.94697068,19.8604258,1.56136515,-0.79618334,-39.9887695,2.09834117
2023-05-16,8.77,-1.681614349776,4687341408.85,4169356276.62,534474505.0,475411206.0,22.56109113,19.52645003,1.53510901,-0.78279461,-39.31631261,2.06305516
2023-05-17,9.09,3.648802736602,4858373250.45,4321487862.54,534474505.0,475411206.0,23.38430084,20.23893167,1.59112211,-0.81135724,-40.7508873,2.13833197
2023-05-18,9.19,1.100110011001,4911820700.95,4369028983.14,534474505.0,475411206.0,23.64155388,20.46158219,1.6086262,-0.82028306,-41.19919189,2.16185598
2023-05-19,9.26,0.76169749728,4949233916.3,4402307767.56,534474505.0,475411206.0,23.821631,20.61743755,1.62087907,-0.82653114,-41.51300511,2.17832278
2023-05-22,9.26,0.0,4949233916.3,4402307767.56,534474505.0,475411206.0,23.821631,20.61743755,1.62087907,-0.82653114,-41.51300511,2.17832278
2023-05-23,9.23,-0.323974082073,4933199681.15,4388045431.38,534474505.0,475411206.0,23.74445509,20.55064239,1.61562784,-0.82385339,-41.37851373,2.17126558
2023-05-24,9.22,-0.108342361863,4927854936.1,4383291319.32,534474505.0,475411206.0,23.71872979,20.52837734,1.61387743,-0.82296081,-41.33368327,2.16891318
2023-05-25,9.26,0.433839479393,4949233916.3,4402307767.56,534474505.0,475411206.0,23.821631,20.61743755,1.62087907,-0.82653114,-41.51300511,2.17832278
2023-05-26,9.27,0.107991360691,4954578661.35,4407061879.62,534474505.0,475411206.0,23.84735631,20.6397026,1.62262948,-0.82742372,-41.55783556,2.18067518
2023-05-29,9.16,-1.186623516721,4895786465.8,4354766646.96,534474505.0,475411206.0,23.56437797,20.39478703,1.60337498,-0.81760531,-41.06470052,2.15479878
2023-05-30,9.22,0.655021834061,4927854936.1,4383291319.32,534474505.0,475411206.0,23.71872979,20.52837734,1.61387743,-0.82296081,-41.33368327,2.16891318
2023-05-31,9.27,0.542299349241,4954578661.35,4407061879.62,534474505.0,475411206.0,23.84735631,20.6397026,1.62262948,-0.82742372,-41.55783556,2.18067518
2023-06-01,9.36,0.970873786408,5002681366.8,4449848888.16,534474505.0,475411206.0,24.07888404,20.84008806,1.63838316,-0.83545696,-41.9613097,2.20184678
2023-06-02,9.26,-1.068376068376,4949233916.3,4402307767.56,534474505.0,475411206.0,23.821631,20.61743755,1.62087907,-0.82653114,-41.51300511,2.17832278
2023-06-05,9.15,-1.187904967603,4890441720.75,4350012534.9,534474505.0,475411206.0,23.53865266,20.37252198,1.60162457,-0.81671273,-41.01987006,2.15244638
2023-06-06,8.97,-1.967213114754,4794236309.85,4264438517.82,534474505.0,475411206.0,23.0755972,19.97175106,1.5701172,-0.80064625,-40.21292179,2.11010317
2023-06-07,8.95,-0.222965440357,4783546819.75,4254930293.7,534474505.0,475411206.0,23.0241466,19.92722095,1.56661638,-0.79886109,-40.12326087,2.10539837
2023-06-08,8.91,-0.446927374302,4762167839.55,4235913845.46,534474505.0,475411206.0,22.92124538,19.83816075,1.55961474,-0.79529076,-39.94393904,2.09598877
2023-06-09,8.91,0.0,4762167839.55,4235913845.46,534474505.0,475411206.0,22.92124538,19.83816075,1.55961474,-0.79529076,-39.94393904,2.09598877
2023-06-12,8.96,0.561167227834,4788891564.8,4259684405.76,534474505.0,475411206.0,23.0498719,19.94948601,1.56836679,-0.79975367,-40.16809133,2.10775077
2023-06-13,9.07,1.227678571429,4847683760.35,4311979638.42,534474505.0,475411206.0,23.33285024,20.19440157,1.58762129,-0.80957207,-40.66122638,2.13362717
2023-06-14,8.93,-1.54355016538,4772857329.65,4245422069.58,534474505.0,475411206.0,22.97269599,19.88269085,1.56311556,-0.79707592,-40.03359996,2.10069357
2023-06-15,8.99,0.6718924972,4804925799.95,4273946741.94,534474505.0,475411206.0,23.12704781,20.01628116,1.57361802,-0.80243142,-40.30258271,2.11480797
2023-06-16,9.12,1.446051167964,4874407485.6,4335750198.72,534474505.0,475411206.0,23.46147675,20.30572683,1.59637334,-0.81403499,-40.88537868,2.14538917
2023-06-19,9.11,-0.109649122807,4869062740.55,4330996086.66,534474505.0,475411206.0,23.43575145,20.28346178,1.59462293,-0.8131424,-40.84054822,2.14303677
2023-06-20,9.3,2.085620197585,4970612896.5,4421324215.8,534474505.0,475411206.0,23.92453222,20.70649775,1.62788071,-0.83010147,-41.69232694,2.18773238
2023-06-21,9.26,-0.430107526882,4949233916.3,4402307767.56,534474505.0,475411206.0,23.821631,20.61743755,1.62087907,-0.82653114,-41.51300511,2.17832278
2023-06-26,9.06,-2.159827213823,4842339015.3,4307225526.36,534474505.0,475411206.0,23.30712493,20.17213652,1.58587088,-0.80867949,-40.61639592,2.13127477
2023-06-27,9.23,1.876379690949,4933199681.15,4388045431.38,534474505.0,475411206.0,23.74445509,20.55064239,1.61562784,-0.82385339,-41.37851373,2.17126558
2023-06-28,9.36,1.408450704225,5002681366.8,4449848888.16,534474505.0,475411206.0,24.07888404,20.84008806,1.63838316,-0.83545696,-41.9613097,2.20184678
2023-06-29,9.5,1.495726495726,5077507797.5,4516406457.0,534474505.0,475411206.0,24.43903829,21.15179878,1.66288889,-0.84795311,-42.58893612,2.23478039
2023-06-30,9.54,0.421052631579,5098886777.7,4535659735.74,534474505.0,475436031.0,24.5419395,21.24085898,1.70585658,-0.85152344,-42.76825796,2.24418999
2023-07-03,9.51,-0.314465408805,5082852542.55,4521396654.81,534474505.0,475436031.0,24.46476359,21.17406383,1.70049225,-0.84884569,-42.63376658,2.23713279
2023-07-04,9.48,-0.315457413249,5066818307.4,4507133573.88,534474505.0,475436031.0,24.38758768,21.10726868,1.69512792,-0.84616795,-42.49927521,2.23007559
2023-07-05,9.46,-0.210970464135,5056128817.3,4497624853.26,534474505.0,475436031.0,24.33613707,21.06273857,1.6915517,-0.84438278,-42.40961429,2.22537079
2023-07-06,9.52,0.634249471459,5088197287.6,4526151015.12,534474505.0,475436031.0,24.49048889,21.19632888,1.70228036,-0.84973827,-42.67859704,2.23948519
2023-07-07,9.43,-0.945378151261,5040094582.15,4483361772.33,534474505.0,475436031.0,24.25896116,20.99594342,1.68618737,-0.84170503,-42.27512291,2.21831359
2023-07-10,9.41,-0.212089077413,5029405092.05,4473853051.71,534474505.0,475436031.0,24.20751055,20.95141332,1.68261115,-0.83991987,-42.18546199,2.21360879
2023-07-11,9.49,0.850159404888,5072163052.45,4511887934.19,534474505.0,475436031.0,24.41331298,21.12953373,1.69691603,-0.84706053,-42.54410566,2.23242799
2023-07-12,9.33,0.214822771214,4986647131.65,4435818169.23,534474505.0,475436031.0,24.00170813,20.77329291,1.66830628,-0.83277921,-41.82681832,2.19478958
2023-07-13,9.41,0.85744908896,5029405092.05,4473853051.71,534474505.0,475436031.0,24.20751055,20.95141332,1.68261115,-0.83991987,-42.18546199,2.21360879
2023-07-14,9.34,-0.743889479277,4991991876.7,4440572529.54,534474505.0,475436031.0,24.02743343,20.79555796,1.67009439,-0.83367179,-41.87164878,2.19714198
2023-07-17,9.45,1.177730192719,5050784072.25,4492870492.95,534474505.0,475436031.0,24.31041177,21.04047352,1.68976359,-0.8434902,-42.36478383,2.22301839
2023-07-18,9.55,1.058201058201,5104231522.75,4540414096.05,534474505.0,475436031.0,24.5676648,21.26312404,1.70764469,-0.85241602,-42.81308842,2.24654239
2023-07-19,9.39,-1.675392670157,5018715601.95,4464344331.09,534474505.0,475436031.0,24.15605995,20.90688321,1.67903493,-0.83813471,-42.09580107,2.20890399
2023-07-20,9.22,-1.810436634718,4927854936.1,4383520205.82,534474505.0,475436031.0,23.71872979,20.52837734,1.64863707,-0.82296081,-41.33368327,2.16891318
2023-07-21,9.12,-1.084598698482,4874407485.6,4335976602.72,534474505.0,475436031.0,23.46147675,20.30572683,1.63075598,-0.81403499,-40.88537868,2.14538917
2023-07-24,9.2,0.877192982456,4917165446.0,4373625085.2,534474505.0,475394031.0,23.66727918,20.48384724,1.64506085,-0.82117564,-41.24402235,2.16420838
2023-07-25,9.44,2.608695652174,5045439327.2,4487719652.64,534474505.0,475394031.0,24.28468646,21.01820847,1.68797548,-0.84259762,-42.31995337,2.22066599
2023-07-26,9.41,-0.317796610169,5029405092.05,4473457831.71,534474505.0,475394031.0,24.20751055,20.95141332,1.68261115,-0.83991987,-42.18546199,2.21360879
2023-07-27,9.33,-0.850159404888,4986647131.65,4435426309.23,534474505.0,475394031.0,24.00170813,20.77329291,1.66830628,-0.83277921,-41.82681832,2.19478958
2023-07-28,9.4,0.75026795284,5024060347.0,4468703891.4,534474505.0,475394031.0,24.18178525,20.92914827,1.68082304,-0.83902729,-42.14063153,2.21125639
2023-07-31,9.39,-0.106382978723,5018715601.95,4463949951.09,534474505.0,475394031.0,24.15605995,20.90688321,1.67903493,-0.83813471,-42.09580107,2.20890399
2023-08-01,9.33,-0.638977635783,4986647131.65,4435426309.23,534474505.0,475394031.0,24.00170813,20.77329291,1.66830628,-0.83277921,-41.82681832,2.19478958
2023-08-02,9.36,0.32154340836,5002681366.8,4449688130.16,534474505.0,475394031.0,24.07888404,20.84008806,1.67367061,-0.83545696,-41.9613097,2.20184678
2023-08-03,9.3,-0.641025641026,4970612896.5,4421164488.3,534474505.0,475394031.0,23.92453222,20.70649775,1.66294195,-0.83010147,-41.69232694,2.18773238
2023-08-04,9.35,0.537634408602,4997336621.75,4444934189.85,534474505.0,475394031.0,24.05315873,20.81782301,1.6718825,-0.83456438,-41.91647924,2.19949438
2023-08-07,9.21,-1.497326203209,4922510191.05,4378379025.51,534474505.0,475394031.0,23.69300449,20.50611229,1.64684896,-0.82206823,-41.28885281,2.16656078
2023-08-08,9.11,-1.085776330076,4869062740.55,4330839622.41,534474505.0,475394031.0,23.43575145,20.28346178,1.62896787,-0.8131424,-40.84054822,2.14303677
2023-08-09,9.08,-0.32930845225,4853028505.4,4316577801.48,534474505.0,475394031.0,23.35857554,20.21666662,1.62360354,-0.81046466,-40.70605684,2.13597957
2023-08-10,9.15,0.770925110132,4890441720.75,4349855383.65,534474505.0,475394031.0,23.53865266,20.37252198,1.6361203,-0.81671273,-41.01987006,2.15244638
2023-08-11,9.02,-1.420765027322,4820960035.1,4288054159.62,534474505.0,475394031.0,23.20422372,20.08307631,1.61287488,-0.80510916,-40.43707409,2.12186517
2023-08-14,9.12,1.108647450111,4874407485.6,4335593562.72,534474505.0,475394031.0,23.46147675,20.30572683,1.63075598,-0.81403499,-40.88537868,2.14538917
2023-08-15,9.16,0.438596491228,4895786465.8,4354609323.96,534474505.0,475394031.0,23.56437797,20.39478703,1.63790841,-0.81760531,-41.06470052,2.15479878
2023-08-16,9.06,-1.091703056769,4842339015.3,4307069920.86,534474505.0,475394031.0,23.30712493,20.17213652,1.62002732,-0.80867949,-40.61639592,2.13127477
2023-08-17,9.27,2.317880794702,4954578661.35,4406902667.37,534474505.0,475394031.0,23.84735631,20.6397026,1.65757762,-0.82742372,-41.55783556,2.18067518
2023-08-18,9.22,-0.539374325782,4927854936.1,4383132965.82,534474505.0,475394031.0,23.71872979,20.52837734,1.64863707,-0.82296081,-41.33368327,2.16891318
2023-08-21,9.22,0.0,4927854936.1,4383132965.82,534474505.0,475394031.0,23.71872979,20.52837734,1.64863707,-0.82296081,-41.33368327,2.16891318
2023-08-22,9.26,0.433839479393,4949233916.3,4402148727.06,534474505.0,475394031.0,23.821631,20.61743755,1.65578951,-0.82653114,-41.51300511,2.17832278
2023-08-23,9.08,-1.943844492441,4853028505.4,4316577801.48,534474505.0,475394031.0,23.35857554,20.21666662,1.62360354,-0.81046466,-40.70605684,2.13597957
2023-08-24,8.86,-2.422907488987,4735444114.3,4211991114.66,534474505.0,475394031.0,22.79261886,19.72683549,1.58426512,-0.79082785,-39.71978674,2.08422676
2023-08-25,8.63,-2.595936794582,4612514978.15,4102650487.53,534474505.0,475394031.0,22.20093688,19.21473931,1.5431386,-0.77029846,-38.68868618,2.03012155
2023-08-28,8.53,-1.158748551564,4559067527.65,4055111084.43,534474505.0,475394031.0,21.94368385,18.9920888,1.52525751,-0.76137263,-38.24038159,2.00659755
2023-08-29,8.77,2.813599062134,4687341408.85,4169205651.87,534474505.0,475394031.0,23.30630711,19.52645003,1.56817214,-0.78279461,-123.75026504,2.05349524
2023-08-30,8.96,2.166476624857,4788891564.8,4259530517.76,534474505.0,475394031.0,23.81123281,19.94948601,1.60214622,-0.79975367,-126.43128561,2.09798373
2023-08-31,9.0,0.446428571429,4810270545.0,4278546279.0,534474505.0,475394031.0,23.91753295,20.03854621,1.60929866,-0.803324,-126.99571099,2.10734973
2023-09-01,9.06,0.666666666667,4842339015.3,4307069920.86,534474505.0,475394031.0,24.07698317,20.17213652,1.62002732,-0.80867949,-127.84234906,2.12139873
2023-09-04,9.21,1.655629139073,4922510191.05,4378379025.51,534474505.0,475394031.0,24.47560872,20.50611229,1.64684896,-0.82206823,-129.95894425,2.15652123
2023-09-05,9.26,0.542888165038,4949233916.3,4402148727.06,534474505.0,475394031.0,24.6084839,20.61743755,1.65578951,-0.82653114,-130.66447597,2.16822873
2023-09-06,9.38,1.295896328294,5013370856.9,4459196010.78,534474505.0,475394031.0,24.92738434,20.88461816,1.67724683,-0.83724212,-132.35775212,2.19632672
2023-09-07,9.33,-0.533049040512,4986647131.65,4435426309.23,534474505.0,475394031.0,24.79450916,20.77329291,1.66830628,-0.83277921,-131.65222039,2.18461922
2023-09-08,9.43,1.0718113612,5040094582.15,4482965712.33,534474505.0,475394031.0,25.06025953,20.99594342,1.68618737,-0.84170503,-133.06328385,2.20803422
2023-09-11,9.54,1.166489925769,5098886777.7,4535259055.74,534474505.0,475394031.0,25.35258493,21.24085898,1.70585658,-0.85152344,-134.61545365,2.23379072
2023-09-12,9.55,0.104821802935,5104231522.75,4540012996.05,534474505.0,475394031.0,25.37915997,21.26312404,1.70764469,-0.85241602,-134.75655999,2.23613222
2023-09-13,9.43,-1.256544502618,5040094582.15,4482965712.33,534474505.0,475394031.0,25.06025953,20.99594342,1.68618737,-0.84170503,-133.06328385,2.20803422
2023-09-14,9.37,-0.636267232238,5008026111.85,4454442070.47,534474505.0,475394031.0,24.90080931,20.86235311,1.67545872,-0.83634954,-132.21664577,2.19398522
2023-09-15,9.41,0.42689434365,5029405092.05,4473457831.71,534474505.0,475394031.0,25.00710945,20.95141332,1.68261115,-0.83991987,-132.78107116,2.20335122
2023-09-18,9.44,0.318809776833,5045439327.2,4487719652.64,534474505.0,475394031.0,25.08683456,21.01820847,1.68797548,-0.84259762,-133.20439019,2.21037572
2023-09-19,9.33,-1.165254237288,4986647131.65,4435426309.23,534474505.0,475394031.0,24.79450916,20.77329291,1.66830628,-0.83277921,-131.65222039,2.18461922
2023-09-20,9.25,-0.85744908896,4943889171.25,4397394786.75,534474505.0,475394031.0,24.58190887,20.5951725,1.6540014,-0.82563855,-130.52336963,2.16588723
2023-09-21,9.24,-0.108108108108,4938544426.2,4392640846.44,534474505.0,475394031.0,24.55533383,20.57290744,1.65221329,-0.82474597,-130.38226328,2.16354573
2023-09-22,9.4,1.731601731602,5024060347.0,4468703891.4,534474505.0,475394031.0,24.98053442,20.92914827,1.68082304,-0.83902729,-132.63996481,2.20100972
2023-09-25,9.35,-0.531914893617,4997336621.75,4444934189.85,534474505.0,475394031.0,24.84765923,20.81782301,1.6718825,-0.83456438,-131.93443308,2.18930222
2023-09-26,9.24,-1.176470588235,4938544426.2,4392640846.44,534474505.0,475394031.0,24.55533383,20.57290744,1.65221329,-0.82474597,-130.38226328,2.16354573
2023-09-27,9.28,0.4329004329,4959923406.4,4411656607.68,534474505.0,475394031.0,24.66163398,20.66196765,1.65936573,-0.8283163,-130.94668866,2.17291172
2023-09-28,9.42,1.508620689655,5034749837.1,4478211772.02,534474505.0,475394031.0,25.03368449,20.97367837,1.68439926,-0.84081245,-132.9221775,2.20569272
2023-10-09,9.32,-1.061571125265,4981302386.6,4430672368.92,534474505.0,475394031.0,24.76793412,20.75102785,1.66290569,-0.83188663,-131.51111405,2.18227772
2023-10-10,9.34,0.214592274678,4991991876.7,4440180249.54,534474505.0,475394031.0,24.8210842,20.79555796,1.66647416,-0.83367179,-131.79332674,2.18696072
2023-10-11,9.32,-0.214132762313,4981302386.6,4430672368.92,534474505.0,475394031.0,24.76793412,20.75102785,1.66290569,-0.83188663,-131.51111405,2.18227772
2023-10-12,9.37,0.536480686695,5008026111.85,4454442070.47,534474505.0,475394031.0,24.90080931,20.86235311,1.67182686,-0.83634954,-132.21664577,2.19398522
2023-10-13,9.3,-0.747065101387,4970612896.5,4421164488.3,534474505.0,475394031.0,24.71478405,20.70649775,1.65933722,-0.83010147,-131.22890136,2.17759472
2023-10-16,9.24,-0.645161290323,4938544426.2,4392640846.44,534474505.0,475394031.0,24.55533383,20.57290744,1.64863182,-0.82474597,-130.38226328,2.16354573
2023-10-17,8.94,-3.246753246753,4778202074.7,4250022637.14,534474505.0,475394031.0,23.75808273,19.9049559,1.59510481,-0.79796851,-126.14907292,2.09330073
2023-10-18,8.64,-3.355704697987,4617859723.2,4107404427.84,534474505.0,475394031.0,22.96083163,19.23700436,1.54157781,-0.77119104,-121.91588255,2.02305574
2023-10-19,8.62,-0.231481481481,4607170233.1,4097896547.22,534474505.0,475394031.0,22.90768156,19.19247426,1.53800934,-0.76940587,-121.63366986,2.01837274
2023-10-20,8.59,-0.348027842227,4591135997.95,4083634726.29,534474505.0,475394031.0,22.82795645,19.12567911,1.53265664,-0.76672813,-121.21035082,2.01134824
2023-10-23,8.51,-0.93131548312,4548378037.55,4045603203.81,534474505.0,475394031.0,22.61535616,18.9475587,1.51838277,-0.75958747,-120.08150006,1.99261625
2023-10-24,8.63,1.410105757932,4612514978.15,4102650487.53,534474505.0,475394031.0,22.9342566,19.21473931,1.53979357,-0.77029846,-121.7747762,2.02071424
2023-10-25,8.83,2.317497103129,4719409879.15,4197729293.73,534474505.0,475394031.0,23.46575733,19.66004034,1.57547824,-0.7881501,-124.59690312,2.06754424
2023-10-26,9.03,2.265005662514,4826304780.15,4292808099.93,534474505.0,475394031.0,23.99725806,20.10534137,1.61116291,-0.80600175,-127.41903003,2.11437423
2023-10-27,9.09,0.664451827243,4858373250.45,4321331741.79,534474505.0,475394031.0,24.15670828,20.23893167,1.62186832,-0.81135724,-128.2656681,2.12842323
2023-10-30,9.17,0.880088008801,4901131210.85,4359363264.27,534474505.0,475394031.0,24.36930858,20.41705208,1.63614218,-0.8184979,-129.39451886,2.14715523
2023-10-31,9.24,0.763358778626,4938544426.2,4392640846.44,534474505.0,475394031.0,22.07636146,20.57290744,1.64863182,-0.82474597,-155.15810843,2.07286906
2023-11-01,9.34,1.082251082251,4991991876.7,4440180249.54,534474505.0,475394031.0,22.31528313,20.79555796,1.66647416,-0.83367179,-156.83730874,2.09530271
2023-11-02,9.26,-0.856531049251,4949233916.3,4402148727.06,534474505.0,475394031.0,22.1241458,20.61743755,1.65220029,-0.82653114,-155.49394849,2.07735579
2023-11-03,9.34,0.863930885529,4991991876.7,4440180249.54,534474505.0,475394031.0,22.31528313,20.79555796,1.66647416,-0.83367179,-156.83730874,2.09530271
2023-11-06,9.39,0.535331905782,5018715601.95,4463949951.09,534474505.0,475394031.0,22.43474396,20.90688321,1.67539532,-0.83813471,-157.67690889,2.10651954
2023-11-07,9.29,-1.064962726305,4965268151.45,4416410547.99,534474505.0,475394031.0,22.19582229,20.6842327,1.65755299,-0.82920888,-155.99770859,2.08408589
2023-11-08,9.27,-0.21528525296,4954578661.35,4406902667.37,534474505.0,475394031.0,22.14803796,20.6397026,1.65398452,-0.82742372,-155.66186852,2.07959916
2023-11-09,9.24,-0.323624595469,4938544426.2,4392640846.44,534474505.0,475394031.0,22.07636146,20.57290744,1.64863182,-0.82474597,-155.15810843,2.07286906
2023-11-10,9.3,0.649350649351,4970612896.5,4421164488.3,534474505.0,475394031.0,22.21971446,20.70649775,1.65933722,-0.83010147,-156.16562862,2.08632925
2023-11-13,9.71,4.408602150538,5189747443.55,4616076041.01,534474505.0,475394031.0,23.19929327,21.61936486,1.7324908,-0.86669734,-163.05034988,2.17830721
2023-11-14,9.55,-1.647785787848,5104231522.75,4540012996.05,534474505.0,475394031.0,22.81701861,21.26312404,1.70394306,-0.85241602,-160.36362939,2.14241337
2023-11-15,9.65,1.047120418848,5157678973.25,4587552399.15,534474505.0,475394031.0,23.05594027,21.48577455,1.7217854,-0.86134184,-162.04282969,2.16484702
2023-11-16,9.57,-0.829015544041,5114921012.85,4549520876.67,534474505.0,475394031.0,22.86480295,21.30765414,1.70751153,-0.85420119,-160.69946945,2.1469001
2023-11-17,9.64,0.73145245559,5152334228.2,4582798458.84,534474505.0,475394031.0,23.03204811,21.4635095,1.72000116,-0.86044926,-161.87490966,2.16260366
2023-11-20,9.7,0.622406639004,5184402698.5,4611322100.7,534474505.0,475394031.0,23.1754011,21.59709981,1.73070656,-0.86580475,-162.88242985,2.17606385
2023-11-21,9.61,-0.927835051546,5136299993.05,4568536637.91,534474505.0,475394031.0,22.96037161,21.39671434,1.71464846,-0.85777151,-161.37114957,2.15587356
2023-11-22,9.53,-0.832466181061,5093542032.65,4530505115.43,534474505.0,475394031.0,22.76923428,21.21859393,1.70037459,-0.85063086,-160.02778932,2.13792664
2023-11-23,9.61,0.839454354669,5136299993.05,4568536637.91,534474505.0,475394031.0,22.96037161,21.39671434,1.71464846,-0.85777151,-161.37114957,2.15587356
2023-11-24,9.5,-1.144640998959,5077507797.5,4516243294.5,534474505.0,475394031.0,22.69755778,21.15179878,1.69502189,-0.84795311,-159.52402923,2.13119655
2023-11-27,9.53,0.315789473684,5093542032.65,4530355732.68,534474505.0,475378356.0,22.76923428,21.21859393,1.70037459,-0.85063086,-160.02778932,2.13792664
2023-11-28,9.58,0.524658971668,5118817261.9,4554124650.48,534323305.0,475378356.0,22.88222002,21.32388507,1.70881221,-0.85485187,-160.82188095,2.14853549
2023-11-29,9.57,-0.104384133612,5113474028.85,4549370866.92,534323305.0,475378356.0,22.85833461,21.30162632,1.70702848,-0.85395954,-160.65400842,2.14629276
2023-11-30,9.5,-0.73145245559,5076071397.5,4516094382.0,534323305.0,475378356.0,22.69113676,21.14581505,1.69454238,-0.84771323,-159.47890073,2.13059365
2023-12-01,9.5,0.0,5076071397.5,4516094382.0,534323305.0,475378356.0,22.69113676,21.14581505,1.69454238,-0.84771323,-159.47890073,2.13059365
2023-12-04,9.56,0.631578947368,5108130795.8,4544617083.36,534323305.0,475378356.0,22.83444921,21.27936756,1.70524475,-0.85306721,-160.48613589,2.14405003
2023-12-05,9.41,-1.569037656904,5027982300.05,4473310329.96,534323305.0,475378356.0,22.4761681,20.94548627,1.67848882,-0.83968226,-157.96804799,2.11040907
2023-12-06,9.41,0.0,5027982300.05,4473310329.96,534323305.0,475378356.0,22.4761681,20.94548627,1.67848882,-0.83968226,-157.96804799,2.11040907
2023-12-07,9.37,-0.425079702444,5006609367.85,4454295195.72,534323305.0,475378356.0,22.38062647,20.85645126,1.6713539,-0.83611294,-157.29655788,2.10143815
2023-12-08,9.21,-1.7075773746,4921117639.05,4378234658.76,534323305.0,475378356.0,21.99845996,20.50031122,1.64281424,-0.82183567,-154.61059745,2.06555447
2023-12-11,9.24,0.325732899023,4937147338.2,4392496009.44,534323305.0,475378356.0,22.07011618,20.56708748,1.64816543,-0.82451266,-155.11421503,2.07228266
2023-12-12,9.14,-1.082251082251,4883715007.7,4344958173.84,534323305.0,475378356.0,21.83126211,20.34449995,1.63032814,-0.81558936,-153.43548976,2.04985536
2023-12-13,9.24,1.09409190372,4937147338.2,4392496009.44,534323305.0,475378356.0,22.07011618,20.56708748,1.64816543,-0.82451266,-155.11421503,2.07228266
2023-12-14,9.12,-1.298701298701,4873028541.6,4335450606.72,534323305.0,475378356.0,21.78349129,20.29998245,1.62676068,-0.8138047,-153.0997447,2.0453699
2023-12-15,9.12,0.0,4873028541.6,4353880302.72,534323305.0,477399156.0,21.78349129,20.29998245,1.62676068,-0.8138047,-153.0997447,2.0453699
2023-12-18,9.01,-1.206140350877,4814252978.05,4301366395.56,534323305.0,477399156.0,21.52075182,20.05513617,1.60713967,-0.80398907,-151.2531469,2.02069987
2023-12-19,8.98,-0.332963374029,4798223278.9,4287044420.88,534323305.0,477399156.0,21.44909559,19.98835991,1.60178848,-0.80131208,-150.74952932,2.01397168
2023-12-20,8.95,-0.334075723831,4782193579.75,4272722446.2,534323305.0,477399156.0,21.37743937,19.92158365,1.59643729,-0.79863509,-150.24591174,2.00724349
2023-12-21,8.94,-0.111731843575,4776850346.7,4267948454.64,534323305.0,477399156.0,21.35355397,19.8993249,1.59465357,-0.79774276,-150.07803921,2.00500076
2023-12-22,8.93,-0.111856823266,4771507113.65,4263174463.08,534323305.0,477399156.0,21.32966856,19.87706614,1.59286984,-0.79685043,-149.91016669,2.00275803
2023-12-25,8.92,-0.111982082867,4766163880.6,4258400471.52,534323305.0,477399156.0,21.30578315,19.85480739,1.59108611,-0.7959581,-149.74229416,2.0005153
2023-12-26,8.78,-1.569506726457,4691358617.9,4191564589.68,534323305.0,477399156.0,20.97138745,19.54318485,1.5661139,-0.78346549,-147.39207878,1.96911707
2023-12-27,8.85,0.797266514806,4728761249.25,4224982530.6,534323305.0,477399156.0,21.1385853,19.69899612,1.57860001,-0.7897118,-148.56718647,1.98481619
2023-12-28,9.01,1.80790960452,4814252978.05,4301366395.56,534323305.0,477399156.0,21.52075182,20.05513617,1.60713967,-0.80398907,-151.2531469,2.02069987
2023-12-29,9.06,0.554938956715,4840969143.3,4325236353.36,534323305.0,477399156.0,21.64017885,20.16642993,1.61605831,-0.80845072,-152.09250954,2.03191352
2024-01-02,9.31,2.759381898455,4974549969.55,4444586142.36,534323305.0,477399156.0,22.23731403,39.58148436,1.62344961,-1.64097814,-156.28932272,2.08798177
2024-01-03,9.18,-1.396348012889,4905087939.9,4382524252.08,534323305.0,477399156.0,21.92680374,39.02878909,1.60078061,-1.61806437,-154.10697986,2.05882628
2024-01-04,9.28,1.089324618736,4958520270.4,4430264167.68,534323305.0,477399156.0,22.16565781,39.4539393,1.6182183,-1.63569035,-155.78570514,2.08125358
2024-01-05,9.1,-1.939655172414,4862342075.5,4344332319.6,534323305.0,477399156.0,21.73572048,38.68866893,1.58683045,-1.60396359,-152.76399965,2.04088444
2024-01-08,8.77,-3.626373626374,4686015384.85,4186790598.12,534323305.0,477399156.0,20.94750204,37.28567324,1.52928605,-1.54579788,-147.22420625,1.96687434
2024-01-09,8.78,0.114025085519,4691358617.9,4191564589.68,534323305.0,477399156.0,20.97138745,37.32818826,1.53102982,-1.54756048,-147.39207878,1.96911707
2024-01-10,8.71,-0.797266514806,4653955986.55,4158146648.76,534323305.0,477399156.0,20.8041896,37.03058312,1.51882343,-1.5352223,-146.21697109,1.95341796
2024-01-11,8.88,1.95177956372,4744790948.4,4239304505.28,534323305.0,477399156.0,21.21024152,37.75333847,1.54846752,-1.56518645,-149.07080405,1.99154438
2024-01-12,9.02,1.576576576577,4819596211.1,4306140387.12,534323305.0,477399156.0,21.54463722,38.34854876,1.57288029,-1.58986281,-151.42101943,2.0229426
2024-01-15,8.63,-4.323725055432,4611210122.15,4119954716.28,534323305.0,477399156.0,20.61310634,36.69046295,1.50487327,-1.52112152,-144.87399087,1.93547612
2024-01-16,8.66,0.347624565469,4627239821.3,4134276690.96,534323305.0,477399156.0,20.68476257,36.81800801,1.51010458,-1.52640931,-145.37760846,1.94220431
2024-01-17,8.44,-2.540415704388,4509688694.2,4029248876.64,534323305.0,477399156.0,20.15928361,35.88267755,1.47174165,-1.48763217,-141.68441286,1.89286425
2024-01-18,8.24,-2.369668246445,4402824033.2,3933769045.44,534323305.0,477399156.0,19.68157547,35.03237714,1.43686625,-1.45238022,-138.32696232,1.84800965
2024-01-19,8.22,-0.242718446602,4392137567.1,3924221062.32,534323305.0,477399156.0,19.63380465,34.9473471,1.43337871,-1.44885503,-137.99121726,1.84352419
2024-01-22,7.6,-7.542579075426,4060857118.0,3628233585.6,534323305.0,477399156.0,18.15290941,32.31141581,1.32526499,-1.33957399,-127.58312058,1.70447492
2024-01-23,7.48,-1.578947368421,3996738321.4,3570945686.88,534323305.0,477399156.0,17.86628453,31.80123556,1.30433975,-1.31842282,-125.56865026,1.67756215
2024-01-24,7.59,1.470588235294,4055513884.95,3623459594.04,534323305.0,477399156.0,18.129024,32.26890079,1.32352122,-1.33781139,-127.41524806,1.70223219
2024-01-25,8.0,5.401844532279,4274586440.0,3819193248.0,534323305.0,477399156.0,19.1083257,34.01201664,1.39501578,-1.41007788,-134.29802167,1.79418412
2024-01-26,7.93,-0.875,4237183808.65,3785775307.08,534323305.0,477399156.0,18.94112785,33.71441149,1.38280939,-1.3977397,-133.12291398,1.77848501
2024-01-29,7.82,-1.387137452711,4178408245.1,3733261399.92,534323305.0,477399156.0,18.67838837,33.24674626,1.36362792,-1.37835113,-131.27631618,1.75381498
2024-01-30,7.61,-2.685421994885,4066200351.05,3633007577.16,534323305.0,477399156.0,18.17679482,32.35393083,1.32700876,-1.34133659,-127.75099311,1.70671765
2024-01-31,7.14,-6.176084099869,3815068397.7,3408629973.84,534323305.0,477399156.0,17.05418068,30.35572485,1.24505158,-1.25849451,-119.86098434,1.60130933
2024-02-01,7.03,-1.540616246499,3756292834.15,3356116066.68,534323305.0,477399156.0,16.79144121,29.88805962,1.22587012,-1.23910594,-118.01438654,1.5766393
2024-02-02,6.69,-4.836415362731,3574622910.45,3193800353.64,534323305.0,477399156.0,15.97933736,28.44254891,1.16658195,-1.17917763,-112.30672062,1.50038647
2024-02-05,6.03,-9.865470852018,3221969529.15,2878716910.68,534323305.0,477399156.0,14.40290049,25.63655754,1.05149314,-1.0628462,-101.22713383,1.35236628
2024-02-06,6.34,5.14096185738,3387609753.7,3026787363.04,534323305.0,477411256.0,15.14334811,26.95452319,1.10555001,-1.11748672,-106.43118217,1.42189092
2024-02-07,6.57,3.627760252366,3510504113.85,3136591951.92,534323305.0,477411256.0,15.69271248,27.93236866,1.14565671,-1.15802646,-110.2922503,1.47347371
2024-02-08,7.08,7.762557077626,3783008999.4,3380071692.48,534323305.0,477411256.0,16.91086824,30.10063473,1.23458897,-1.24791893,-118.85374918,1.58785295
2024-02-19,7.21,1.83615819209,3852471029.05,3442135155.76,534323305.0,477411256.0,17.22137853,30.65333,1.25725797,-1.27083269,-121.03609203,1.61700844
2024-02-20,7.22,0.138696255201,3857814262.1,3446909268.32,534323305.0,477411256.0,17.24526394,30.69584502,1.25900174,-1.27259529,-121.20396456,1.61925117
2024-02-21,7.35,1.80055401662,3927276291.75,3508972731.6,534323305.0,477411256.0,17.55577423,31.24854029,1.28167075,-1.29550906,-123.38630741,1.64840666
2024-02-22,7.49,1.904761904762,4002081554.45,3575810307.44,534323305.0,477411256.0,17.89016993,31.84375058,1.30608352,-1.32018542,-125.73652279,1.67980488
2024-02-23,7.56,0.934579439252,4039484185.8,3609229095.36,534323305.0,477411256.0,18.05736778,32.14135572,1.31828991,-1.3325236,-126.91163048,1.695504
2024-02-26,7.79,3.042328042328,4162378545.95,3719033684.24,534323305.0,477411256.0,18.60673215,33.1192012,1.35839662,-1.37306334,-130.7726986,1.74708679
2024-02-27,7.87,1.026957637997,4205124410.35,3757226584.72,534323305.0,477411256.0,18.7978154,33.45932137,1.37234677,-1.38716412,-132.11567882,1.76502863
2024-02-28,7.37,-6.353240152478,3937962757.85,3518520956.72,534323305.0,477411256.0,17.60354505,31.33357033,1.28515829,-1.29903425,-123.72205246,1.65289212
2024-02-29,7.63,3.527815468114,4076886817.15,3642647883.28,534323305.0,477411256.0,18.22456563,32.43896087,1.3304963,-1.34486178,-128.08673817,1.71120311
2024-03-01,7.87,3.145478374836,4205124410.35,3757226584.72,534323305.0,477411256.0,18.7978154,33.45932137,1.37234677,-1.38716412,-132.11567882,1.76502863
2024-03-04,8.11,3.049555273189,4333362003.55,3871805286.16,534323305.0,477411256.0,19.37106517,34.47968187,1.41419725,-1.42946645,-136.14461947,1.81885415
2024-03-05,8.04,-0.863131935882,4295959372.2,3838386498.24,534323305.0,477411256.0,19.20386732,34.18207672,1.40199086,-1.41712827,-134.96951178,1.80315504
2024-03-06,8.0,-0.497512437811,4274586440.0,3819290048.0,534323305.0,477411256.0,19.1083257,34.01201664,1.39501578,-1.41007788,-134.29802167,1.79418412
2024-03-07,8.03,0.375,4290616139.15,3833612385.68,534323305.0,477411256.0,19.17998192,34.1395617,1.40024709,-1.41536568,-134.80163925,1.80091231
2024-03-08,8.61,7.222914072229,4600523656.05,4110510914.16,534323305.0,477411256.0,20.56533553,36.60543291,1.50138573,-1.51759632,-144.53824582,1.93099066
2024-03-11,9.13,6.039488966318,4878371774.65,4358764767.28,534323305.0,477411256.0,21.8073767,38.81621399,1.59206176,-1.60925138,-153.26761723,2.04761263
2024-03-12,9.38,2.738225629792,5011952600.9,4478117581.28,534323305.0,477411256.0,22.40451188,39.87908951,1.635656,-1.65331632,-157.46443041,2.10368088
2024-03-13,9.27,-1.172707889126,4953177037.35,4425602343.12,534323305.0,477411256.0,22.1417724,39.41142428,1.61647453,-1.63392775,-155.61783261,2.07901085
2024-03-14,9.0,-2.912621359223,4808909745.0,4296701304.0,534323305.0,477411256.0,21.49686641,38.26351872,1.56939275,-1.58633762,-151.08527438,2.01845714
2024-03-15,9.29,3.222222222222,4963863503.45,4435150568.24,534323305.0,477411256.0,22.18954321,39.49645432,1.61996207,-1.63745294,-155.95357766,2.08349631
2024-03-18,10.02,7.857911733046,5353919516.1,4783660785.12,534323305.0,477411256.0,23.93317793,42.60005084,1.74725726,-1.76612255,-168.20827214,2.24721561
2024-03-19,9.83,-1.89620758483,5252398088.15,4692952646.48,534323305.0,477411256.0,23.4793552,41.79226545,1.71412564,-1.7326332,-165.01869412,2.20460374
2024-03-20,9.85,0.203458799593,5263084554.25,4702500871.6,534323305.0,477411256.0,23.52712601,41.87729549,1.71761318,-1.73615839,-165.35443918,2.2090892
2024-03-21,10.59,7.51269035533,5658483799.95,5055785201.04,534323305.0,477411256.0,43.92840506,45.02340703,1.84665214,-1.8665906,-177.77700618,2.35489839
2024-03-22,10.23,-3.399433427762,5466127410.15,4883917148.88,534323305.0,477411256.0,42.43508818,43.49286628,1.78387643,-1.80313709,-171.73359521,2.27484519
2024-03-25,10.01,-2.150537634409,5348576283.05,4778886672.56,534323305.0,477411256.0,41.52250564,42.55753582,1.74551349,-1.76435995,-168.04039961,2.22592378
2024-03-26,10.17,1.598401598402,5434068011.85,4855272473.52,534323305.0,477411256.0,42.18620203,43.23777615,1.77341381,-1.79256151,-170.72636005,2.26150299
2024-03-27,10.16,-0.098328416912,5428724778.8,4850498360.96,534323305.0,477411256.0,42.14472101,43.19526113,1.77167004,-1.79079891,-170.55848752,2.25927929
2024-03-28,10.96,7.874015748031,5856183422.8,5232427365.76,534323305.0,477411256.0,45.46320298,46.5964628,1.91117162,-1.9318067,-183.98828969,2.43717529
2024-03-29,10.89,-0.638686131387,5818780791.45,5199008577.84,534323305.0,477411256.0,45.1728358,46.29885765,1.89896523,-1.91946852,-182.813182,2.42160939
2024-04-01,10.75,-1.285583103765,5743975528.75,5132171002.0,534323305.0,477411256.0,44.59210146,45.70364736,1.88990586,-1.89479216,-180.46296662,2.39047759
2024-04-02,10.69,-0.558139534884,5711916130.45,5103526326.64,534323305.0,477411256.0,44.34321531,45.44855723,1.87935755,-1.88421657,-179.45573145,2.37713539
2024-04-03,10.62,-0.654817586529,5674513499.1,5070107538.72,534323305.0,477411256.0,44.05284814,45.15095209,1.86705118,-1.87187839,-178.28062376,2.36156949
2024-04-08,10.44,-1.694915254237,5578335304.2,4984173512.64,534323305.0,477411256.0,43.3061897,44.38568171,1.83540625,-1.84015164,-175.25891828,2.32154289
2024-04-09,10.3,-1.340996168582,5503530041.5,4917335936.8,534323305.0,477411256.0,42.72545535,43.79047142,1.81079352,-1.81547528,-172.9087029,2.29041109
2024-04-10,10.27,-0.291262135922,5487500342.35,4903013599.12,534323305.0,477411256.0,42.60101228,43.66292636,1.80551936,-1.81018748,-172.40508532,2.28373999
2024-04-11,10.2,-0.681596884129,5450097711.0,4869594811.2,534323305.0,477411256.0,42.3106451,43.36532122,1.793213,-1.7978493,-171.22997763,2.26817409
2024-04-12,10.07,-1.274509803922,5380635681.35,4807531347.92,534323305.0,477411256.0,41.77139178,42.81262594,1.77035832,-1.77493554,-169.04763477,2.23926598
2024-04-15,9.89,-1.787487586892,5284457486.45,4721597321.84,534323305.0,477411256.0,41.02473334,42.04735557,1.73871339,-1.74320878,-166.02592929,2.19923938
2024-04-16,9.45,-4.448938321537,5049355232.25,4511535660.45,534323305.0,477411181.0,39.19956826,40.17669466,1.6613591,-1.6656545,-158.6395381,2.10139658
2024-04-17,10.1,6.878306878307,5365395336.1,4821852928.1,531227261.0,477411181.0,41.65307669,42.69136161,1.76534389,-1.76990813,-168.56881694,2.23292339
2024-04-18,11.11,10.0,5901934869.71,5304038220.91,531227261.0,477411181.0,45.81838436,46.96049777,1.94187827,-1.94689895,-185.42569864,2.45621573
2024-04-19,11.28,1.530153015302,5992243504.08,5385198121.68,531227261.0,477411181.0,46.51947575,47.67906524,1.97159198,-1.97668948,-188.26299555,2.49379959
2024-04-22,10.67,-5.40780141844,5668194874.87,5093977301.27,531227261.0,477411181.0,44.00379488,45.10067608,1.8649722,-1.86979404,-178.08210661,2.35893986
2024-04-23,10.74,0.656044985942,5705380783.14,5127396083.94,531227261.0,477411181.0,45.3965568,45.3965568,1.87720726,-1.88206073,177.22656599,2.37286648
2024-04-24,11.65,8.472998137803,6188797590.65,5561840258.65,531227261.0,477411181.0,49.24300621,49.24300621,2.036263,-2.0415277,192.24296963,2.57391941
2024-04-25,11.41,-2.06008583691,6061303048.01,5447261575.21,531227261.0,477411181.0,48.22855802,48.22855802,1.99431423,-1.99947047,188.28259944,2.52089446
2024-04-26,11.18,-2.015775635408,5939120777.98,5337457003.58,531227261.0,477411181.0,47.2563785,47.2563785,1.95411333,-1.95916564,184.48724467,2.47007889
2024-04-29,11.22,0.357781753131,5960369868.42,5356553450.82,531227261.0,477411181.0,47.4254532,47.4254532,1.96110479,-1.96617517,185.14730637,2.47891638
2024-04-30,10.5,-6.417112299465,5577886240.5,5012817400.5,531227261.0,477411181.0,38.60101773,44.38210861,1.83525849,-1.8400035,90.38207901,2.23219268
2024-05-06,10.9,3.809523809524,5790377144.9,5203781872.9,531227261.0,477411181.0,40.07153269,46.0728556,1.9051731,-1.91009887,93.82520583,2.31722859
2024-05-07,11.31,3.761467889908,6008180321.91,5399520457.11,531227261.0,477411181.0,41.57881053,47.80587127,1.97683558,-1.98194663,97.35441082,2.4043904
2024-05-08,10.97,-3.006189213086,5827563053.17,5237200655.57,531227261.0,477411181.0,40.32887281,46.36873632,1.91740816,-1.92236556,94.42775302,2.33210988
2024-05-09,11.18,1.914311759344,5939120777.98,5337457003.58,531227261.0,477411181.0,41.10089316,47.2563785,1.95411333,-1.95916564,96.2353946,2.37675373
2024-05-10,10.86,-2.862254025045,5769128054.46,5184685425.66,531227261.0,477411181.0,39.9244812,45.9037809,1.89818164,-1.90308934,93.48089315,2.308725
2024-05-13,10.62,-2.209944751381,5641633511.82,5070106742.22,531227261.0,477411181.0,39.04217222,44.8893327,1.85623288,-1.86103211,91.41501706,2.25770345
2024-05-14,10.76,1.318267419962,5716005328.36,5136944307.56,531227261.0,477411181.0,39.55685245,45.48109415,1.88070299,-1.88556549,92.62011144,2.28746602
2024-05-15,10.93,1.579925650558,5806313962.73,5218104208.33,531227261.0,477411181.0,40.18182131,46.19966162,1.9104167,-1.91535603,94.08344034,2.32360628
2024-05-16,11.12,1.738334858188,5907247142.32,5308812332.72,531227261.0,477411181.0,40.88031592,47.00276645,1.94362614,-1.94865133,95.71892558,2.36399834
2024-05-17,11.57,4.046762589928,6146299409.77,5523647364.17,531227261.0,477411181.0,42.53464525,48.90485682,2.02228007,-2.02750862,99.59244325,2.45966374
2024-05-20,12.06,4.235090751945,6406600767.66,5757578842.86,531227261.0,477411181.0,44.33602608,50.97602188,2.10792547,-2.11337545,103.81027361,2.56383274
2024-05-21,11.68,-3.150912106136,6204734408.48,5576162594.08,531227261.0,477411181.0,42.93903687,49.36981224,2.04150659,-2.04678485,100.53930313,2.48304862
2024-05-22,12.0,2.739726027397,6374727132.0,5728934172.0,531227261.0,477411181.0,44.11544883,50.72240983,2.09743828,-2.10286115,103.29380458,2.55107735
2024-05-23,11.54,-3.833333333333,6130362591.94,5509325028.74,531227261.0,477411181.0,42.42435663,48.77805079,2.01703648,-2.02225147,99.33420874,2.45328605
2024-05-24,10.95,-5.112651646447,5816938507.95,5227652431.95,531227261.0,477411181.0,40.25534706,46.28419897,1.91391243,-1.9188608,94.25559668,2.32785808
2024-05-27,11.22,2.465753424658,5960369868.42,5356553450.82,531227261.0,477411181.0,41.24794466,47.4254532,1.96110479,-1.96617517,96.57970729,2.38525732
2024-05-28,10.93,-2.584670231729,5806313962.73,5218104208.33,531227261.0,477411181.0,40.18182131,46.19966162,1.9104167,-1.91535603,94.08344034,2.32360628
2024-05-29,10.99,0.548947849954,5838187598.39,5246748879.19,531227261.0,477411181.0,40.40239856,46.45327367,1.92090389,-1.92587033,94.59990937,2.33636167
2024-05-30,11.04,0.454959053685,5864748961.44,5270619438.24,531227261.0,477411181.0,40.58621293,46.66461705,1.92964322,-1.93463225,95.03030022,2.34699116
2024-05-31,11.21,1.539855072464,5955057595.81,5351779339.01,531227261.0,477411181.0,41.21118179,47.38318452,1.95935693,-1.96442279,96.49362912,2.38313142
2024-06-03,11.09,-1.07047279215,5891310324.49,5294489997.29,531227261.0,477411181.0,40.7700273,46.87596042,1.93838254,-1.94339418,95.46069107,2.35762065
2024-06-04,11.05,-0.360685302074,5870061234.05,5275393550.05,531227261.0,477411181.0,40.6229758,46.70688572,1.93139108,-1.93638464,95.11637839,2.34911706
2024-06-05,10.78,-2.443438914027,5726629873.58,5146492531.18,531227261.0,477411181.0,39.6303782,45.5656315,1.88419872,-1.88907026,92.79226779,2.29171782
2024-06-06,10.38,-3.710575139147,5514138969.18,4955528058.78,531227261.0,477411181.0,38.15986324,43.87488451,1.81428411,-1.81897489,89.34914097,2.20668191
2024-06-07,10.53,1.445086705202,5593823058.33,5027139735.93,531227261.0,477411181.0,38.71130635,44.50891463,1.84050209,-1.84526066,90.64031352,2.23857037
2024-06-11,10.9,3.513770180437,5790377144.9,5203781872.9,531227261.0,477411181.0,40.07153269,46.0728556,1.9051731,-1.91009887,93.82520583,2.31722859
2024-06-12,10.87,-0.275229357798,5774440327.07,5189459537.47,531227261.0,477411181.0,39.96124407,45.94604958,1.89992951,-1.90484172,93.56697132,2.3108509
2024-06-13,10.87,0.0,5774440327.07,5189459537.47,531227261.0,477411181.0,39.96124407,45.94604958,1.89992951,-1.90484172,93.56697132,2.3108509
2024-06-14,10.58,-2.667893284269,5620384421.38,5051010294.98,531227261.0,477411181.0,38.89512072,44.720258,1.84924142,-1.85402258,91.07070438,2.24919986
2024-06-17,10.63,0.47258979206,5646945784.43,5074880854.03,531227261.0,477411181.0,39.07893509,44.93160138,1.85798074,-1.8627845,91.50109523,2.25982935
2024-06-18,11.04,3.857008466604,5864748961.44,5270619438.24,531227261.0,477411181.0,40.58621293,46.66461705,1.92964322,-1.93463225,95.03030022,2.34699116
2024-06-19,11.1,0.54347826087,5896622597.1,5299264109.1,531227261.0,477411181.0,40.80679017,46.9182291,1.94013041,-1.94514656,95.54676924,2.35974655
2024-06-20,10.51,-5.315315315315,5583198513.11,5017591512.31,531227261.0,477411181.0,38.6377806,44.42437728,1.83700636,-1.84175589,90.46815718,2.23431858
2024-06-21,10.47,-0.380589914367,5561949422.67,4998495065.07,531227261.0,477411181.0,38.49072911,44.25530258,1.8300149,-1.83474635,90.1238445,2.22581499
2024-06-24,10.0,-4.489016236867,5312272610.0,4774111810.0,531227261.0,477411181.0,36.76287403,42.26867486,1.74786523,-1.75238429,86.07817049,2.12589779
2024-06-25,10.13,1.3,5381332153.93,4836175263.53,531227261.0,477411181.0,37.24079139,42.81816764,1.77058748,-1.77516528,87.1971867,2.15353446
2024-06-26,10.3,1.678183613031,5471640788.3,4917335164.3,531227261.0,477411181.0,37.86576025,43.53673511,1.80030119,-1.80495582,88.6605156,2.18967472
2024-06-27,9.96,-3.300970873786,5291023519.56,4755015362.76,531227261.0,477411181.0,36.61582253,42.09960016,1.74087377,-1.74537475,85.73385781,2.1173942
2024-06-28,10.42,4.618473895582,5536186387.92,4965040783.96,531303876.0,476491438.0,38.31243946,44.05031134,1.82153824,-1.82624778,89.70638947,2.21550498
2024-07-01,10.95,5.086372360845,5817777442.2,5217581246.1,531303876.0,476491438.0,40.26115279,46.2908742,1.91090812,-1.91913754,94.26919048,2.32819381
2024-07-02,10.46,-4.474885844749,5557438542.96,4984100441.48,531303876.0,476491438.0,38.45951217,44.21941043,1.82539716,-1.83325833,90.05075181,2.2240098
2024-07-03,10.4,-0.57361376673,5525560310.4,4955510955.2,531303876.0,476491438.0,38.23890311,43.9657618,1.81492643,-1.8227425,89.53420831,2.21125257
2024-07-04,10.26,-1.346153846154,5451177767.76,4888802153.88,531303876.0,476491438.0,37.72414865,43.37391501,1.79049473,-1.79820559,88.32894012,2.18148571
2024-07-05,10.3,0.389863547758,5472429922.8,4907861811.4,531303876.0,476491438.0,37.87122135,43.54301409,1.79747521,-1.80521613,88.67330246,2.18999052
2024-07-08,10.25,-0.485436893204,5445864729.0,4884037239.5,531303876.0,476491438.0,37.68738047,43.33164024,1.78874961,-1.79645295,88.24284953,2.1793595
2024-07-09,10.59,3.317073170732,5626508046.84,5046044328.42,531303876.0,476491438.0,38.93749846,44.76898245,1.84808374,-1.85604261,91.16992942,2.25165045
2024-07-10,10.48,-1.038715769594,5568064620.48,4993630270.24,531303876.0,476491438.0,38.53304852,44.30395997,1.8288874,-1.8367636,90.22293298,2.2282622
2024-07-11,10.99,4.86641221374,5839029597.24,5236640903.62,531303876.0,476491438.0,40.4082255,46.45997329,1.9178886,-1.92614809,94.61355281,2.33669863
2024-07-12,11.02,1.19375573921,5854968713.52,5250935646.76,531303876.0,476491438.0,40.51853003,46.5867976,1.92312397,-1.931406,94.87182457,2.34307724
2024-07-15,10.81,-1.905626134301,5743394899.56,5150872444.78,531303876.0,476491438.0,39.74639833,45.69902741,1.88647641,-1.89460062,93.06392229,2.29842695
2024-07-16,10.76,-0.462534690102,5716829705.76,5127047872.88,531303876.0,476491438.0,39.56255745,45.48765356,1.87775081,-1.88583744,92.63346936,2.28779593
2024-07-17,10.28,-4.460966542751,5461803845.28,4898331982.64,531303876.0,476491438.0,37.797685,43.45846455,1.79398497,-1.80171086,88.50112129,2.18573812
2024-07-18,10.38,0.972762645914,5514934232.88,4945981126.44,531303876.0,476491438.0,38.16536676,43.88121226,1.81143619,-1.81923723,89.36202714,2.20700016
2024-07-19,10.47,0.867052023121,5562751581.72,4988865355.86,531303876.0,476491438.0,38.49628034,44.2616852,1.82714228,-1.83501096,90.1368424,2.226136
2024-07-22,10.54,0.668576886342,5599942853.04,5022219756.52,531303876.0,476491438.0,38.75365758,44.55760859,1.83935813,-1.84727942,90.73947649,2.24101943
2024-07-23,10.07,-4.459203036053,5350230031.32,4798268780.66,531303876.0,476491438.0,37.0255533,42.57069436,1.75733742,-1.76490548,86.693219,2.14108782
2024-07-24,9.86,-2.085402184707,5238656217.36,4698205578.68,531303876.0,476491438.0,36.2534216,41.68292417,1.72068987,-1.7281001,84.88531672,2.09643753
2024-07-25,9.89,0.304259634888,5254595333.64,4712500321.82,531303876.0,476491438.0,36.36372613,41.80974848,1.72592523,-1.73335802,85.14358847,2.10281614
2024-07-26,10.62,7.381193124368,5642447163.12,5060339071.56,531303876.0,476491438.0,39.04780298,44.89580676,1.8533191,-1.86130052,91.42820117,2.25802907
2024-07-29,10.76,1.318267419962,5716829705.76,5127047872.88,531303876.0,476491438.0,39.56255745,45.48765356,1.87775081,-1.88583744,92.63346936,2.28779593
2024-07-30,10.63,-1.208178438662,5647760201.88,5065103985.94,531303876.0,476491438.0,39.08457116,44.93808153,1.85506423,-1.86305315,91.51429176,2.26015527
2024-07-31,11.05,3.951081843838,5870907829.8,5265230389.9,531303876.0,476491438.0,40.62883455,46.71362191,1.92835933,-1.93666391,95.13009632,2.34945585
2024-08-01,11.18,1.176470588235,5939977333.68,5327174276.84,531303876.0,476491438.0,41.10682084,47.26319394,1.95104591,-1.95944819,96.24927393,2.37709651
2024-08-02,11.01,-1.520572450805,5849655674.76,5246170732.38,531303876.0,476491438.0,40.48176185,46.54452283,1.92137885,-1.92965336,94.78573398,2.34095104
2024-08-05,10.6,-3.723887375114,5631821085.6,5050809242.8,531303876.0,476491438.0,38.97426663,44.81125722,1.84982886,-1.85779524,91.25602,2.25377666
2024-08-06,10.7,0.943396226415,5684951473.2,5098458386.6,531303876.0,476491438.0,39.34194839,45.23400493,1.86728008,-1.87532161,92.11692585,2.2750387
2024-08-07,10.68,-0.18691588785,5674325395.68,5088928557.84,531303876.0,476491438.0,39.26841204,45.14945539,1.86378983,-1.87181634,91.94474468,2.27078629
2024-08-08,10.11,-5.337078651685,5371482186.36,4817328438.18,531303876.0,476491438.0,37.172626,42.73979344,1.7643179,-1.77191603,87.03758134,2.14959264
2024-08-09,10.11,0.0,5371482186.36,4817328438.18,531303876.0,476491438.0,37.172626,42.73979344,1.7643179,-1.77191603,87.03758134,2.14959264
2024-08-12,10.03,-0.791295746785,5328977876.28,4779209123.14,531303876.0,476491438.0,36.8784806,42.40159528,1.75035693,-1.75789493,86.34885666,2.13258301
2024-08-13,10.15,1.196410767697,5392734341.4,4836388095.7,531303876.0,476491438.0,37.31969871,42.90889253,1.77129839,-1.77892658,87.38194368,2.15809746
2024-08-14,9.97,-1.773399014778,5297099643.72,4750619636.86,531303876.0,476491438.0,36.65787154,42.14794665,1.7398862,-1.74737911,85.83231315,2.11982578
2024-08-15,10.05,0.802407221665,5339603953.8,4788738951.9,531303876.0,476491438.0,36.95201695,42.48614482,1.75384718,-1.76140021,86.52103783,2.13683542
2024-08-16,9.89,-1.592039800995,5254595333.64,4712500321.82,531303876.0,476491438.0,36.36372613,41.80974848,1.72592523,-1.73335802,85.14358847,2.10281614
2024-08-19,9.89,0.0,5254595333.64,4712500321.82,531303876.0,476491438.0,36.36372613,41.80974848,1.72592523,-1.73335802,85.14358847,2.10281614
2024-08-20,9.58,-3.134479271992,5089891132.08,4564787976.04,531303876.0,476491438.0,35.22391267,40.49923058,1.67182646,-1.67902627,82.47478034,2.03690381
2024-08-21,9.52,-0.62630480167,5058012899.52,4536198489.76,531303876.0,476491438.0,35.00330362,40.24558196,1.66135573,-1.66851045,81.95823683,2.02414658
2024-08-22,9.41,-1.155462184874,4999569473.16,4483784431.58,531303876.0,476491438.0,34.59885368,39.78055948,1.6421594,-1.64923144,81.0112404,2.00075833
2024-08-23,9.26,-1.594048884166,4919873891.76,4412310715.88,531303876.0,476491438.0,34.04733104,39.14643791,1.61598257,-1.62294188,79.71988163,1.96886527
2024-08-26,9.39,1.403887688985,4988943395.64,4474254602.82,531303876.0,476491438.0,34.52531733,39.69600993,1.63866915,-1.64572616,80.83905923,1.99650593
2024-08-27,9.13,-2.768903088392,4850804387.88,4350366828.94,531303876.0,476491438.0,33.56934475,38.59686589,1.59329599,-1.6001576,78.60070402,1.94122461
2024-08-28,9.24,1.204819277108,4909247814.24,4402780887.12,531303876.0,476491438.0,33.97379469,39.06188837,1.61249233,-1.61943661,79.54770046,1.96461286
2024-08-29,9.53,3.138528138528,5063325938.28,4540963404.14,531303876.0,476491438.0,35.04007179,40.28785673,1.66310085,-1.67026308,82.04432742,2.02627279
2024-08-30,9.54,0.104931794334,5068638977.04,4545728318.52,531303876.0,476491438.0,28.95230285,40.3301315,1.66484598,-1.67201572,51.49948246,1.93452061
2024-09-02,9.14,-4.1928721174,4856117426.64,4355131743.32,531303876.0,476491438.0,27.73836982,38.63914066,1.59504111,-1.60191024,49.34017502,1.85340864
2024-09-03,9.28,1.531728665208,4930499969.28,4421840544.64,531303876.0,476491438.0,28.16324638,39.23098745,1.61947281,-1.62644716,50.09593262,1.88179783
2024-09-04,9.13,-1.616379310345,4850804387.88,4350366828.94,531303876.0,476491438.0,27.70802149,38.59686589,1.59329599,-1.6001576,49.28619233,1.85138084
2024-09-05,9.22,0.985761226725,4898621736.72,4393251058.36,531303876.0,476491438.0,27.98115642,38.97733883,1.60900209,-1.61593133,49.77203651,1.86963103
2024-09-06,8.99,-2.494577006508,4776421845.24,4283658027.62,531303876.0,476491438.0,27.28314493,38.0050191,1.56886429,-1.57562068,48.53043473,1.82299164
2024-09-09,8.96,-0.333704115684,4760482728.96,4269363284.48,531303876.0,476491438.0,27.19209995,37.87819478,1.56362892,-1.57036277,48.36848667,1.81690825
2024-09-10,9.08,1.339285714286,4824239194.08,4326542257.04,531303876.0,476491438.0,27.55627986,38.38549203,1.58457038,-1.59139442,49.0162789,1.84124184
2024-09-11,9.02,-0.660792951542,4792360961.52,4297952770.76,531303876.0,476491438.0,27.37418991,38.13184341,1.57409965,-1.58087859,48.69238279,1.82907504
2024-09-12,8.94,-0.886917960089,4749884311.8,4259861116.08,531306970.0,476494532.0,27.1315613,37.79386533,1.56014777,-1.56686662,48.26080234,1.8128632
2024-09-13,8.87,-0.782997762864,4712692823.9,4226506498.84,531306970.0,476494532.0,26.91912178,37.49794021,1.54793184,-1.55459809,47.88292134,1.79866853
2024-09-18,9.04,1.916572717024,4803015008.8,4307510569.28,531306970.0,476494532.0,27.43504632,38.2166155,1.57759908,-1.58439309,48.80063234,1.83314132
2024-09-19,9.13,0.995575221239,4850832636.1,4350395077.16,531306970.0,476494532.0,27.70818285,38.59709065,1.59330527,-1.60016692,49.28647935,1.85139162
2024-09-20,9.1,-0.328587075575,4834893427.0,4336100241.2,531306970.0,476494532.0,27.61713734,38.4702656,1.58806987,-1.59490898,49.12453034,1.84530818
2024-09-23,9.09,-0.10989010989,4829580357.3,4331335295.88,531306970.0,476494532.0,27.58678884,38.42799059,1.58632474,-1.59315633,49.07054734,1.84328037
2024-09-24,9.42,3.630363036304,5004911657.4,4488578491.44,531306970.0,476494532.0,28.58828942,39.82306615,1.64391409,-1.65099369,50.85198636,1.91019814
2024-09-25,9.44,0.747065101387,5015537796.8,4498108382.08,531306970.0,476494532.0,28.64898643,39.90761619,1.64740435,-1.65449898,50.95995236,1.91425376
2024-09-26,9.64,2.118644067797,5121799190.8,4593407288.48,531306970.0,476494532.0,29.25595648,40.75311653,1.68230699,-1.68955193,52.03961236,1.95480999
2024-09-27,10.07,4.460580912863,5350261187.9,4798299937.24,531306970.0,476494532.0,30.56094209,42.57094227,1.75734765,-1.76491576,54.36088138,2.04200587
2024-09-30,10.86,7.845084409136,5770027034.4,5174901336.72,531310040.0,476510252.0,32.95866423,45.9109339,1.88372162,-1.90338589,58.62587716,2.20221568
2024-10-08,11.53,6.169429097606,6126004761.2,5494163205.56,531310040.0,476510252.0,34.99202565,48.74337642,1.99993649,-2.02081393,62.24275909,2.33807981
2024-10-09,10.9,-5.464006938422,5791279436.0,5193961746.8,531310040.0,476510252.0,33.08005894,46.08003495,1.89065982,-1.91039652,58.84181041,2.21032697
2024-10-10,10.85,-0.45871559633,5764713934.0,5170136234.2,531310040.0,476510252.0,32.92831555,45.86865864,1.88198707,-1.90163323,58.57189385,2.20018786
2024-10-11,10.3,-5.069124423963,5472493412.0,4908055595.6,531310040.0,476510252.0,31.25913827,43.54351926,1.7865868,-1.80523708,55.60281167,2.0886576
2024-10-14,10.71,3.980582524272,5690330528.4,5103424798.92,531310040.0,476510252.0,32.50343406,45.27680498,1.85770337,-1.87709603,57.81612748,2.17179833
2024-10-15,10.75,0.373482726424,5711582930.0,5122485209.0,531310040.0,476510252.0,32.62482878,45.44590603,1.86464157,-1.88410666,58.03206073,2.17990963
2024-10-16,11.0,2.325581395349,5844410440.0,5241612772.0,531310040.0,476510252.0,33.38354572,46.50278756,1.90800532,-1.92792309,59.38164353,2.2306052
2024-10-17,11.02,0.181818181818,5855036640.8,5251142977.04,531310040.0,476510252.0,33.44424308,46.58733808,1.91147442,-1.93142841,59.48961016,2.23466084
2024-10-18,11.69,6.079854809437,6211014367.6,5570404845.88,531310040.0,476510252.0,35.4776045,49.4197806,2.02768929,-2.04885645,63.10649208,2.37052498
2024-10-21,12.53,7.185628742515,6657314801.2,5970673457.56,531310040.0,476510252.0,38.02689345,52.97090256,2.17339152,-2.19607967,67.64109032,2.5408621
2024-10-22,12.34,-1.516360734238,6556365893.6,5880136509.68,531310040.0,476510252.0,37.45026857,52.16767259,2.14043506,-2.16277918,66.61540738,2.50233347
2024-10-23,12.69,2.836304700162,6742324407.6,6046915097.88,531310040.0,476510252.0,38.51247229,53.64730674,2.20114432,-2.22412218,68.50482331,2.57330727
2024-10-24,12.18,-4.018912529551,6471356287.2,5803894869.36,531310040.0,476510252.0,36.96468972,51.49126841,2.11268226,-2.13473666,65.75167439,2.4698883
2024-10-25,12.26,0.656814449918,6513861090.4,5842015689.52,531310040.0,476510252.0,37.20747914,51.8294705,2.12655866,-2.14875792,66.18354088,2.48611089
2024-10-28,12.42,1.305057096248,6598870696.8,5918257329.84,531310040.0,476510252.0,37.69305799,52.50587468,2.15431147,-2.17680044,67.04727388,2.51855605
2024-10-29,11.58,-6.763285024155,6152570263.2,5517988718.16,531310040.0,476510252.0,33.00442566,48.95475272,2.00860924,-2.02957722,-36.17018339,2.14387243
2024-10-30,11.8,1.899827288428,6269458472.0,5622820973.6,531310040.0,476510252.0,33.63145274,49.88480847,2.04676935,-2.06813568,-36.8573544,2.1846023
2024-10-31,12.04,2.033898305085,6396972881.6,5737183434.08,531310040.0,476510252.0,34.31548229,50.89941475,2.08839855,-2.11019946,-37.60699551,2.22903489
2024-11-01,11.5,-4.485049833887,6110065460.0,5479867898.0,531310040.0,476510252.0,32.77641581,48.61655063,1.99473284,-2.01555596,-35.92030302,2.12906157
2024-11-04,11.73,2.0,6232266769.2,5589465255.96,531310040.0,476510252.0,33.43194412,49.58888164,2.0346275,-2.05586708,-36.63870908,2.1716428
2024-11-05,12.21,4.092071611253,6487295588.4,5818190176.92,531310040.0,476510252.0,34.80000322,51.61809419,2.11788591,-2.13999463,-38.13799129,2.26050798
2024-11-06,12.4,1.556101556102,6588244496.0,5908727124.8,531310040.0,476510252.0,35.34152661,52.42132416,2.15084237,-2.17329512,-38.73145717,2.29568378
2024-11-07,12.14,-2.096774193548,6450103885.6,5784834459.28,531310040.0,476510252.0,34.6004946,51.32216736,2.10574406,-2.12772603,-37.91934597,2.24754847
2024-11-08,12.24,0.823723228995,6503234889.6,5832485484.48,531310040.0,476510252.0,34.88550691,51.74491998,2.12308956,-2.1452526,-38.23169643,2.26606205
2024-11-11,12.22,-0.16339869281,6492608688.8,5822955279.44,531310040.0,476510252.0,34.82850445,51.66036945,2.11962046,-2.14174729,-38.16922634,2.26235933
2024-11-12,12.0,-1.800327332242,6375720480.0,5718123024.0,531310040.0,476510252.0,34.20147737,50.7303137,2.08146035,-2.10318883,-37.48205532,2.22162946
2024-11-13,12.09,0.75,6423538383.6,5761008946.68,531310040.0,476510252.0,34.45798845,51.11079106,2.09707131,-2.11896274,-37.76317074,2.23829168
2024-11-14,11.48,-5.045492142266,6099439259.2,5470337692.96,531310040.0,476510252.0,32.71941335,48.53200011,1.99126374,-2.01205064,-35.85783293,2.12535885
2024-11-15,11.12,-3.135888501742,5908167644.8,5298794002.24,531310040.0,476510252.0,31.69336903,47.0100907,1.92881993,-1.94895498,-34.73337127,2.05870997
2024-11-18,11.02,-0.89928057554,5855036640.8,5251142977.04,531310040.0,476510252.0,31.40835671,46.58733808,1.91147442,-1.93142841,-34.42102081,2.04019639
2024-11-19,11.26,2.177858439201,5982551050.4,5365505437.52,531310040.0,476510252.0,32.09238626,47.60194436,1.95310363,-1.97349218,-35.17066191,2.08462898
2024-11-20,11.32,0.532859680284,6014429652.8,5394096052.64,531310040.0,476510252.0,32.26339365,47.85559593,1.96351093,-1.98400813,-35.35807219,2.09573713
2024-11-21,11.28,-0.353356890459,5993177251.2,5375035642.56,531310040.0,476510252.0,32.14938872,47.68649488,1.95657273,-1.9769975,-35.23313201,2.08833169
2024-11-22,10.83,-3.989361702128,5754087733.2,5160606029.16,531310040.0,476510252.0,30.86683332,45.78410812,1.87851797,-1.89812792,-33.82755493,2.00502059
2024-11-25,10.85,0.184672206833,5764713934.0,5170136234.2,531310040.0,476510252.0,30.92383578,45.86865864,1.88198707,-1.90163323,-33.89002502,2.0087233
2024-11-26,10.87,0.184331797235,5775340134.8,5179666439.24,531310040.0,476510252.0,30.98083825,45.95320916,1.88545617,-1.90513855,-33.95249511,2.01242602
2024-11-27,11.44,5.24379024839,6078186857.6,5451277282.88,531310040.0,476510252.0,32.60540842,48.36289906,1.98432554,-2.00504002,-35.73289274,2.11795342
2024-11-28,11.27,-1.486013986014,5987864150.8,5370270540.04,531310040.0,476510252.0,32.12088749,47.64421962,1.95483818,-1.97524484,-35.20189696,2.08648034
2024-11-29,11.47,1.774622892635,6094126158.8,5465572590.44,531310040.0,476510252.0,32.69091212,48.48972485,1.98952919,-2.01029799,-35.82659788,2.12350749
2024-12-02,11.79,2.789886660854,6264145371.6,5618055871.08,531310040.0,476510252.0,33.60295151,49.84253321,2.0450348,-2.06638302,-36.82611936,2.18275095
2024-12-03,11.8,0.08481764207,6269458472.0,5622820973.6,531310040.0,476510252.0,33.63145274,49.88480847,2.04676935,-2.06813568,-36.8573544,2.1846023
2024-12-04,11.66,-1.186440677966,6195075066.4,5556109538.32,531310040.0,476510252.0,33.23243551,49.29295481,2.02248564,-2.04359848,-36.42006376,2.15868329
2024-12-05,11.73,0.600343053173,6232266769.2,5589465255.96,531310040.0,476510252.0,33.43194412,49.58888164,2.0346275,-2.05586708,-36.63870908,2.1716428
2024-12-06,11.68,-0.426257459506,6205701267.2,5565639743.36,531310040.0,476510252.0,33.28943797,49.37750534,2.02595474,-2.04710379,-36.48253385,2.16238601
2024-12-09,11.58,-0.856164383562,6152570263.2,5517988718.16,531310040.0,476510252.0,33.00442566,48.95475272,2.00860924,-2.02957722,-36.17018339,2.14387243
2024-12-10,11.53,-0.431778929188,6126004761.2,5494163205.56,531310040.0,476510252.0,32.8619195,48.74337642,1.99993649,-2.02081393,-36.01400816,2.13461564
2024-12-11,11.6,0.607111882047,6163196464.0,5527518923.2,531310040.0,476510252.0,33.06142812,49.03930325,2.01207834,-2.03308253,-36.23265348,2.14757515
2024-12-12,11.7,0.862068965517,6216327468.0,5575169948.4,531310040.0,476510252.0,33.34644043,49.46205586,2.02942384,-2.05060911,-36.54500394,2.16608872
2024-12-13,11.36,-2.905982905983,6035682054.4,5413156462.72,531310040.0,476510252.0,32.37739857,48.02469697,1.97044913,-1.99101876,-35.48301237,2.10314256
2024-12-16,11.25,-0.968309859155,5977237950.0,5360740335.0,531310040.0,476510252.0,32.06388503,47.5596691,1.95136908,-1.97173953,-35.13942687,2.08277762
2024-12-17,10.91,-3.022222222222,5796592536.4,5198726849.32,531310040.0,476510252.0,31.09484317,46.12231021,1.89239437,-1.91214918,-34.0774353,2.01983145
2024-12-18,10.96,0.458295142071,5823158038.4,5222552361.92,531310040.0,476510252.0,31.23734933,46.33368652,1.90106712,-1.92091246,-34.23361053,2.02908824
2024-12-19,10.99,0.273722627737,5839097339.6,5236847669.48,531310040.0,476510252.0,31.32285302,46.4605123,1.90627077,-1.92617043,-34.32731567,2.03464232
2024-12-20,11.08,0.818926296633,5886915243.2,5279733592.16,531310040.0,476510252.0,31.5793641,46.84098965,1.92188173,-1.94194435,-34.60843108,2.05130454
2024-12-23,10.72,-3.249097472924,5695643628.8,5108189901.44,531310040.0,476510252.0,30.55331978,45.31908024,1.85943792,-1.87884869,-33.48396942,1.98465565
2024-12-24,10.94,2.05223880597,5812531837.6,5213022156.88,531310040.0,476510252.0,31.18034687,46.24913599,1.89759802,-1.91740715,-34.17114044,2.02538553
2024-12-25,11.0,0.54844606947,5844410440.0,5241612772.0,531310040.0,476510252.0,31.35135425,46.50278756,1.90800532,-1.92792309,-34.35855071,2.03649367
2024-12-26,11.1,0.909090909091,5897541444.0,5289263797.2,531310040.0,476510252.0,31.63636656,46.92554018,1.92535083,-1.94544967,-34.67090118,2.05500725
2024-12-27,11.28,1.621621621622,5993177251.2,5375035642.56,531310040.0,476510252.0,32.14938872,47.68649488,1.95657273,-1.9769975,-35.23313201,2.08833169
2024-12-30,11.36,0.709219858156,6035682054.4,5413156462.72,531310040.0,476510252.0,32.37739857,48.02469697,1.97044913,-1.99101876,-35.48301237,2.10314256
2024-12-31,11.02,-2.992957746479,5862695066.94,5269781268.34,532004997.0,478201567.0,31.44943905,78.56249183,1.94162515,-1.93395473,-34.46604373,2.04286498
2025-01-02,10.45,-5.172413793103,5559452218.65,4997206375.15,532004997.0,478201567.0,29.82274393,74.49891467,1.84119626,0.59099216,-32.68331733,1.93719955
2025-01-03,10.07,-3.636363636364,5357290319.79,4815489779.69,532004997.0,478201567.0,28.73828051,71.78986323,1.77424367,0.56950154,-31.49483306,1.86675593
2025-01-06,9.96,-1.092353525323,5298769770.12,4762887607.32,532004997.0,478201567.0,28.42435689,71.00566412,1.75486266,0.56328057,-31.15079814,1.84636435
2025-01-07,10.11,1.506024096386,5378570519.67,4834617842.37,532004997.0,478201567.0,28.85243455,72.07502654,1.78129131,0.57176371,-31.61993667,1.87417105
2025-01-08,10.0,-1.08803165183,5320049970.0,4782015670.0,532004997.0,478201567.0,28.53851093,71.29082743,1.7619103,0.56554274,-31.27590175,1.85377947
2025-01-09,10.08,0.8,5362610369.76,4820271795.36,532004997.0,478201567.0,28.76681902,71.86115405,1.77600558,0.57006708,-31.52610896,1.86860971
2025-01-10,9.97,-1.09126984127,5304089820.09,4767669622.99,532004997.0,478201567.0,28.4528954,71.07695495,1.75662457,0.56384611,-31.18207404,1.84821813
2025-01-13,10.07,1.003009027081,5357290319.79,4815489779.69,532004997.0,478201567.0,28.73828051,71.78986323,1.77424367,0.56950154,-31.49483306,1.86675593
2025-01-14,10.35,2.780536246276,5506251718.95,4949386218.45,532004997.0,478201567.0,29.53735882,73.78600639,1.82357716,0.58533674,-32.37055831,1.91866175
2025-01-15,10.32,-0.289855072464,5490291569.04,4935040171.44,532004997.0,478201567.0,29.45174328,73.57213391,1.81829143,0.58364011,-32.2767306,1.91310042
2025-01-16,10.28,-0.387596899225,5469011369.16,4915912108.76,532004997.0,478201567.0,29.33758924,73.2869706,1.81124379,0.58137794,-32.151627,1.9056853
2025-01-17,10.48,1.945525291829,5575412368.56,5011552422.16,532004997.0,478201567.0,29.90835946,74.71278715,1.846482,0.59268879,-32.77714503,1.94276089
2025-01-20,10.71,2.19465648855,5697773517.87,5121538782.57,532004997.0,478201567.0,30.56474521,76.35247618,1.88700593,0.60569628,-33.49649077,1.98539782
2025-01-21,10.69,-0.186741363212,5687133417.93,5111974751.23,532004997.0,478201567.0,30.50766819,76.20989453,1.88348211,0.60456519,-33.43393897,1.98169026
2025-01-22,10.63,-0.561272217025,5655213118.11,5083282657.21,532004997.0,478201567.0,30.33643712,75.78214956,1.87291065,0.60117193,-33.24628356,1.97056758
2025-01-23,10.51,-1.128880526811,5591372518.47,5025898469.17,532004997.0,478201567.0,29.99397499,74.92665963,1.85176773,0.59438542,-32.87097274,1.94832223
2025-01-24,10.49,-0.190294957184,5580732418.53,5016334437.83,532004997.0,478201567.0,29.93689797,74.78407798,1.84824391,0.59325434,-32.80842093,1.94461467
2025-01-27,10.33,-1.525262154433,5495611619.01,4939822187.11,532004997.0,478201567.0,29.4802818,73.64342474,1.82005334,0.58420565,-32.30800651,1.9149542
2025-02-05,10.49,1.548886737657,5580732418.53,5016334437.83,532004997.0,478201567.0,29.93689797,74.78407798,1.84824391,0.59325434,-32.80842093,1.94461467
2025-02-06,10.69,1.906577693041,5687133417.93,5111974751.23,532004997.0,478201567.0,30.50766819,76.20989453,1.88348211,0.60456519,-33.43393897,1.98169026
2025-02-07,10.77,0.748362956034,5729693817.69,5150230876.59,532004997.0,478201567.0,30.73597628,76.78022115,1.89757739,0.60908953,-33.68414618,1.99652049
2025-02-10,10.81,0.371402042711,5750974017.57,5169358939.27,532004997.0,478201567.0,30.85013032,77.06538446,1.90462504,0.6113517,-33.80924979,2.00393561
2025-02-11,10.78,-0.277520814061,5735013867.66,5155012892.26,532004997.0,478201567.0,30.76451479,76.85151197,1.8993393,0.60965507,-33.71542208,1.99837427
2025-02-12,10.81,0.278293135436,5750974017.57,5169358939.27,532004997.0,478201567.0,30.85013032,77.06538446,1.90462504,0.6113517,-33.80924979,2.00393561
2025-02-13,10.74,-0.647548566142,5713733667.78,5135884829.58,532004997.0,478201567.0,30.65036074,76.56634866,1.89229166,0.6073929,-33.59031848,1.99095915
2025-02-14,10.76,0.186219739292,5724373767.72,5145448860.92,532004997.0,478201567.0,30.70743777,76.70893032,1.89581548,0.60852399,-33.65287028,1.99466671
2025-02-17,10.76,0.0,5724373767.72,5145448860.92,532004997.0,478201567.0,30.70743777,76.70893032,1.89581548,0.60852399,-33.65287028,1.99466671
2025-02-18,10.4,-3.345724907063,5532851968.8,4973296296.8,532004997.0,478201567.0,29.68005137,74.14246053,1.83238671,0.58816445,-32.52693782,1.92793065
2025-02-19,10.66,2.5,5671173268.02,5097628704.22,532004997.0,478201567.0,30.42205266,75.99602204,1.87819638,0.60286856,-33.34011126,1.97612892
2025-02-20,10.81,1.40712945591,5750974017.57,5169358939.27,532004997.0,478201567.0,30.85013032,77.06538446,1.90462504,0.6113517,-33.80924979,2.00393561
2025-02-21,11.18,3.422756706753,5947815866.46,5346293519.06,532004997.0,478201567.0,31.90605522,79.70314507,1.96981572,0.63227678,-34.96645815,2.07252545
2025-02-24,11.15,-0.268336314848,5931855716.55,5331947472.05,532004997.0,478201567.0,31.82043969,79.48927259,1.96452999,0.63058016,-34.87263045,2.06696411
2025-02-25,11.29,1.255605381166,6006336416.13,5398895691.43,532004997.0,478201567.0,32.21997884,80.48734417,1.98919673,0.63849775,-35.31049307,2.09291702
2025-02-26,11.25,-0.354295837024,5985056216.25,5379767628.75,532004997.0,478201567.0,32.1058248,80.20218086,1.98214909,0.63623558,-35.18538947,2.08550191
2025-02-27,11.21,-0.355555555556,5963776016.37,5360639566.07,532004997.0,478201567.0,31.99167076,79.91701755,1.97510145,0.63397341,-35.06028586,2.07808679
2025-02-28,10.83,-3.389830508475,5761614117.51,5178922970.61,532004997.0,478201567.0,30.90720734,77.20796611,1.90814886,0.61248279,-33.87180159,2.00764317
2025-03-03,10.91,0.738688827331,5804174517.27,5217179095.97,532004997.0,478201567.0,31.13551543,77.77829273,1.92224414,0.61700713,-34.12200881,2.0224734
2025-03-04,11.2,2.658111824015,5958455966.4,5355857550.4,532004997.0,478201567.0,31.96313225,79.84572673,1.97333954,0.63340787,-35.02900996,2.07623301
2025-03-05,11.41,1.875,6070177015.77,5456279879.47,532004997.0,478201567.0,32.56244098,81.3428341,2.01033965,0.64528427,-35.68580389,2.11516238
2025-03-06,11.4,-0.087642418931,6064856965.8,5451497863.8,532004997.0,478201567.0,32.53390247,81.27154327,2.00857774,0.64471872,-35.65452799,2.1133086
2025-03-07,11.43,0.263157894737,6080817115.71,5465843910.81,532004997.0,478201567.0,32.619518,81.48541576,2.01386347,0.64641535,-35.7483557,2.11886994
2025-03-10,11.46,0.262467191601,6096777265.62,5480189957.82,532004997.0,478201567.0,32.70513353,81.69928824,2.01914921,0.64811198,-35.8421834,2.12443128
2025-03-11,11.47,0.087260034904,6102097315.59,5484971973.49,532004997.0,478201567.0,32.73367204,81.77057907,2.02091112,0.64867752,-35.8734593,2.12628506
2025-03-12,11.4,-0.610287707062,6064856965.8,5451497863.8,532004997.0,478201567.0,32.53390247,81.27154327,2.00857774,0.64471872,-35.65452799,2.1133086
2025-03-13,11.31,-0.789473684211,6016976516.07,5408459722.77,532004997.0,478201567.0,32.27705587,80.62992583,1.99272055,0.63962884,-35.37304488,2.09662458
2025-03-14,11.33,0.176834659593,6027616616.01,5418023754.11,532004997.0,478201567.0,32.33413289,80.77250748,1.99624437,0.64075993,-35.43559668,2.10033214
2025-03-17,11.27,-0.529567519859,5995696316.19,5389331660.09,532004997.0,478201567.0,32.16290182,80.34476252,1.98567291,0.63736667,-35.24794127,2.08920947
2025-03-18,11.35,0.709849157054,6038256715.95,5427587785.45,532004997.0,478201567.0,32.39120991,80.91508914,1.99976819,0.64189101,-35.49814848,2.1040397
2025-03-19,11.43,0.704845814978,6080817115.71,5465843910.81,532004997.0,478201567.0,32.619518,81.48541576,2.01386347,0.64641535,-35.7483557,2.11886994
2025-03-20,11.65,1.924759405074,6197858215.05,5571048255.55,532004997.0,478201567.0,33.24736524,83.05381396,2.0526255,0.65885729,-36.43642554,2.15965309
2025-03-21,11.6,-0.429184549356,6171257965.2,5547138177.2,532004997.0,478201567.0,33.10467268,82.69735982,2.04381595,0.65602958,-36.28004603,2.15038419
2025-03-24,11.11,-4.224137931034,5910575516.67,5312819409.37,532004997.0,478201567.0,31.70628565,79.20410928,1.95748234,0.62831799,-34.74752684,2.05954899
2025-03-25,11.1,-0.0900090009,5905255466.7,5308037393.7,532004997.0,478201567.0,31.67774714,79.13281845,1.95572043,0.62775244,-34.71625094,2.05769521
2025-03-26,11.22,1.081081081081,5969096066.34,5365421581.74,532004997.0,478201567.0,32.02020927,79.98830838,1.97686336,0.63453896,-35.09156176,2.07994057
2025-03-27,11.8,5.169340463458,6277658964.6,5642778490.6,532004997.0,478201567.0,33.6754429,84.12317637,2.07905416,0.66734043,-36.90556406,2.18745978
2025-03-28,11.34,-3.898305084746,6032936665.98,5422805769.78,532004997.0,478201567.0,32.3626714,80.84379831,1.99800628,0.64132547,-35.46687258,2.10218592
2025-03-31,11.02,-2.821869488536,5862704588.22,5269665580.38,532005861.0,478191069.0,31.44949013,78.56261942,1.91334752,0.62322911,-34.4660997,2.0428683
2025-04-01,11.43,3.720508166969,6080826991.23,5465723918.67,532005861.0,478191069.0,32.61957097,81.48554809,1.98453377,0.6464164,-35.74841375,2.11887338
2025-04-02,11.14,-2.537182852143,5926545291.54,5327048508.66,532005861.0,478191069.0,31.79195281,79.41811074,1.93418252,0.63001564,-34.84141113,2.06511369
2025-04-03,10.84,-2.692998204668,5766943533.24,5183591187.96,532005861.0,478191069.0,30.93579609,77.27938244,1.88209502,0.61304933,-33.90313255,2.00950021
2025-04-07,9.76,-9.963099630996,5192377203.36,4667144833.44,532005861.0,478191069.0,27.85363191,69.57996058,1.69458002,0.55197061,-30.52532968,1.8092917
2025-04-08,9.41,-3.58606557377,5006175152.01,4499777959.29,532005861.0,478191069.0,26.8547824,67.08477756,1.63381127,0.53217658,-29.43067134,1.74440932
2025-04-09,9.81,4.250797024442,5218977496.41,4691054386.89,532005861.0,478191069.0,27.99632469,69.93641529,1.70326127,0.55479833,-30.68170944,1.81856062
2025-04-10,9.81,0.0,5218977496.41,4691054386.89,532005861.0,478191069.0,27.99632469,69.93641529,1.70326127,0.55479833,-30.68170944,1.81856062
2025-04-11,9.82,0.101936799185,5224297555.02,4695836297.58,532005861.0,478191069.0,28.02486325,70.00770624,1.70499752,0.55536387,-30.7129854,1.8204144
2025-04-14,10.01,1.93482688391,5325378668.61,4786692600.69,532005861.0,478191069.0,28.56709584,71.36223416,1.73798627,0.5661092,-31.30722849,1.85563627
2025-04-15,9.96,-0.4995004995,5298778375.56,4762783047.24,532005861.0,478191069.0,28.42440305,71.00577944,1.72930502,0.56328148,-31.15084873,1.84636735
2025-04-16,9.84,-1.204819277108,5234937672.24,4705400118.96,532005861.0,478191069.0,28.08194037,70.15028812,1.70847002,0.55649496,-30.7755373,1.82412196
2025-04-17,10.14,3.048780487805,5394539430.54,4848857439.66,532005861.0,478191069.0,28.93809708,72.28901642,1.76055752,0.57346127,-31.71381588,1.87973544
2025-04-18,10.0,-1.38067061144,5320058610.0,4781910690.0,532005861.0,478191069.0,28.53855728,71.29094321,1.73625002,0.56554366,-31.27595254,1.85378248
2025-04-21,10.12,1.2,5383899313.32,4839293618.28,532005861.0,478191069.0,28.88101997,72.14643453,1.75708502,0.57233018,-31.65126397,1.87602787
2025-04-22,9.49,-6.225296442688,5048735620.89,4538033244.81,532005861.0,478191069.0,67.65510511,67.65510511,1.64770127,0.53670093,65.36248844,1.7484555
2025-04-23,9.73,2.528977871444,5176417027.53,4652799101.37,532005861.0,478191069.0,69.36608775,69.36608775,1.68937127,0.55027398,67.0154913,1.79267356
2025-04-24,9.49,-2.466598150051,5048735620.89,4538033244.81,532005861.0,478191069.0,67.65510511,67.65510511,1.64770127,0.53670093,65.36248844,1.7484555
2025-04-25,9.59,1.053740779768,5101936206.99,4585852351.71,532005861.0,478191069.0,68.36801454,68.36801454,1.66506377,0.54235637,66.05123963,1.76687969
2025-04-28,9.46,-1.355578727842,5032775445.06,4523687512.74,532005861.0,478191069.0,67.44123228,67.44123228,1.64249252,0.5350043,65.15586308,1.74292825
2025-04-29,9.3,-1.69133192389,4947654507.3,4447176941.7,532005861.0,478191069.0,73.70950784,66.30057719,1.61471252,0.5259556,55.70971654,1.67190182
2025-04-30,9.39,0.967741935484,4995535034.79,4490214137.91,532005861.0,478191069.0,74.42282566,66.94219568,1.63033877,0.5310455,56.24884283,1.68808152
2025-05-06,9.61,2.34291799787,5112576324.21,4595416173.09,532005861.0,478191069.0,76.16649143,68.51059643,1.66853627,0.54348746,57.56670709,1.72763188
2025-05-07,9.88,2.809573361082,5256217906.68,4724527761.72,532005861.0,478191069.0,78.30644489,70.4354519,1.71541502,0.55875714,59.18408596,1.77617097
2025-05-08,10.25,3.744939271255,5453060075.25,4901458457.25,532005861.0,478191069.0,81.23897369,73.07321679,1.77965627,0.57968225,61.40049404,1.84268749
2025-05-09,10.25,0.0,5453060075.25,4901458457.25,532005861.0,478191069.0,81.23897369,73.07321679,1.77965627,0.57968225,61.40049404,1.84268749
2025-05-12,10.45,1.951219512195,5559461247.45,4997096671.05,532005861.0,478191069.0,82.8241244,74.49903566,1.81438127,0.59099312,62.59855246,1.87864237
2025-05-13,10.27,-1.722488038278,5463700192.47,4911022278.63,532005861.0,478191069.0,81.39748876,73.21579868,1.78312877,0.58081334,61.52029988,1.84628298
2025-05-14,10.18,-0.876338851022,5415819664.98,4867985082.42,532005861.0,478191069.0,80.68417095,72.57418019,1.76750252,0.57572345,60.98117359,1.83010329
2025-05-15,10.03,-1.47347740668,5336018785.83,4796256422.07,532005861.0,478191069.0,79.49530792,71.50481604,1.74145877,0.56724029,60.08262977,1.80313713
2025-05-16,10.0,-0.299102691924,5320058610.0,4781910690.0,532005861.0,478191069.0,79.25753531,71.29094321,1.73625002,0.56554366,59.90292101,1.7977439
2025-05-19,10.22,2.2,5437099899.42,4887112725.18,532005861.0,478191069.0,81.00120109,72.85934396,1.77444752,0.57798562,61.22078527,1.83729426
2025-05-20,10.09,-1.272015655577,5367939137.49,4824947886.21,532005861.0,478191069.0,79.97085313,71.9325617,1.75187627,0.57063355,60.4420473,1.81392359
2025-05-21,9.99,-0.991080277502,5314738551.39,4777128779.31,532005861.0,478191069.0,79.17827778,71.21965227,1.73451377,0.56497812,59.84301809,1.79594615
2025-05-22,10.48,4.904904904905,5575421423.28,5011442403.12,532005861.0,478191069.0,83.06189701,74.71290849,1.81959002,0.59268975,62.77826122,1.8840356
2025-05-23,10.03,-4.293893129771,5336018785.83,4796256422.07,532005861.0,478191069.0,79.49530792,71.50481604,1.74145877,0.56724029,60.08262977,1.80313713
2025-05-26,10.03,0.0,5336018785.83,4796256422.07,532005861.0,478191069.0,79.49530792,71.50481604,1.74145877,0.56724029,60.08262977,1.80313713
2025-05-27,10.06,0.299102691924,5351978961.66,4810602154.14,532005861.0,478191069.0,79.73308052,71.71868887,1.74666752,0.56893692,60.26233854,1.80853036
2025-05-28,9.96,-0.994035785288,5298778375.56,4762783047.24,532005861.0,478191069.0,78.94050517,71.00577944,1.72930502,0.56328148,59.66330933,1.79055292
2025-05-29,10.13,1.706827309237,5389219371.93,4844075528.97,532005861.0,478191069.0,80.28788327,72.21772548,1.75882127,0.57289573,60.68165898,1.82111457
2025-05-30,10.23,0.987166831194,5442419958.03,4891894635.87,532005861.0,478191069.0,81.08045862,72.93063491,1.77618377,0.57855116,61.28068819,1.839092
2025-06-03,10.38,1.466275659824,5522220837.18,4963623296.22,532005861.0,478191069.0,82.26932165,73.99999906,1.80222752,0.58703432,62.17923201,1.86605816
2025-06-04,10.24,-1.348747591522,5447740016.64,4896676546.56,532005861.0,478191069.0,81.15971616,73.00192585,1.77792002,0.57911671,61.34059112,1.84088975
2025-06-05,10.23,-0.09765625,5442419958.03,4891894635.87,532005861.0,478191069.0,81.08045862,72.93063491,1.77618377,0.57855116,61.28068819,1.839092
2025-06-06,10.18,-0.488758553275,5415819664.98,4867985082.42,532005861.0,478191069.0,80.68417095,72.57418019,1.76750252,0.57572345,60.98117359,1.83010329
2025-06-09,10.25,0.687622789784,5453060075.25,4901458457.25,532005861.0,478191069.0,81.23897369,73.07321679,1.77965627,0.57968225,61.40049404,1.84268749
2025-06-10,10.05,-1.951219512195,5346658903.05,4805820243.45,532005861.0,478191069.0,79.65382299,71.64739793,1.74493127,0.56837138,60.20243562,1.80673261
2025-06-11,10.11,0.597014925373,5378579254.71,4834511707.59,532005861.0,478191069.0,80.1293682,72.07514359,1.75534877,0.57176464,60.56185314,1.81751908
2025-06-12,10.12,0.098911968348,5383899313.32,4839293618.28,532005861.0,478191069.0,80.20862573,72.14643453,1.75708502,0.57233018,60.62175606,1.81931682
2025-06-13,10.24,1.185770750988,5447740016.64,4896676546.56,532005861.0,478191069.0,81.15971616,73.00192585,1.77792002,0.57911671,61.34059112,1.84088975
2025-06-16,10.29,0.48828125,5474340309.69,4920586100.01,532005861.0,478191069.0,81.55600383,73.35838057,1.78660127,0.58194443,61.64010572,1.84987847
2025-06-17,10.36,0.680272108844,5511580719.96,4954059474.84,532005861.0,478191069.0,82.11080658,73.85741717,1.79875502,0.58590323,62.05942617,1.86246268
2025-06-18,10.36,0.0,5511580719.96,4954059474.84,532005861.0,478191069.0,82.11080658,73.85741717,1.79875502,0.58590323,62.05942617,1.86246268
2025-06-19,10.23,-1.254826254826,5442419958.03,4891894635.87,532005861.0,478191069.0,81.08045862,72.93063491,1.77618377,0.57855116,61.28068819,1.839092
2025-06-20,10.02,-2.052785923754,5330698727.22,4791474511.38,532005861.0,478191069.0,79.41605038,71.4335251,1.73972252,0.56667475,60.02272685,1.80133938
2025-06-23,10.23,2.095808383234,5442419958.03,4891894635.87,532005861.0,478191069.0,81.08045862,72.93063491,1.77618377,0.57855116,61.28068819,1.839092
2025-06-24,10.33,0.977517106549,5495620544.13,4939713742.77,532005861.0,478191069.0,81.87303398,73.64354434,1.79354627,0.5842066,61.8797174,1.85706944
2025-06-25,10.5,1.645692158761,5586061540.5,5021006224.5,532005861.0,478191069.0,83.22041208,74.85549037,1.82306252,0.59382084,62.89806706,1.88763109
2025-06-26,10.54,0.380952380952,5607341774.94,5040133867.26,532005861.0,478191069.0,83.53744222,75.14065415,1.83000752,0.59608302,63.13767875,1.89482207
2025-06-27,10.47,0.287356321839,5570101364.67,5006660492.43,532005861.0,478191069.0,82.98263947,74.64161754,1.81785377,0.59212421,62.7183583,1.88223786
2025-06-30,10.73,2.483285577841,5708424058.1,5130991339.94,532005970.0,478191178.0,85.04335281,76.49519774,1.87196275,0.60682847,64.27584741,1.92897959
2025-07-01,10.64,-0.838769804287,5660543520.8,5087954133.92,532005970.0,478191178.0,84.33003485,75.85357912,1.85626129,0.60173858,63.73672101,1.9127999
2025-07-02,10.53,-1.033834586466,5602022864.1,5035353104.34,532005970.0,478191178.0,83.45820178,75.06937858,1.83707062,0.5955176,63.07778875,1.89302471
2025-07-03,10.56,0.2849002849,5617983043.2,5049698839.68,532005970.0,478191178.0,83.69597444,75.28325146,1.84230444,0.59721423,63.25749755,1.89841794
2025-07-04,10.4,-1.515151515152,5532862088.0,4973188251.2,532005970.0,478191178.0,82.42785361,74.14259613,1.81439074,0.58816553,62.29905062,1.86965403
2025-07-07,10.44,0.384615384615,5554142326.8,4992315898.32,532005970.0,478191178.0,82.74488382,74.42775996,1.82136917,0.5904277,62.53866235,1.87684501
2025-07-08,10.53,0.862068965517,5602022864.1,5035353104.34,532005970.0,478191178.0,83.45820178,75.06937858,1.83707062,0.5955176,63.07778875,1.89302471
2025-07-09,10.46,-0.664767331434,5564782446.2,5001879721.88,532005970.0,478191178.0,82.90339892,74.57034188,1.82485838,0.59155879,62.65846822,1.8804405
2025-07-10,10.47,0.095602294455,5570102505.9,5006661633.66,532005970.0,478191178.0,82.98265647,74.64163284,1.82660298,0.59212433,62.71837115,1.88223824
2025-07-11,10.53,0.573065902579,5602022864.1,5035353104.34,532005970.0,478191178.0,83.45820178,75.06937858,1.83707062,0.5955176,63.07778875,1.89302471
2025-07-14,10.6,0.664767331434,5639263282.0,5068826486.8,532005970.0,478191178.0,84.01300464,75.56841529,1.84928287,0.5994764,63.49710928,1.90560892
2025-07-15,10.62,0.188679245283,5649903401.4,5078390310.36,532005970.0,478191178.0,84.17151975,75.7109972,1.85277208,0.60060749,63.61691515,1.90920441
2025-07-16,10.65,0.282485875706,5665863580.5,5092736045.7,532005970.0,478191178.0,84.4092924,75.92487008,1.8580059,0.60230412,63.79662395,1.91459764
2025-07-17,10.74,0.845070422535,5713744117.8,5135773251.72,532005970.0,478191178.0,85.12261036,76.5664887,1.87370736,0.60739401,64.33575035,1.93077734
2025-07-18,10.73,-0.093109869646,5708424058.1,5130991339.94,532005970.0,478191178.0,85.04335281,76.49519774,1.87196275,0.60682847,64.27584741,1.92897959
2025-07-21,10.8,0.652376514445,5745664476.0,5164464722.4,532005970.0,478191178.0,85.59815567,76.99423445,1.884175,0.61078728,64.69516795,1.9415638
2025-07-22,10.84,0.37037037037,5766944714.8,5183592369.52,532005970.0,478191178.0,85.91518588,77.27939828,1.89115342,0.61304945,64.93477968,1.94875478
2025-07-23,10.68,-1.476014760148,5681823759.6,5107081781.04,532005970.0,478191178.0,84.64706505,76.13874295,1.86323972,0.60400075,63.97633275,1.91999087
2025-07-24,10.86,1.685393258427,5777584834.2,5193156193.08,532005970.0,478191178.0,86.07370098,77.42198019,1.89464264,0.61418054,65.05458555,1.95235027
2025-07-25,10.85,-0.092081031308,5772264774.5,5188374281.3,532005970.0,478191178.0,85.99444343,77.35068923,1.89289803,0.613615,64.99468261,1.95055253
2025-07-28,10.93,0.73732718894,5814825252.1,5226629575.54,532005970.0,478191178.0,86.62850384,77.9210169,1.90685488,0.61813935,65.47390608,1.96493448
2025-07-29,10.96,0.274473924977,5830785431.2,5240975310.88,532005970.0,478191178.0,86.8662765,78.13488977,1.9120887,0.61983598,65.65361488,1.97032771
2025-07-30,10.93,-0.273722627737,5814825252.1,5226629575.54,532005970.0,478191178.0,86.62850384,77.9210169,1.90685488,0.61813935,65.47390608,1.96493448
2025-07-31,10.74,-1.738334858188,5713744117.8,5135773251.72,532005970.0,478191178.0,85.12261036,76.5664887,1.87370736,0.60739401,64.33575035,1.93077734
2025-08-01,10.69,-0.465549348231,5687143819.3,5111863692.82,532005970.0,478191178.0,84.72632261,76.21003391,1.86498433,0.6045663,64.03623568,1.92178862
2025-08-04,10.93,2.245088868101,5814825252.1,5226629575.54,532005970.0,478191178.0,86.62850384,77.9210169,1.90685488,0.61813935,65.47390608,1.96493448
2025-08-05,10.92,-0.091491308326,5809505192.4,5221847663.76,532005970.0,478191178.0,114.89713193,77.84972594,1.90511028,0.6175738,65.41400315,1.91884281
2025-08-06,11.01,0.824175824176,5857385729.7,5264884869.78,532005970.0,478191178.0,115.84408631,78.49134456,1.92081173,0.6226637,65.95312955,1.93465745
2025-08-07,10.96,-0.454132606721,5830785431.2,5240975310.88,532005970.0,478191178.0,115.31800055,78.13488977,1.9120887,0.61983598,65.65361488,1.92587154
2025-08-08,10.99,0.273722627737,5846745610.3,5255321046.22,532005970.0,478191178.0,115.63365201,78.34876264,1.91732252,0.62153261,65.83332368,1.93114309
2025-08-11,10.92,-0.636942675159,5809505192.4,5221847663.76,532005970.0,478191178.0,114.89713193,77.84972594,1.90511028,0.6175738,65.41400315,1.91884281
2025-08-12,10.87,-0.457875457875,5782904893.9,5197938104.86,532005970.0,478191178.0,114.37104616,77.49327115,1.89638724,0.61474608,65.11448848,1.9100569
2025-08-13,10.8,-0.64397424103,5745664476.0,5164464722.4,532005970.0,478191178.0,113.63452608,76.99423445,1.884175,0.61078728,64.69516795,1.89775663
2025-08-14,10.54,-2.407407407407,5607342923.8,5040135016.12,532005970.0,478191178.0,110.89888009,75.14066954,1.83881523,0.59608314,63.13769168,1.85206989
2025-08-15,10.85,2.941176470588,5772264774.5,5188374281.3,532005970.0,478191178.0,114.16061185,77.35068923,1.89289803,0.613615,64.99468261,1.90654254
2025-08-18,10.89,0.36866359447,5793545013.3,5207501928.42,532005970.0,478191178.0,114.58148047,77.63585307,1.89987646,0.61587717,65.23429435,1.91357127
2025-08-19,10.85,-0.367309458219,5772264774.5,5188374281.3,532005970.0,478191178.0,114.16061185,77.35068923,1.89289803,0.613615,64.99468261,1.90654254
2025-08-20,10.95,0.921658986175,5825465371.5,5236193399.1,532005970.0,478191178.0,115.21278339,78.06359881,1.9103441,0.61927043,65.59371195,1.92411436
2025-08-21,11.03,0.730593607306,5868025849.1,5274448693.34,532005970.0,478191178.0,116.05452062,78.63392648,1.92430095,0.62379478,66.07293541,1.93817182
2025-08-22,10.99,-0.362647325476,5846745610.3,5255321046.22,532005970.0,478191178.0,115.63365201,78.34876264,1.91732252,0.62153261,65.83332368,1.93114309
2025-08-25,11.02,0.272975432211,5862705789.4,5269666781.56,532005970.0,478191178.0,115.94930347,78.56263552,1.92255634,0.62322924,66.01303248,1.93641463
2025-08-26,11.01,-0.090744101633,5857385729.7,5264884869.78,532005970.0,478191178.0,115.84408631,78.49134456,1.92081173,0.6226637,65.95312955,1.93465745
2025-08-27,10.76,-2.270663033606,5724384237.2,5145337075.28,532005970.0,478191178.0,113.21365747,76.70907061,1.87719657,0.6085251,64.45555621,1.8907279
2025-08-28,10.82,0.557620817844,5756329535.5,5174053486.06,532008275.0,478193483.0,113.84545364,77.13715057,1.88767239,0.61192102,27.92089728,1.90127923
2025-08-29,10.85,0.277264325323,5772289783.75,5188399290.55,532008275.0,478193483.0,114.16110647,77.35102437,1.89290623,0.61361765,27.99831197,1.9065508
2025-09-01,10.71,-1.290322580645,5697808625.25,5121452202.93,532008275.0,478193483.0,112.68805994,76.35294664,1.86848164,0.60570001,27.63704343,1.88195014
2025-09-02,10.51,-1.86741363212,5591406970.25,5025813506.33,532008275.0,478193483.0,110.58370774,74.9271213,1.83358935,0.59438908,27.12094551,1.84680635
2025-09-03,10.2,-2.949571836346,5426484405.0,4877573526.6,532008275.0,478193483.0,107.32196185,72.71709203,1.77950632,0.57685715,26.32099374,1.79233347
2025-09-04,10.13,-0.686274509804,5389243825.75,4844099982.79,532008275.0,478193483.0,106.58543858,72.21805317,1.76729402,0.57289833,26.14035947,1.78003314
2025-09-05,10.26,1.283316880553,5458404901.5,4906265135.58,532008275.0,478193483.0,107.9532675,73.14483963,1.789974,0.58025043,26.47582311,1.80287661
2025-09-08,10.29,0.292397660819,5474365149.75,4920610940.07,532008275.0,478193483.0,108.26892033,73.35871343,1.79520785,0.58194707,26.5532378,1.80814818
2025-09-09,10.15,-1.360544217687,5399883991.25,4853663852.45,532008275.0,478193483.0,106.7958738,72.3606357,1.77078325,0.57402942,26.19196926,1.78354752
2025-09-10,10.15,0.0,5399883991.25,4853663852.45,532008275.0,478193483.0,106.7958738,72.3606357,1.77078325,0.57402942,26.19196926,1.78354752
2025-09-11,10.21,0.591133004926,5431804487.75,4882355461.43,532008275.0,478193483.0,107.42717945,72.7883833,1.78125093,0.5774227,26.34679864,1.79409066
2025-09-12,10.15,-0.587659157689,5399883991.25,4853663852.45,532008275.0,478193483.0,106.7958738,72.3606357,1.77078325,0.57402942,26.19196926,1.78354752
2025-09-15,10.12,-0.295566502463,5383923743.0,4839318047.96,532008275.0,478193483.0,106.48022097,72.1467619,1.76554941,0.57233278,26.11455457,1.77827595
2025-09-16,10.2,0.790513833992,5426484405.0,4877573526.6,532008275.0,478193483.0,107.32196185,72.71709203,1.77950632,0.57685715,26.32099374,1.79233347
2025-09-17,10.27,0.686274509804,5463724984.25,4911047070.41,532008275.0,478193483.0,108.05848511,73.2161309,1.79171862,0.58081597,26.50162801,1.8046338
2025-09-18,10.15,-1.168451801363,5399883991.25,4853663852.45,532008275.0,478193483.0,106.7958738,72.3606357,1.77078325,0.57402942,26.19196926,1.78354752
2025-09-19,10.07,-0.788177339901,5357323329.25,4815408373.81,532008275.0,478193483.0,105.95413292,71.79030557,1.75682634,0.56950505,25.98553009,1.76949
2025-09-22,10.03,-0.397219463754,5336042998.25,4796280634.49,532008275.0,478193483.0,105.53326248,71.5051405,1.74984788,0.56724286,25.88231051,1.76246125
2025-09-23,9.94,-0.897308075773,5288162253.5,4753243221.02,532008275.0,478193483.0,104.58630399,70.8635191,1.73414635,0.56215295,25.65006645,1.74664654
2025-09-24,10.12,1.810865191147,5383923743.0,4839318047.96,532008275.0,478193483.0,106.48022097,72.1467619,1.76554941,0.57233278,26.11455457,1.77827595
2025-09-25,10.01,-1.086956521739,5325402832.75,4786716764.83,532008275.0,478193483.0,105.32282726,71.36255797,1.74635865,0.56611177,25.83070072,1.75894687
2025-09-26,10.03,0.1998001998,5336042998.25,4796280634.49,532008275.0,478193483.0,105.53326248,71.5051405,1.74984788,0.56724286,25.88231051,1.76246125
2025-09-29,10.01,-0.199401794616,5325402832.75,4786716764.83,532008275.0,478193483.0,105.32282726,71.36255797,1.74635865,0.56611177,25.83070072,1.75894687
2025-09-30,10.06,0.4995004995,5352003246.5,4841363129.2,532008275.0,481248820.0,105.84891531,71.7190143,1.78694115,0.5689395,25.9597252,1.76773281
2025-10-09,10.05,-0.099403578529,5346683163.75,4836550641.0,532008275.0,481248820.0,105.7436977,71.64772303,1.78516487,0.56837396,25.9339203,1.76597563
2025-10-10,10.1,0.497512437811,5373283577.5,4860613082.0,532008275.0,481248820.0,106.26978575,72.00417937,1.79404629,0.57120169,26.06294478,1.77476157
2025-10-13,9.98,-0.399201596806,5309442584.5,4802863223.6,532008275.0,481248820.0,105.00717443,71.14868417,1.77273088,0.56441513,25.75328603,1.7536753
2025-10-14,9.97,-0.100200400802,5304122501.75,4798050735.4,532008275.0,481248820.0,104.90195682,71.0773929,1.7709546,0.56384959,25.72748114,1.75191811
2025-10-15,9.99,0.200601805416,5314762667.25,4807675711.8,532008275.0,481248820.0,105.11239204,71.21997543,1.77450717,0.56498068,25.77909093,1.75543249
2025-10-16,9.78,-2.102102102102,5203040929.5,4706613459.6,532008275.0,481248820.0,102.90282224,69.72285883,1.73720521,0.55310421,25.23718812,1.7185315
2025-10-17,9.55,-2.351738241309,5080679026.25,4595926231.0,532008275.0,481248820.0,100.48281722,68.0831597,1.6963507,0.54009665,24.64367551,1.67811614
2025-10-20,9.59,0.418848167539,5101959357.25,4615176183.8,532008275.0,481248820.0,100.90368766,68.36832476,1.70345583,0.54235883,24.74689509,1.6851449
2025-10-21,9.74,1.564129301356,5181760598.5,4687363506.8,532008275.0,481248820.0,102.4819518,69.43769377,1.73010008,0.55084202,25.13396853,1.71150275
2025-10-22,9.76,0.205338809035,5192400764.0,4696988483.2,532008275.0,481248820.0,102.69238702,69.5802763,1.73365265,0.55197312,25.18557832,1.71501712
2025-10-23,9.85,0.922131147541,5240281508.75,4740300877.0,532008275.0,481248820.0,103.63934551,70.2218977,1.7496392,0.55706303,25.41782239,1.73083183
2025-10-24,9.89,0.406091370558,5261561839.75,4759550829.8,532008275.0,481248820.0,104.06021595,70.50706277,1.75674433,0.55932522,25.52104197,1.73786059
2025-10-27,9.99,1.011122345804,5314762667.25,4807675711.8,532008275.0,481248820.0,105.11239204,71.21997543,1.77450717,0.56498068,25.77909093,1.75543249
2025-10-28,10.01,0.2002002002,5325402832.75,4817300688.2,532008275.0,481248820.0,105.32282726,71.36255797,1.77805973,0.56611177,25.83070072,1.75894687
2025-10-29,10.01,0.0,5325402832.75,4817300688.2,532008275.0,481248820.0,105.32282726,71.36255797,1.77805973,0.56611177,25.83070072,1.75894687
2025-10-30,9.93,-0.799200799201,5282842170.75,4778800782.6,532008275.0,481248820.0,104.48108638,70.79222783,1.76384947,0.5615874,25.62426155,1.74488935
2025-10-31,10.23,3.021148036254,5442444653.25,4923175428.6,532008275.0,481248820.0,75.09970438,72.93096583,1.81713797,0.57855379,6.19457341,1.74971861
2025-11-03,10.21,-0.19550342131,5431804487.75,4913550452.2,532008275.0,481248820.0,74.95288189,72.7883833,1.8135854,0.5774227,6.18246281,1.74629785
2025-11-04,10.23,0.195886385896,5442444653.25,4923175428.6,532008275.0,481248820.0,75.09970438,72.93096583,1.81713797,0.57855379,6.19457341,1.74971861
2025-11-05,10.23,0.0,5442444653.25,4923175428.6,532008275.0,481248820.0,75.09970438,72.93096583,1.81713797,0.57855379,6.19457341,1.74971861
2025-11-06,10.33,0.977517106549,5495645480.75,4971300310.6,532008275.0,481248820.0,75.83381684,73.6438785,1.8349008,0.58420925,6.25512643,1.76682241
2025-11-07,10.3,-0.290416263311,5479685232.5,4956862846.0,532008275.0,481248820.0,75.6135831,73.4300047,1.82957195,0.58251261,6.23696053,1.76169127
2025-11-10,10.26,-0.388349514563,5458404901.5,4937612893.2,532008275.0,481248820.0,75.31993812,73.14483963,1.82246682,0.58025043,6.21273932,1.75484975
2025-11-11,10.25,-0.09746588694,5453084818.75,4932800405.0,532008275.0,481248820.0,75.24652687,73.07354837,1.82069054,0.57968488,6.20668402,1.75313937
2025-11-12,10.16,-0.878048780488,5405204074.0,4889488011.2,532008275.0,481248820.0,74.58582566,72.43192697,1.80470399,0.57459497,6.1521863,1.73774595
2025-11-13,10.18,0.196850393701,5415844239.5,4899112987.6,532008275.0,481248820.0,74.73264815,72.5745095,1.80825655,0.57572606,6.16429691,1.74116671
2025-11-14,10.19,0.098231827112,5421164322.25,4903925475.8,532008275.0,481248820.0,74.8060594,72.64580077,1.81003284,0.5762916,6.17035221,1.74287709
2025-11-17,10.3,1.07948969578,5479685232.5,4956862846.0,532008275.0,481248820.0,75.6135831,73.4300047,1.82957195,0.58251261,6.23696053,1.76169127
2025-11-18,10.14,-1.553398058252,5394563908.5,4879863034.8,532008275.0,481248820.0,74.43900317,72.28934443,1.80115142,0.57346387,6.1400757,1.73432519
2025-11-19,10.13,-0.098619329389,5389243825.75,4875050546.6,532008275.0,481248820.0,74.36559192,72.21805317,1.79937514,0.57289833,6.1340204,1.73261481
2025-11-20,10.14,0.098716683119,5394563908.5,4879863034.8,532008275.0,481248820.0,74.43900317,72.28934443,1.80115142,0.57346387,6.1400757,1.73432519
2025-11-21,9.96,-1.775147928994,5298802419.0,4793238247.2,532008275.0,481248820.0,73.11760074,71.00610163,1.76917832,0.56328404,6.03108027,1.70353835
2025-11-24,10.13,1.706827309237,5389243825.75,4875050546.6,532008275.0,481248820.0,74.36559192,72.21805317,1.79937514,0.57289833,6.1340204,1.73261481
2025-11-25,10.0,-1.283316880553,5320082750.0,4812488200.0,532008275.0,481248820.0,73.41124573,71.2912667,1.77628345,0.56554623,6.05530148,1.71037987
2025-11-26,9.65,-3.5,5133879853.75,4644051113.0,532008275.0,481248820.0,70.84185213,68.79607236,1.71411353,0.54575211,5.84336593,1.65051658
2025-11-27,10.11,4.766839378238,5378603660.25,4865425570.2,532008275.0,481248820.0,74.21876943,72.07547063,1.79582257,0.57176723,6.1219098,1.72919405
2025-11-28,9.75,-3.560830860534,5187080681.25,4692175995.0,532008275.0,481248820.0,71.57596458,69.50898503,1.73187636,0.55140757,5.90391894,1.66762038
2025-12-01,9.81,0.615384615385,5219001177.75,4721050924.2,532008275.0,481248820.0,72.01643206,69.93673263,1.74253407,0.55480085,5.94025075,1.67788266
2025-12-02,9.75,-0.611620795107,5187080681.25,4692175995.0,532008275.0,481248820.0,71.57596458,69.50898503,1.73187636,0.55140757,5.90391894,1.66762038
2025-12-03,9.72,-0.307692307692,5171120433.0,4677738530.4,532008275.0,481248820.0,71.35573085,69.29511123,1.72654751,0.54971093,5.88575304,1.66248924
2025-12-04,9.6,-1.234567901235,5107279440.0,4619988672.0,532008275.0,481248820.0,70.4747959,68.43961603,1.70523211,0.54292438,5.81308942,1.64196468
2025-12-05,9.97,3.854166666667,5304122501.75,4798050735.4,532008275.0,481248820.0,73.19101199,71.0773929,1.7709546,0.56384959,6.03713558,1.70524873
2025-12-08,9.91,-0.601805416249,5272202005.25,4769175806.2,532008275.0,481248820.0,72.75054452,70.6496453,1.7602969,0.56045631,6.00080377,1.69498646
2025-12-09,9.92,0.100908173562,5277522088.0,4773988294.4,532008275.0,481248820.0,72.82395576,70.72093657,1.76207318,0.56102186,6.00685907,1.69669683
2025-12-10,9.99,0.70564516129,5314762667.25,4807675711.8,532008275.0,481248820.0,73.33783448,71.21997543,1.77450717,0.56498068,6.04924618,1.70866949
2025-12-11,9.88,-1.101101101101,5256241757.0,4754738341.6,532008275.0,481248820.0,72.53031078,70.4357715,1.75496805,0.55875967,5.98263786,1.68985532
2025-12-12,9.85,-0.303643724696,5240281508.75,4740300877.0,532008275.0,481248820.0,72.31007704,70.2218977,1.7496392,0.55706303,5.96447196,1.68472418
2025-12-15,9.9,0.507614213198,5266881922.5,4764363318.0,532008275.0,481248820.0,72.67713327,70.57835403,1.75852062,0.55989076,5.99474847,1.69327608
2025-12-16,9.76,-1.414141414141,5192400764.0,4696988483.2,532008275.0,481248820.0,71.64937583,69.5802763,1.73365265,0.55197312,5.90997425,1.66933076
2025-12-17,9.59,-1.741803278689,5101959357.25,4615176183.8,532008275.0,481248820.0,70.40138465,68.36832476,1.70345583,0.54235883,5.80703412,1.6402543
2025-12-18,9.88,3.023983315954,5256241757.0,4754738341.6,532008275.0,481248820.0,72.53031078,70.4357715,1.75496805,0.55875967,5.98263786,1.68985532
2025-12-19,10.04,1.619433198381,5341363081.0,4831738152.8,532008275.0,481248820.0,73.70489071,71.57643177,1.78338858,0.56780841,6.07952269,1.71722139
2025-12-22,9.95,-0.896414342629,5293482336.25,4788425759.0,532008275.0,481248820.0,73.0441895,70.93481037,1.76740203,0.56271849,6.02502497,1.70182797
2025-12-23,9.89,-0.603015075377,5261561839.75,4759550829.8,532008275.0,481248820.0,72.60372202,70.50706277,1.75674433,0.55932522,5.98869316,1.6915657
2025-12-24,10.15,2.62891809909,5399883991.25,4884675523.0,532008275.0,481248820.0,74.51241441,72.3606357,1.8029277,0.57402942,6.146131,1.73603557
2025-12-25,10.32,1.674876847291,5490325398.0,4966487822.4,532008275.0,481248820.0,75.76040559,73.57258723,1.83312452,0.5836437,6.24907113,1.76511203
2025-12-26,10.31,-0.096899224806,5485005315.25,4961675334.2,532008275.0,481248820.0,75.68699434,73.50129597,1.83134824,0.58307816,6.24301583,1.76340165
2025-12-29,10.38,0.678952473327,5522245894.5,4995362751.6,532008275.0,481248820.0,76.20087306,74.00033483,1.84378222,0.58703698,6.28540294,1.77537431
2025-12-30,10.34,-0.385356454721,5500965563.5,4976112798.8,532008275.0,481248820.0,75.90722808,73.71516977,1.83667709,0.5847748,6.26118173,1.76853279
2025-12-31,10.52,1.74081237911,5596749313.32,5062759846.72,532010391.0,481250936.0,77.22893767,43.37557557,1.8620371,0.594957,6.37020249,1.79932678
2026-01-05,10.45,-0.665399239544,5559508585.95,5029072281.2,532010391.0,481250936.0,76.71505691,43.08695482,1.84964712,0.590998160677,6.32781522,1.78735408
2026-01-06,10.56,1.052631578947,5618029728.96,5082009884.16,532010391.0,481250936.0,77.52258382,43.54050172,1.86911709,0.59721919391,6.3944238,1.80616833
2026-01-07,10.48,-0.757575757576,5575468897.68,5043509809.28,532010391.0,481250936.0,76.93529152,43.21064943,1.85495711,0.59269480609,6.34598119,1.79248524
2026-01-08,10.7,2.099236641221,5692511183.7,5149385015.2,532010391.0,481250936.0,78.55034535,44.11774322,1.89389705,0.605136872633,6.47919835,1.83011374
2026-01-09,10.75,0.467289719626,5719111703.25,5173447562.0,532010391.0,481250936.0,78.91740304,44.32390089,1.90274703,0.60796461504,6.50947498,1.83866568
2026-01-12,10.96,1.953488372093,5830833885.36,5274510258.56,532010391.0,481250936.0,80.45904533,45.18976314,1.93991698,0.619841133086,6.63663682,1.8745838
2026-01-13,10.62,-3.102189781022,5649950352.42,5110884940.32,532010391.0,481250936.0,77.96305305,43.78789093,1.87973707,0.600612484813,6.43075575,1.81643065
2026-01-14,10.53,-0.847457627119,5602069417.23,5067572356.08,532010391.0,481250936.0,77.30234921,43.41680711,1.86380709,0.595522548497,6.37625782,1.80103717
2026-01-15,10.53,0.0,5602069417.23,5067572356.08,532010391.0,481250936.0,77.30234921,43.41680711,1.86380709,0.595522548497,6.37625782,1.80103717
2026-01-16,10.52,-0.094966761633,5596749313.32,5062759846.72,532010391.0,481250936.0,77.22893767,43.37557557,1.8620371,0.594957,6.37020249,1.79932678
2026-01-19,10.78,2.471482889734,5735072014.98,5187885090.08,532010391.0,481250936.0,79.13763765,44.4475955,1.90805703,0.609661260453,6.52764096,1.84379684
2026-01-20,10.81,0.278293135436,5751032326.71,5202322618.16,532010391.0,481250936.0,79.35787227,44.57129011,1.91336702,0.611357905943,6.54580694,1.848928
2026-01-21,10.77,-0.370027752081,5729751911.07,5183072580.72,532010391.0,481250936.0,79.06422612,44.40636397,1.90628703,0.609095712033,6.52158563,1.84208645
2026-01-22,11.04,2.506963788301,5873394716.64,5313010333.44,532010391.0,481250936.0,81.04633763,45.51961543,1.95407695,0.624365520906,6.68507942,1.88826689
2026-01-23,11.07,0.271739130435,5889355028.37,5327447861.52,532010391.0,481250936.0,81.26657225,45.64331004,1.95938695,0.626062166396,6.7032454,1.89339805
2026-01-26,10.88,-1.716350496838,5788273054.08,5236010183.68,532010391.0,481250936.0,79.87175303,44.85991086,1.925757,0.615316745266,6.58819421,1.8609007
2026-01-27,10.88,0.0,5788273054.08,5236010183.68,532010391.0,481250936.0,79.87175303,44.85991086,1.925757,0.615316745266,6.58819421,1.8609007
2026-01-28,10.71,-1.5625,5697831287.61,5154197524.56,532010391.0,481250936.0,78.62375689,44.15897475,1.89566704,0.60570242113,6.48525368,1.83182413
2026-01-29,10.5,-1.960784313725,5586109105.5,5053134828.0,532010391.0,481250936.0,77.0821146,43.2931125,1.8584971,0.593825903084,6.35809184,1.79590601
2026-01-30,10.5,0.0,5586109105.5,5053134828.0,532010391.0,481250936.0,77.0821146,43.2931125,1.8584971,0.593825903084,6.35809184,1.79590601
2026-02-02,10.35,-1.428571428571,5506307546.85,4980947187.6,532010391.0,481250936.0,75.98094153,42.67463947,1.83194714,0.585342675864,6.26726196,1.77025021
2026-02-03,10.72,3.574879227053,5703151391.52,5159010033.92,532010391.0,481250936.0,78.69716843,44.20020629,1.89743704,0.606267969627,6.49130901,1.83353452
2026-02-04,11.1,3.544776119403,5905315340.1,5341885389.6,532010391.0,481250936.0,81.48680686,45.76700464,1.96469694,0.627758811809,6.72141138,1.89852921
2026-02-05,11.1,0.0,5905315340.1,5341885389.6,532010391.0,481250936.0,81.48680686,45.76700464,1.96469694,0.627758811809,6.72141138,1.89852921
2026-02-06,10.98,-1.081081081081,5841474093.18,5284135277.28,532010391.0,481250936.0,80.60586841,45.27222622,1.94345697,0.620972230079,6.64874747,1.87800457
2026-02-09,11.05,0.63752276867,5878714820.55,5317822842.8,532010391.0,481250936.0,81.11974917,45.56084697,1.95584695,0.624931069403,6.69113475,1.88997728
2026-02-10,11.18,1.176470588235,5947876171.38,5380385464.48,532010391.0,481250936.0,82.07409916,46.09685693,1.97885691,0.632283199629,6.76985398,1.9122123
2026-02-11,11.17,-0.089445438283,5942556067.47,5375572955.12,532010391.0,481250936.0,82.00068762,46.05562539,1.97708692,0.631717651132,6.76379866,1.91050192
2026-02-12,11.16,-0.089525514772,5937235963.56,5370760445.76,532010391.0,481250936.0,81.92727609,46.01439386,1.97531692,0.631152102713,6.75774333,1.90879153
2026-02-13,11.23,0.627240143369,5974476690.93,5404448011.28,532010391.0,481250936.0,82.44115685,46.30301461,1.9877069,0.635110942036,6.80013061,1.92076424
2026-02-24,11.43,1.780943900267,6080878769.13,5500698198.48,532010391.0,481250936.0,83.9093876,47.12764532,2.02310685,0.646421911585,6.92123712,1.95497197
2026-02-25,11.2,-2.012248468941,5958516379.2,5390010483.2,532010391.0,481250936.0,82.22092224,46.17932,1.98239691,0.633414296622,6.78196463,1.91563308
2026-02-26,11.31,0.982142857143,6017037522.21,5442948086.16,532010391.0,481250936.0,83.02844915,46.63286689,2.00186688,0.639635329855,6.84857321,1.93444733
2026-02-27,11.22,-0.79575596817,5969156587.02,5399635501.92,532010391.0,481250936.0,82.36774531,46.26178307,1.9859369,0.634545393539,6.79407528,1.91905385
2026-03-02,10.98,-2.139037433155,5841474093.18,5284135277.28,532010391.0,481250936.0,80.60586841,45.27222622,1.94345697,0.620972230079,6.64874747,1.87800457
2026-03-03,10.53,-4.098360655738,5602069417.23,5067572356.08,532010391.0,481250936.0,77.30234921,43.41680711,1.86380709,0.595522548497,6.37625782,1.80103717
2026-03-04,10.53,0.0,5602069417.23,5067572356.08,532010391.0,481250936.0,77.30234921,43.41680711,1.86380709,0.595522548497,6.37625782,1.80103717
2026-03-05,10.59,0.569800569801,5633990040.69,5096447412.24,532010391.0,481250936.0,77.74281844,43.66419632,1.87442708,0.5989158394,6.41258977,1.81129949
2026-03-06,10.89,2.832861189802,5793593157.99,5240822693.04,532010391.0,481250936.0,79.94516457,44.90114239,1.92752699,0.615882293763,6.59424954,1.86261109
2026-03-09,10.69,-1.836547291093,5687191079.79,5144572505.84,532010391.0,481250936.0,78.47693381,44.07651168,1.89212705,0.604571324136,6.47314303,1.82840336
2026-03-10,10.93,2.245088868101,5814873573.63,5260072730.48,532010391.0,481250936.0,80.23881072,45.06606854,1.93460698,0.618144487673,6.61847084,1.86945264
2026-03-11,10.86,-0.64043915828,5777632846.26,5226385164.96,532010391.0,481250936.0,79.72492995,44.77744779,1.922217,0.614185648273,6.57608356,1.85747993
2026-03-12,10.59,-2.486187845304,5633990040.69,5096447412.24,532010391.0,481250936.0,77.74281844,43.66419632,1.87442708,0.5989158394,6.41258977,1.81129949
2026-03-13,10.52,-0.661000944287,5596749313.32,5062759846.72,532010391.0,481250936.0,77.22893767,43.37557557,1.8620371,0.594957,6.37020249,1.79932678
2026-03-16,10.65,1.235741444867,5665910664.15,5125322468.4,532010391.0,481250936.0,78.18328766,43.91158554,1.88504706,0.602309130226,6.44892173,1.82156181
2026-03-17,10.55,-0.93896713615,5612709625.05,5077197374.8,532010391.0,481250936.0,77.44917229,43.49927018,1.86734709,0.59665364549,6.38836847,1.80445794
2026-03-18,10.64,0.85308056872,5660590560.24,5120509959.04,532010391.0,481250936.0,78.10987612,43.870354,1.88327706,0.60174358173,6.4428664,1.81985142
2026-03-19,10.22,-3.947368421053,5437146196.02,4918384565.92,532010391.0,481250936.0,75.02659154,42.1386295,1.80893718,0.577990545637,6.18854273,1.74801518
2026-03-20,9.91,-3.033268101761,5272222974.81,4769196775.76,532010391.0,481250936.0,72.75083387,40.86045189,1.75406727,0.560458542778,6.00082763,1.6949932
2026-03-23,9.18,-7.36629667003,4883855389.38,4417883592.48,532010391.0,481250936.0,67.39179162,37.85054979,1.62485747,0.519173503826,5.55878887,1.57013497
2026-03-24,9.31,1.416122004357,4953016740.21,4480446214.16,532010391.0,481250936.0,68.34614161,38.38655975,1.64786743,0.526525634052,5.6375081,1.59237
2026-03-25,9.54,2.470461868958,5075379130.14,4591133929.44,532010391.0,481250936.0,70.03460698,39.33488507,1.68857737,0.539533249092,5.77678059,1.63170889
2026-03-26,9.37,-1.781970649895,4984937363.67,4509321270.32,532010391.0,481250936.0,68.78661084,38.63394897,1.65848741,0.529918924955,5.67384005,1.60263232
2026-03-27,9.48,1.173959445037,5043458506.68,4562258873.28,532010391.0,481250936.0,69.59413775,39.08749586,1.67795738,0.536139958188,5.74044864,1.62144657
2026-03-30,9.67,2.004219409283,5144540480.97,4653696551.12,532010391.0,481250936.0,70.98895697,39.87089504,1.71158733,0.546885379318,5.85549982,1.65394392
2026-03-31,9.77,1.034126163392,5197741520.07,4775096644.72,532010391.0,488750936.0,71.72307234,40.28321039,1.68287684,0.552540864054,5.91605308,1.67104778
2026-04-01,10.04,2.763561924258,5341384325.64,4907059397.44,532010391.0,488750936.0,73.70518386,41.39646186,1.72938419,0.567810673004,6.07954687,1.71722822
2026-04-02,9.7,-3.386454183267,5160500792.7,4740884079.2,532010391.0,488750936.0,71.20919158,39.99458964,1.67081939,0.548582024731,5.8736658,1.65907508
2026-04-03,9.4,-3.092783505155,5000897675.4,4594258798.4,532010391.0,488750936.0,69.00684545,38.75764357,1.61914456,0.531615570369,5.69200603,1.60776348
2026-04-07,9.5,1.063829787234,5054098714.5,4643133892.0,532010391.0,488750936.0,69.74096083,39.16995893,1.6363695,0.537271055182,5.75255929,1.62486734
2026-04-08,9.86,3.789473684211,5245622455.26,4819084228.96,532010391.0,488750936.0,72.38377618,40.65429422,1.69837929,0.557630800371,5.97055101,1.68644126
2026-04-09,9.75,-1.115618661258,5187101312.25,4765321626.0,532010391.0,488750936.0,71.57624927,40.20074732,1.67943186,0.551409767138,5.90394243,1.66762701
2026-04-10,9.94,1.948717948718,5288183286.54,4858184303.84,532010391.0,488750936.0,72.97106848,40.9841465,1.71215925,0.562155188191,6.01899361,1.70012436
2026-04-13,10.03,0.905432595573,5336064221.73,4902171888.08,532010391.0,488750936.0,73.63177232,41.35523032,1.72766169,0.567245124507,6.07349154,1.71551784
2026-04-14,10.16,1.296111665005,5405225572.56,4965709509.76,532010391.0,488750936.0,74.58612231,41.89124029,1.75005412,0.574597254734,6.15221077,1.73775286
2026-04-15,10.12,-0.393700787402,5383945156.92,4946159472.32,532010391.0,488750936.0,74.29247616,41.72631414,1.74316414,0.572335060824,6.12798947,1.73091132
2026-04-16,10.05,-0.691699604743,5346704429.55,4911946906.8,532010391.0,488750936.0,73.7785954,41.43769339,1.73110668,0.568376221501,6.08560219,1.71893861
2026-04-17,9.97,-0.796019900498,5304143598.27,4872846831.92,532010391.0,488750936.0,73.1913031,41.10784111,1.71732673,0.563851833681,6.03715959,1.70525552
2026-04-20,10.03,0.601805416249,5336064221.73,4902171888.08,532010391.0,488750936.0,73.63177232,41.35523032,1.72766169,0.567245124507,6.07349154,1.71551784
2026-04-21,9.98,-0.49850448654,5309463702.18,4877734341.28,532010391.0,488750936.0,73.26471464,41.14907264,1.71904922,0.564417382178,6.04321491,1.7069659
2026-04-22,10.05,0.701402805611,5346704429.55,4911946906.8,532010391.0,488750936.0,73.7785954,41.43769339,1.73110668,0.568376221501,6.08560219,1.71893861
2026-04-23,9.89,-1.592039800995,5261582766.99,4833746757.04,532010391.0,488750936.0,72.6040108,40.77798882,1.70354678,0.559327445861,5.98871698,1.69157242
2026-04-24,9.88,-0.10111223458,5256262663.08,4828859247.68,532010391.0,488750936.0,72.53059926,40.73675729,1.70182428,0.558761897364,5.98266166,1.68986204
2026-04-27,9.9,0.202429149798,5266902870.9,4838634266.4,532010391.0,488750936.0,72.67742233,40.81922036,1.70526927,0.559892994281,5.99477231,1.69328281
2026-04-28,9.58,-3.232323232323,5096659545.78,4682233966.88,532010391.0,488750936.0,70.32825313,39.49981122,1.65014945,0.541795443002,5.80100189,1.63855044
2026-04-29,10.54,10.020876826722,5607389521.14,5151434865.44,532010391.0,488750936.0,34.11629611,43.45803864,1.8155089,0.262825435609,6.86272618,1.58869197
2026-04-30,11.02,4.554079696395,5862754508.82,5386035314.72,532010391.0,488750936.0,35.66997942,45.43715236,1.89818862,0.274794715376,7.1752602,1.66104227
2026-05-06,11.44,3.811252268603,6086198873.04,5591310707.84,532010391.0,488750936.0,37.02945232,47.16887686,1.97053338,0.2852678352,7.44872747,1.72434878
2026-05-07,11.31,-1.14,6017037522.0,5527773086.0,,,36.61,19.47,1.95,,,
2026-05-08,11.64,2.92,6192600951.0,5689060895.0,,,37.68,20.04,2.0,,,
2026-05-11,11.51,-1.117,,,,,,,,,,
2026-06-11,9.3,-2.618,4947696636.108248,4545383704.768042,,,30.105154639175257,16.01134020618557,1.597938144329897,,6.05534663208042,1.4017870326923076
2026-06-12,9.59,3.118,5101979649.492269,4687121476.207045,,,31.0439175257732,16.51061855670103,1.6477663230240551,,6.244169268994755,1.4454986713461535
2026-06-15,9.66,0.73,5139220376.860826,4721334041.726804,,,31.270515463917526,16.631134020618557,1.6597938144329898,,6.289747146870629,1.4560497565384611
2026-06-16,9.66,0.0,5139220376.860826,4721334041.726804,,,31.270515463917526,16.631134020618557,1.6597938144329898,,6.289747146870629,1.4560497565384611
2026-06-17,9.6,-0.621,5107299753.402062,4692008985.56701,,,31.076288659793807,16.52783505154639,1.649484536082474,,6.2506803944055935,1.4470059692307689
2026-06-18,9.54,-0.625,5075379129.943299,4662683929.407216,,,30.88206185567009,16.424536082474223,1.6391752577319585,,6.211613641940558,1.4379621819230766
2026-06-19,9.54,-0.625,5075379129.943299,4662683929.407216,,,30.88206185567009,16.424536082474223,1.6391752577319585,,6.211613641940558,1.4379621819230766
2026-06-22,9.42,-1.258,5011537883.025774,4604033817.087629,,,30.49360824742267,16.217938144329896,1.6185567010309276,,6.133480137010489,1.4198746073076922
2026-06-23,9.4,-0.212,5000897675.206186,4594258798.367699,,,30.42886597938144,16.183505154639175,1.6151202749140894,,6.12045788618881,1.4168600115384615
2026-06-24,9.18,-2.34,4883855389.190722,4486733592.448454,,,29.71670103092783,15.804742268041236,1.577319587628866,,5.977213127150349,1.383699458076923
2026-06-25,9.04,-1.525,4809373934.4536085,4418308461.408935,,,29.26350515463917,15.563711340206185,1.5532646048109964,,5.886057371398601,1.3625972876923076
2026-06-26,8.9,-1.55,4734892480.0,4349883330.0,,,28.81,15.32,1.53,,5.794901615646853,1.3414951173076923
2026-06-29,8.81,-1.011,4687011544.808989,4305895745.764045,,,28.51866292134832,15.16507865168539,1.5145280898876403,,5.7363014869493005,1.327929436346154
2026-06-30,9.0,2.157,4788093519.101124,4398758423.595506,,,29.133707865168542,15.492134831460667,1.5471910112359548,,5.860012869755244,1.3565680961538462
2026-07-01,9.15,1.67,4867901126.0,4472077113.0,,,29.62,15.75,1.58,,5.957679750917832,1.379177564423077
2026-07-02,9.05,-1.093,4814700020.797814,4423201953.295082,,,29.296284153005463,15.57786885245902,1.5627322404371586,,5.8925684968094405,1.3641045855769234
2026-07-03,9.39,3.757,4995583778.485246,4589377496.291803,,,30.396918032786875,16.163114754098363,1.62144262295082,,6.113946760777972,1.4153527136538464
2026-07-06,9.3,-0.958,4947702783.803279,4545389852.557377,,,30.10557377049179,16.008196721311478,1.6059016393442629,,6.055346632080419,1.401787032692308
2026-07-07,9.14,-1.72,4862581015.479782,4467189597.029508,,,29.58762841530053,15.732786885245904,1.5782732240437165,,5.951168625506993,1.377670266538462
2026-07-08,8.98,-1.751,4777459247.156284,4388989341.501638,,,29.06968306010928,15.457377049180332,1.55064480874317,,5.846990618933566,1.3535535003846155
2026-07-09,8.98,0.0,4777459247.156284,4388989341.501638,,,29.06968306010928,15.457377049180332,1.55064480874317,,5.846990618933566,1.3535535003846155
2026-07-10,9.26,3.118,4926422341.7224045,4525839788.675408,,,29.976087431693976,15.939344262295084,1.5989945355191262,,6.0293021304370615,1.3957578411538465
2026-07-13,8.89,-3.996,4729578252.474318,4345001697.767213,,,28.7783387978142,15.302459016393446,1.5351038251366125,,5.788390490236013,1.3399878194230774
2026-07-14,9.21,3.6,4899821789.121312,4501402208.82295,,,29.81422950819672,15.853278688524592,1.5903606557377057,,5.996746503382866,1.3882213517307698
2026-07-15,9.45,2.606,5027504441.606557,4618702592.114753,,,30.5911475409836,16.26639344262295,1.631803278688525,,6.153013513243004,1.424396500961539
2026-07-16,9.53,0.847,5070065325.768306,4657802719.878687,,,30.85012021857922,16.404098360655734,1.6456174863387982,,6.205102516529718,1.436454884038462
2026-07-17,9.25,-2.94,4921102231.0,4520952272.0,,,29.94,15.93,1.66,,6.022791005026222,1.3942505432692314
2026-07-20,9.41,1.73,5006223999.32,4599152527.5156765,,,30.457881081081084,16.205545945945946,1.6887135135135134,,6.126969011599649,1.4183673094230775
2026-07-21,9.22,0.545,4905141899.44,4506289724.090812,,,29.842897297297306,15.878335135135137,1.654616216216216,,6.003257628793706,1.3897286496153851
2026-07-22,9.16,-0.65,4873221236.0,4476964629.0,,,29.65,15.77,1.65,,5.96419087632867,1.3806848623076928
2026-07-23,9.27,1.201,4931742451.716157,4530727304.675764,,,30.00605895196506,15.95937772925764,1.6698144104803492,,6.035813255847901,1.397265139038462
2026-07-24,9.16,-1.187,4873221236.0,4476964629.0,,,29.64999999999999,15.77,1.65,,5.96419087632867,1.3806848623076928
2026-07-27,9.33,1.856,4963663114.834061,4560052400.498908,,,30.200272925764185,16.06267467248908,1.680622270742358,,6.074880008312936,1.4063089263461543
2026-07-28,9.34,0.11,4968983226.0,4564939916.0,,,30.23,16.08,1.68,,6.081391133723775,1.4078162242307697
2026-07-29,9.5,1.713,5054104994.325481,4643140171.520343,,,30.74785867237687,16.35546038543897,1.7087794432548178,,6.1855691402972015,1.431932990384616
2026-07-30,9.48,-0.211,5043464773.284797,4633365139.5803,,,30.683126338329767,16.3210278372591,1.7051820128479656,,6.172546889475524,1.4289183946153854
2026-07-31,9.55,0.738,5080705546.927196,4667577751.370451,,,30.909689507494647,16.44154175588865,1.7177730192719485,,6.218124767351398,1.4394694798076932
2026-08-03,9.7,1.571,5160507204.732334,4740890490.920772,,,31.395182012847965,16.699785867237683,1.7447537473233403,,6.315791648513985,1.4620789480769238
2026-08-04,9.6,-1.031,5107306099.528908,4692015331.220558,,,31.07152034261242,16.527623126338327,1.7267665952890792,,6.2506803944055935,1.44700596923077
2026-08-05,9.61,0.104,5112626210.049251,4696902847.190579,,,31.103886509635977,16.544839400428263,1.7285653104925052,,6.257191519816433,1.4485132671153853
2026-08-07,9.59,0.419,5101985989.008566,4687127815.250537,,,31.03915417558887,16.51040685224839,1.724967880085653,,6.244169268994755,1.4454986713461546
2026-08-10,9.67,0.834,5144546873.171307,4726227943.010709,,,31.298083511777307,16.64813704496788,1.7393576017130623,,6.296258272281468,1.4575570544230778
2026-08-11,9.57,-1.034,5091345767.96788,4677352783.310495,,,30.97442184154176,16.475974304068522,1.7213704496788012,,6.231147018173077,1.442484075576924
2026-08-12,9.59,0.209,5101985989.008566,4687127815.250538,,,31.039154175588862,16.510406852248394,1.7249678800856532,,6.244169268994756,1.4454986713461546
2026-08-13,9.44,-1.564,5022184331.203426,4613815075.700216,,,30.55366167023554,16.252162740899358,1.697987152034261,,6.146502387832168,1.4228892030769238
2026-08-14,9.62,1.907,5117946320.569593,4701790363.160602,,,31.13625267665952,16.562055674518202,1.7303640256959312,,6.263702645227273,1.4500205650000006
2026-08-17,9.7,0.832,5160507204.732334,4740890490.920773,,,31.395182012847965,16.699785867237686,1.7447537473233403,,6.315791648513986,1.4620789480769238
2026-08-18,9.6,-1.031,5107306099.528908,4692015331.220559,,,31.07152034261242,16.52762312633833,1.7267665952890792,,6.2506803944055935,1.44700596923077
2026-08-19,9.32,-2.917,4958343004.959315,4555164884.059959,,,30.165267665952893,16.04556745182013,1.6764025695931477,,6.068368882902097,1.4048016284615392
2026-08-20,9.42,1.073,5011544110.162742,4604040043.760174,,,30.48892933618844,16.217730192719486,1.6943897216274089,,6.133480137010488,1.419874607307693
2026-08-21,9.5,0.849,5054104994.325482,4643140171.520345,,,30.74785867237688,16.35546038543897,1.7087794432548178,,6.1855691402972015,1.431932990384616
2026-08-24,9.44,-0.632,5022184331.203426,4613815075.700216,,,30.55366167023555,16.252162740899355,1.697987152034261,,6.146502387832166,1.4228892030769236
2026-08-25,9.54,1.059,5075385436.406853,4662690235.400431,,,30.87732334047109,16.424325481798714,1.7159743040685222,,6.211613641940557,1.4379621819230777
2026-08-26,9.58,0.419,5096665878.488224,4682240299.280517,,,31.00678800856531,16.493190578158462,1.7231691648822267,,6.237658143583914,1.4439913734615395
2026-08-27,9.41,0.0,5006223999.6424,4599152527.790153,,,30.45656316916488,16.200513918629554,1.6925910064239824,,6.126969011599648,1.418367309423078
2026-08-28,9.75,3.613,5187107757.334048,4765328070.770881,,,31.557012847965733,16.78586723768737,1.75374732334047,,6.348347275568179,1.469615437500001
2026-08-31,9.85,1.026,5240308862.537474,4814203230.471094,,,31.88067451820128,16.958029978586726,1.7717344753747306,,6.4134585296765705,1.484688416346155
2026-09-01,9.82,-0.305,5224348530.976446,4799540682.561029,,,31.783576017130617,16.906381156316918,1.7663383297644524,,6.393925153444053,1.4801665226923089
2026-09-02,9.75,-0.713,5187107757.334047,4765328070.77088,,,31.557012847965733,16.785867237687366,1.7537473233404692,,6.348347275568179,1.469615437500001
2026-09-03,9.81,0.615,5219028420.456103,4794653166.591008,,,31.751209850107063,16.889164882226982,1.764539614561026,,6.387414028033215,1.4786592248076933
2026-09-04,10.04,2.345,5341390962.423983,4907066033.9015,,,32.49563169164882,17.285139186295503,1.8059100642398265,,6.537169912482515,1.5133270761538469
2026-09-07,9.96,-0.797,5298830078.261243,4867965906.14133,,,32.23670235546038,17.14740899357602,1.7915203426124178,,6.485080909195804,1.501268693076924
2026-09-08,10.08,1.205,5362671404.505354,4926616097.781586,,,32.62509635974303,17.354004282655247,1.8131049250535312,,6.563214414125873,1.5193562676923085
2026-09-09,10.1,0.198,5373311625.546039,4936391129.721628,,,32.68982869379014,17.38843683083512,1.8167023554603832,,6.57623666494755,1.5223708634615392
2026-09-10,9.96,-1.386,5298830078.261243,4867965906.141329,,,32.23670235546038,17.14740899357602,1.7915203426124178,,6.485080909195804,1.501268693076924
2026-09-11,9.9,-0.602,5266909415.139187,4838640810.3212,,,32.04250535331905,17.044111349036402,1.7807280513918606,,6.446014156730769,1.4922249057692316
2026-09-14,9.8,-1.01,5213708309.935761,4789765650.620986,,,31.7188436830835,16.871948608137043,1.7627408993575993,,6.380902902622377,1.477151926923078
2026-09-15,9.61,-1.939,5112626210.049252,4696902847.190578,,,31.10388650963596,16.544839400428263,1.728565310492503,,6.257191519816431,1.4485132671153855
2026-09-16,9.57,-0.416,5091345767.967882,4677352783.310493,,,30.974421841541748,16.475974304068522,1.7213704496787987,,6.231147018173076,1.442484075576924
2026-09-17,9.53,-0.418,5070065325.886512,4657802719.430408,,,30.84495717344753,16.40710920770878,1.7141755888650945,,6.20510251652972,1.436454884038462
2026-09-18,9.49,-0.42,5048784883.805141,4638252655.550323,,,30.715492505353325,16.338244111349038,1.7069807280513902,,6.179058014886364,1.4304256925000007
2026-09-21,9.46,-0.316,5032824552.244114,4623590107.640259,,,30.61839400428266,16.286595289079234,1.7015845824411115,,6.159524638653847,1.4259037988461547
2026-09-22,9.45,-0.106,5027504441.72377,4618702591.670237,,,30.5860278372591,16.269379014989298,1.699785867237685,,6.153013513243007,1.4243965009615391
2026-09-23,9.39,-0.635,4995583778.601715,4589377495.850109,,,30.391830835117776,16.166081370449685,1.6889935760171286,,6.1139467607779725,1.415352713653847
2026-09-24,9.35,-0.426,4974303336.520344,4569827431.970023,,,30.26236616702356,16.09721627408994,1.681798715203424,,6.087902259134616,1.4093235221153857
2026-09-25,9.35,-0.426,4974303336.520344,4569827431.970023,,,30.262366167023565,16.09721627408994,1.681798715203424,,6.087902259134616,1.4093235221153857
2026-09-28,9.32,-0.321,4958343004.959316,4555164884.059959,,,30.165267665952904,16.045567451820137,1.6764025695931457,,6.0683688829020985,1.4048016284615397
2026-09-29,9.2,-1.288,4894501678.715205,4496514692.419702,,,29.77687366167024,15.83897216274091,1.654817987152032,,5.990235377972028,1.3867140538461549
2026-09-30,9.05,0.0,4814700020.910067,4423201952.869381,,,29.291381156316927,15.580728051391878,1.6278372591006405,,5.892568496809441,1.3641045855769245
2026-10-01,9.05,0.0,4814700020.910067,4423201952.869381,,,29.291381156316927,15.580728051391878,1.6278372591006405,,5.892568496809441,1.3641045855769245
2026-10-02,9.05,0.0,4814700020.910067,4423201952.869381,,,29.291381156316927,15.580728051391878,1.6278372591006405,,5.892568496809441,1.3641045855769245
2026-10-05,9.05,0.0,4814700020.910067,4423201952.869381,,,29.291381156316927,15.580728051391878,1.6278372591006405,,5.892568496809441,1.3641045855769245
2026-10-06,9.05,0.0,4814700020.910067,4423201952.869381,,,29.291381156316927,15.580728051391878,1.6278372591006405,,5.892568496809441,1.3641045855769245
2026-10-07,9.05,0.0,4814700020.910067,4423201952.869381,,,29.291381156316927,15.580728051391878,1.6278372591006405,,5.892568496809441,1.3641045855769245
2026-10-08,9.14,0.994,4862581015.59315,4467189596.599573,,,29.58267665952892,15.735674518201298,1.6440256959314756,,5.951168625506994,1.377670266538463
2026-10-09,9.29,1.641,4942382673.398289,4540502336.149894,,,30.068169164882235,15.99391862955033,1.6710064239828673,,6.04883550666958,1.4002797348076936
