数据日期,当日收盘价,当日涨跌幅,总市值,流通市值,总股本,流通股本,PE(TTM),PE(静),市净率,PEG值,市现率,市销率
2022-12-27,10.05,101.0,22339140000.0,2102538339.75,2222800000.0,209207795.0,82.20719441,200.62694423,4.37715446,0.20136571,100.26381777,6.14780344
2022-12-28,9.47,-5.771144278607,21049916000.0,1981197818.65,2222800000.0,209207795.0,77.46289862,189.04847382,4.12454256,0.1897446,94.47744819,5.79300483
2022-12-29,9.96,5.174234424498,22139088000.0,2083709638.2,2222800000.0,209207795.0,81.47101058,198.83028503,4.33795606,0.19956244,99.36593284,6.09274848
2022-12-30,8.95,-10.140562248996,19894060000.0,1872409765.25,2222800000.0,209207795.0,73.20939204,178.66777621,3.89806293,0.17932568,89.28966857,5.47490953
2023-01-03,9.1,1.675977653631,20227480000.0,1903790934.5,2222800000.0,209207795.0,74.43636509,49.15332692,3.2601383,0.16728187,90.78614346,5.56666779
2023-01-04,8.78,-3.516483516484,19516184000.0,1836844440.1,2222800000.0,209207795.0,71.81882258,47.42485828,3.14549607,0.16139943,87.59366369,5.37091684
2023-01-05,8.54,-2.733485193622,18982712000.0,1786634569.3,2222800000.0,209207795.0,69.8556657,46.1285068,3.0595144,0.1569876,85.19930386,5.22410362
2023-01-06,8.74,2.341920374707,19427272000.0,1828476128.3,2222800000.0,209207795.0,71.49162977,47.2087997,3.13116579,0.16066413,87.19460372,5.34644797
2023-01-09,8.76,0.228832951945,19471728000.0,1832660284.2,2222800000.0,209207795.0,71.65522617,47.31682899,3.13833093,0.16103178,87.3941337,5.3586824
2023-01-10,9.14,4.337899543379,20316392000.0,1912159246.3,2222800000.0,209207795.0,74.7635579,49.3693855,3.27446857,0.16801718,91.18520343,5.59113666
2023-01-11,8.89,-2.7352297593,19760692000.0,1859857297.55,2222800000.0,209207795.0,72.71860282,48.01901938,3.18490433,0.16342152,88.69107861,5.43820623
2023-01-12,9.18,3.26209223847,20405304000.0,1920527558.1,2222800000.0,209207795.0,75.09075072,49.58544408,3.28879885,0.16875248,91.5842634,5.61560553
2023-01-13,9.08,-1.089324618736,20183024000.0,1899606778.6,2222800000.0,209207795.0,74.27276868,49.04529763,3.25297316,0.16691422,90.58661347,5.55443336
2023-01-16,9.08,0.0,20183024000.0,1899606778.6,2222800000.0,209207795.0,74.27276868,49.04529763,3.25297316,0.16691422,90.58661347,5.55443336
2023-01-17,8.79,-3.193832599119,19538412000.0,1838936518.05,2222800000.0,209207795.0,71.90062078,47.47887293,3.14907864,0.16158326,87.69342868,5.37703405
2023-01-18,8.75,-0.455062571104,19449500000.0,1830568206.25,2222800000.0,209207795.0,71.57342797,47.26281435,3.13474836,0.16084795,87.29436871,5.35256518
2023-01-19,8.73,-0.228571428571,19405044000.0,1826384050.35,2222800000.0,209207795.0,71.40983156,47.15478506,3.12758322,0.1604803,87.09483872,5.34033075
2023-01-20,8.84,1.260022909507,19649552000.0,1849396907.8,2222800000.0,209207795.0,72.3096118,47.74894615,3.16699149,0.16250239,88.19225364,5.40762014
2023-01-30,9.16,3.619909502262,20360848000.0,1916343402.2,2222800000.0,209207795.0,74.92715431,49.47741479,3.28163371,0.16838483,91.38473341,5.6033711
2023-01-31,9.12,-0.436681222707,20271936000.0,1907975090.4,2222800000.0,209207795.0,74.5999615,49.26135621,3.26730343,0.16764952,90.98567344,5.57890223
2023-02-01,9.21,0.986842105263,20471988000.0,1926803791.95,2222800000.0,209207795.0,75.33614533,49.74748802,3.29954656,0.16930396,91.88355838,5.63395718
2023-02-02,9.3,0.977198697068,20672040000.0,1945632493.5,2222800000.0,209207795.0,76.07232916,50.23361982,3.33178969,0.1709584,92.78144331,5.68901214
2023-02-03,9.19,-1.182795698925,20427532000.0,1922619636.05,2222800000.0,209207795.0,75.17254892,49.63945873,3.29238142,0.16893631,91.68402839,5.62172275
2023-02-06,9.05,-1.523394994559,20116340000.0,1893330544.75,2222800000.0,209207795.0,74.02737407,48.8832537,3.24222545,0.16636274,90.28731849,5.53608171
2023-02-07,9.13,0.883977900552,20294164000.0,1910067168.35,2222800000.0,209207795.0,74.6817597,49.31537086,3.270886,0.16783335,91.08543844,5.58501944
2023-02-08,9.03,-1.095290251917,20071884000.0,1889146388.85,2222800000.0,209207795.0,73.86377767,48.77522441,3.23506031,0.16599509,90.08778851,5.52384727
2023-02-09,9.08,0.553709856035,20183024000.0,1899606778.6,2222800000.0,209207795.0,74.27276868,49.04529763,3.25297316,0.16691422,90.58661347,5.55443336
2023-02-10,9.06,-0.220264317181,20138568000.0,1895422622.7,2222800000.0,209207795.0,74.10917228,48.93726834,3.24580802,0.16654657,90.38708349,5.54219892
2023-02-13,9.27,2.317880794702,20605356000.0,1939356259.65,2222800000.0,209207795.0,75.82693455,50.07157589,3.32104198,0.17040692,92.48214833,5.67066049
2023-02-14,9.3,0.323624595469,20672040000.0,1945632493.5,2222800000.0,209207795.0,76.07232916,50.23361982,3.33178969,0.1709584,92.78144331,5.68901214
2023-02-15,9.33,0.322580645161,20738724000.0,1951908727.35,2222800000.0,209207795.0,76.31772377,50.39566376,3.3425374,0.17150987,93.08073829,5.70736379
2023-02-16,9.04,-3.108252947481,20094112000.0,1891238466.8,2222800000.0,209207795.0,73.94557587,48.82923905,3.23864288,0.16617891,90.1875535,5.52996449
2023-02-17,10.36,14.601769911504,23028208000.0,2167392756.2,2222800000.0,209207795.0,84.74293872,55.95917219,3.71154206,0.19044398,103.35653255,6.33743718
2023-02-20,10.3,-0.579150579151,22894840000.0,2154840288.5,2222800000.0,209207795.0,84.2521495,55.63508432,3.69004664,0.18934102,102.75794259,6.30073387
2023-02-21,10.4,0.970873786408,23117120000.0,2175761068.0,2222800000.0,209207795.0,85.07013153,56.17523077,3.72587234,0.19117928,103.75559252,6.36190605
2023-02-22,10.25,-1.442307692308,22783700000.0,2144379898.75,2222800000.0,209207795.0,83.84315848,55.36501109,3.67213379,0.18842189,102.25911763,6.27014779
2023-02-23,9.78,-4.585365853659,21738984000.0,2046052235.1,2222800000.0,209207795.0,79.99864292,52.82632278,3.50375303,0.17978205,97.57016297,5.98263857
2023-02-24,9.66,-1.226993865031,21472248000.0,2020947299.7,2222800000.0,209207795.0,79.01706448,52.17814704,3.46076219,0.17757614,96.37298305,5.90923196
2023-02-27,9.66,0.0,21472248000.0,2020947299.7,2222800000.0,209207795.0,79.01706448,52.17814704,3.46076219,0.17757614,96.37298305,5.90923196
2023-02-28,9.95,3.002070393375,22116860000.0,2081617560.25,2222800000.0,209207795.0,81.38921238,53.74457174,3.56465671,0.1829071,99.26616785,6.08663127
2023-03-01,9.8,-1.507537688442,21783440000.0,2050236391.0,2222800000.0,209207795.0,80.16223933,52.93435207,3.51091816,0.18014971,97.76969295,5.99487301
2023-03-02,9.65,-1.530612244898,21450020000.0,2018855221.75,2222800000.0,209207795.0,78.93526628,52.1241324,3.45717962,0.17739231,96.27321806,5.90311475
2023-03-03,9.72,0.725388601036,21605616000.0,2033499767.4,2222800000.0,209207795.0,79.5078537,52.50223491,3.48225761,0.1786791,96.97157301,5.94593527
2023-03-06,9.5,-2.263374485597,21116600000.0,1987474052.5,2222800000.0,209207795.0,77.70829323,51.31391272,3.40344108,0.17463492,94.77674317,5.81135649
2023-03-07,9.2,-3.157894736842,20449760000.0,1924711714.0,2222800000.0,209207795.0,75.25434712,49.69347337,3.29596399,0.16912013,91.78379339,5.62783997
2023-03-08,9.35,1.630434782609,20783180000.0,1956092883.25,2222800000.0,209207795.0,76.48132018,50.50369305,3.34970253,0.17187753,93.28026828,5.71959823
2023-03-09,9.38,0.320855614973,20849864000.0,1962369117.1,2222800000.0,209207795.0,76.72671479,50.66573698,3.36045024,0.17242901,93.57956326,5.73794988
2023-03-10,9.27,-1.172707889126,20605356000.0,1939356259.65,2222800000.0,209207795.0,75.82693455,50.07157589,3.32104198,0.17040692,92.48214833,5.67066049
2023-03-13,9.53,2.804746494067,21183284000.0,1993750286.35,2222800000.0,209207795.0,51.47595974,51.47595666,3.41418879,0.1751864,95.07603815,5.54440742
2023-03-14,9.52,-0.104931794334,21161056000.0,1991658208.4,2222800000.0,209207795.0,51.42194509,51.42194201,3.41060622,0.17500257,94.97627316,5.53858957
2023-03-15,9.6,0.840336134454,21338880000.0,2008394832.0,2222800000.0,209207795.0,51.85406228,51.85405917,3.43926677,0.17647318,95.7743931,5.58513234
2023-03-16,9.31,-3.020833333333,20694268000.0,1947724571.45,2222800000.0,209207795.0,50.28763748,50.28763447,3.33537226,0.17114222,92.88120831,5.4164148
2023-03-17,9.29,-0.214822771214,20649812000.0,1943540415.55,2222800000.0,209207795.0,50.17960818,50.17960518,3.32820712,0.17077457,92.68167832,5.40477911
2023-03-20,9.1,-2.045209903122,20227480000.0,1903790934.5,2222800000.0,209207795.0,49.15332987,49.15332692,3.2601383,0.16728187,90.78614346,5.29424003
2023-03-21,9.26,1.758241758242,20583128000.0,1937264181.7,2222800000.0,209207795.0,50.01756424,50.01756124,3.31745941,0.17022309,92.38238334,5.38732557
2023-03-22,9.2,-0.647948164147,20449760000.0,1924711714.0,2222800000.0,209207795.0,49.69347635,49.69347337,3.29596399,0.16912013,91.78379339,5.35241849
2023-03-23,9.23,0.326086956522,20516444000.0,1930987947.85,2222800000.0,209207795.0,49.85552029,49.85551731,3.3067117,0.16967161,92.08308836,5.36987203
2023-03-24,9.45,2.383531960997,21005460000.0,1977013662.75,2222800000.0,209207795.0,51.04384255,51.0438395,3.38552823,0.17371579,94.27791821,5.49786465
2023-03-27,9.84,4.126984126984,21872352000.0,2058604702.8,2222800000.0,209207795.0,53.15041383,53.15041065,3.52524844,0.18088501,98.16875293,5.72476065
2023-03-28,9.59,-2.540650406504,21316652000.0,2006302754.05,2222800000.0,209207795.0,51.80004763,51.80004453,3.4356842,0.17628936,95.6746281,5.57931449
2023-03-29,9.5,-0.938477580813,21116600000.0,1987474052.5,2222800000.0,209207795.0,51.31391579,51.31391272,3.40344108,0.17463492,94.77674317,5.52695388
2023-03-30,9.48,-0.210526315789,21072144000.0,1983289896.6,2222800000.0,209207795.0,51.2058865,51.20588343,3.39627594,0.17426727,94.57721318,5.51531819
2023-03-31,9.59,1.160337552743,21316652000.0,2006302754.05,2222800000.0,209207795.0,51.80004763,51.80004453,3.34120367,0.17628936,95.6746281,5.57931449
2023-04-03,9.54,-0.521376433785,21205512000.0,1995842364.3,2222800000.0,209207795.0,51.52997439,51.5299713,3.32378342,0.17537023,95.17580314,5.55022526
2023-04-04,9.27,-2.830188679245,20605356000.0,1939356259.65,2222800000.0,209207795.0,50.07157589,50.07157589,3.22971408,0.17040692,29.79210878,5.39314348
2023-04-06,9.59,3.451995685005,21316652000.0,2006302754.05,2222800000.0,209207795.0,51.80004453,51.80004453,3.34120367,0.17628936,30.82053109,5.57931456
2023-04-07,9.66,0.729927007299,21472248000.0,2020947299.7,2222800000.0,209207795.0,52.17814704,52.17814704,3.36559201,0.17757614,31.04549847,5.62003948
2023-04-10,9.44,-2.277432712215,20983232000.0,1974921584.8,2222800000.0,209207795.0,50.98982485,50.98982485,3.28894292,0.17353196,30.33845813,5.49204686
2023-04-11,9.39,-0.529661016949,20872092000.0,1964461195.05,2222800000.0,209207795.0,50.71975163,50.71975163,3.27152267,0.17261283,30.17776715,5.46295763
2023-04-12,9.36,-0.319488817891,20805408000.0,1958184961.2,2222800000.0,209207795.0,50.55770769,50.55770769,3.26107052,0.17206135,30.08135256,5.44550409
2023-04-13,9.22,-1.495726495726,20494216000.0,1928895869.9,2222800000.0,209207795.0,49.80150266,49.80150266,3.21229383,0.16948779,29.63141779,5.36405424
2023-04-14,9.28,0.650759219089,20627584000.0,1941448337.6,2222800000.0,209207795.0,50.12559053,50.12559053,3.23319813,0.17059074,29.82424698,5.39896132
2023-04-17,9.27,-0.10775862069,20605356000.0,1939356259.65,2222800000.0,209207795.0,50.07157589,50.07157589,3.22971408,0.17040692,29.79210878,5.39314348
2023-04-18,9.13,-1.51024811219,20294164000.0,1910067168.35,2222800000.0,209207795.0,49.31537086,49.31537086,3.18093738,0.16783335,29.34217402,5.31169363
2023-04-19,9.16,0.328587075575,20360848000.0,1916343402.2,2222800000.0,209207795.0,49.47741479,49.47741479,3.19138953,0.16838483,29.43858861,5.32914717
2023-04-20,9.25,0.982532751092,20560900000.0,1935172103.75,2222800000.0,209207795.0,49.9635466,49.9635466,3.22274598,0.17003926,29.72783239,5.38150778
2023-04-21,9.23,-0.216216216216,20516444000.0,1930987947.85,2222800000.0,209207795.0,49.85551731,49.85551731,3.21577788,0.16967161,29.66355599,5.36987209
2023-04-24,9.39,1.733477789816,20872092000.0,1964461195.05,2222800000.0,209207795.0,50.71975163,50.71975163,3.27152267,0.17261283,30.17776715,5.46295763
2023-04-25,9.55,1.703940362087,21227740000.0,1997934442.25,2222800000.0,209207795.0,43.64533086,51.58398595,3.32726747,0.17555405,32.99096128,5.18597013
2023-04-26,9.48,-0.732984293194,21072144000.0,1983289896.6,2222800000.0,209207795.0,43.32541744,51.20588343,3.30287912,0.17426727,32.74914272,5.14795778
2023-04-27,9.64,1.68776371308,21427792000.0,2016763143.8,2222800000.0,209207795.0,44.05664811,52.07011775,3.35862392,0.17720849,33.30187087,5.23484315
2023-04-28,9.56,-0.829875518672,21249968000.0,2000026520.2,2222800000.0,209207795.0,43.69103277,51.63800059,3.33075152,0.17573788,33.02550679,5.19140047
2023-05-04,9.55,-0.10460251046,21227740000.0,1997934442.25,2222800000.0,209207795.0,43.64533086,51.58398595,3.32726747,0.17555405,32.99096128,5.18597013
2023-05-05,9.17,-3.979057591623,20383076000.0,1918435480.15,2222800000.0,209207795.0,41.908658,49.53142944,3.19487358,0.16856865,31.67823194,4.97961739
2023-05-08,9.21,0.436205016358,20471988000.0,1926803791.95,2222800000.0,209207795.0,42.09146567,49.74748802,3.20880978,0.16930396,31.81641397,5.00133873
2023-05-09,9.1,-1.194353963084,20227480000.0,1903790934.5,2222800000.0,209207795.0,41.58874458,49.15332692,3.17048523,0.16728187,31.43641337,4.94160505
2023-05-10,8.86,-2.637362637363,19694008000.0,1853581063.7,2222800000.0,209207795.0,40.49189857,47.85697544,3.08686804,0.16287004,30.60732115,4.811277
2023-05-11,8.83,-0.338600451467,19627324000.0,1847304829.85,2222800000.0,209207795.0,40.35479282,47.69493151,3.07641589,0.16231856,30.50368462,4.794986
2023-05-12,8.85,0.226500566251,19671780000.0,1851488985.75,2222800000.0,209207795.0,40.44619666,47.8029608,3.08338399,0.16268622,30.57277564,4.80584667
2023-05-15,8.95,1.129943502825,19894060000.0,1872409765.25,2222800000.0,209207795.0,40.90321583,48.34310725,3.11822449,0.16452448,30.91823073,4.86015002
2023-05-16,9.09,1.564245810056,20205252000.0,1901698856.55,2222800000.0,209207795.0,41.54304267,49.09931228,3.16700118,0.16709804,31.40186786,4.93617471
2023-05-17,9.01,-0.880088008801,20027428000.0,1884962232.95,2222800000.0,209207795.0,41.17742733,48.66719512,3.13912878,0.16562743,31.12550379,4.89273203
2023-05-18,8.88,-1.442841287458,19738464000.0,1857765219.6,2222800000.0,209207795.0,40.58330241,47.96500473,3.09383614,0.16323769,30.67641217,4.82213767
2023-05-19,8.88,0.0,19738464000.0,1857765219.6,2222800000.0,209207795.0,40.58330241,47.96500473,3.09383614,0.16323769,30.67641217,4.82213767
2023-05-22,8.9,0.225225225225,19782920000.0,1861949375.5,2222800000.0,209207795.0,40.67470624,48.07303402,3.10080424,0.16360535,30.74550319,4.83299834
2023-05-23,9.78,9.887640449438,21738984000.0,2046052235.1,2222800000.0,209207795.0,44.69647495,52.82632278,3.40740061,0.17978205,33.785508,5.31086784
2023-05-24,9.66,-1.226993865031,21472248000.0,2020947299.7,2222800000.0,209207795.0,44.14805194,52.17814704,3.36559201,0.17757614,33.37096189,5.24570382
2023-05-25,9.94,2.898550724638,22094632000.0,2079525482.3,2222800000.0,209207795.0,45.42770562,53.6905571,3.46314541,0.18272327,34.33823614,5.3977532
2023-05-26,9.66,-2.816901408451,21472248000.0,2020947299.7,2222800000.0,209207795.0,44.14805194,52.17814704,3.36559201,0.17757614,33.37096189,5.24570382
2023-05-29,9.59,0.208986415883,21316652000.0,2006302754.05,2222800000.0,209207795.0,43.82813852,51.80004453,3.34120367,0.17628936,33.12914332,5.20769147
2023-05-30,9.44,-1.564129301356,20983232000.0,1974921584.8,2222800000.0,209207795.0,43.14260977,50.98982485,3.28894292,0.17353196,32.61096068,5.12623644
2023-05-31,9.38,-0.635593220339,20849864000.0,1962369117.1,2222800000.0,209207795.0,42.86839826,50.66573698,3.26803862,0.17242901,32.40368763,5.09365443
2023-06-01,9.39,0.106609808102,20872092000.0,1964461195.05,2222800000.0,209207795.0,42.91410018,50.71975163,3.27152267,0.17261283,32.43823314,5.09908477
2023-06-02,9.35,-0.425985090522,20783180000.0,1956092883.25,2222800000.0,209207795.0,42.73129251,50.50369305,3.25758647,0.17187753,32.3000511,5.07736343
2023-06-05,9.5,1.604278074866,21116600000.0,1987474052.5,2222800000.0,209207795.0,43.41682127,51.31391272,3.30984722,0.17463492,32.81823374,5.15881845
2023-06-06,9.44,-0.631578947368,20983232000.0,1974921584.8,2222800000.0,209207795.0,43.14260977,50.98982485,3.28894292,0.17353196,32.61096068,5.12623644
2023-06-07,9.16,-2.966101694915,20360848000.0,1916343402.2,2222800000.0,209207795.0,41.86295609,49.47741479,3.19138953,0.16838483,31.64368643,4.97418706
2023-06-08,9.14,-0.218340611354,20316392000.0,1912159246.3,2222800000.0,209207795.0,41.77155225,49.3693855,3.18442143,0.16801718,31.57459541,4.96332639
2023-06-09,9.43,3.172866520788,20961004000.0,1972829506.85,2222800000.0,209207795.0,43.09690785,50.93581021,3.28545887,0.17334814,32.57641517,5.12080611
2023-06-12,9.37,-0.636267232238,20827636000.0,1960277039.15,2222800000.0,209207795.0,42.82269635,50.61172234,3.26455457,0.17224518,32.36914212,5.0882241
2023-06-13,9.32,-0.533617929562,20716496000.0,1949816649.4,2222800000.0,209207795.0,42.59418676,50.34164911,3.24713432,0.17132605,32.19641457,5.06107242
2023-06-14,9.18,-1.502145922747,20405304000.0,1920527558.1,2222800000.0,209207795.0,41.95435992,49.58544408,3.19835763,0.16875248,31.71277744,4.98504773
2023-06-15,9.21,0.326797385621,20471988000.0,1926803791.95,2222800000.0,209207795.0,42.09146567,49.74748802,3.20880978,0.16930396,31.81641397,5.00133873
2023-06-16,9.23,0.217155266015,20516444000.0,1930987947.85,2222800000.0,209207795.0,42.18286951,49.85551731,3.21577788,0.16967161,31.88550499,5.0121994
2023-06-19,9.07,-1.733477789816,20160796000.0,1897514700.65,2222800000.0,209207795.0,41.45163883,48.99128299,3.16003308,0.16673039,31.33277684,4.92531404
2023-06-20,8.94,-1.433296582139,19871832000.0,1870317687.3,2222800000.0,209207795.0,40.85751391,48.2890926,3.11474044,0.16434065,30.88368522,4.85471968
2023-06-21,8.67,-3.020134228188,19271676000.0,1813831582.65,2222800000.0,209207795.0,39.62356215,46.83069719,3.02067109,0.15937734,29.95095648,4.70810063
2023-06-26,8.77,1.153402537486,19493956000.0,1834752362.15,2222800000.0,209207795.0,40.08058132,47.37084364,3.05551159,0.16121561,30.29641157,4.76240398
2023-06-27,8.84,0.798175598632,19649552000.0,1849396907.8,2222800000.0,209207795.0,40.40049474,47.74894615,3.07989994,0.16250239,30.53823013,4.80041633
2023-06-28,8.78,-0.678733031674,19516184000.0,1836844440.1,2222800000.0,209207795.0,40.12628324,47.42485828,3.05899564,0.16139943,30.33095708,4.76783432
2023-06-29,8.85,0.797266514806,19671780000.0,1851488985.75,2222800000.0,209207795.0,40.44619666,47.8029608,3.08338399,0.16268622,30.57277564,4.80584667
2023-06-30,8.96,1.242937853107,19916288000.0,1874501843.2,2222800000.0,209207795.0,40.94891774,48.39712189,3.11478827,0.1647083,30.95277624,4.86558035
2023-07-03,8.95,-0.111607142857,19894060000.0,1872409765.25,2222800000.0,209207795.0,40.90321583,48.34310725,3.11131195,0.16452448,30.91823073,4.86015002
2023-07-04,8.86,-1.005586592179,19694008000.0,1853581063.7,2222800000.0,209207795.0,40.49189857,47.85697544,3.08002501,0.16287004,30.60732115,4.811277
2023-07-05,8.67,-2.144469525959,19271676000.0,1931676000.0,2222800000.0,222800000.0,39.62356215,46.83069719,3.01397481,0.15937734,29.95095648,4.70810063
2023-07-06,8.66,-0.115340253749,19249448000.0,1929448000.0,2222800000.0,222800000.0,39.57786023,46.77668254,3.01049849,0.15919352,29.91641097,4.7026703
2023-07-07,8.73,0.80831408776,19405044000.0,1945044000.0,2222800000.0,222800000.0,39.89777365,47.15478506,3.03483277,0.1604803,30.15822953,4.74068264
2023-07-10,8.67,-0.687285223368,19271676000.0,1931676000.0,2222800000.0,222800000.0,39.62356215,46.83069719,3.01397481,0.15937734,29.95095648,4.70810063
2023-07-11,8.77,1.153402537486,19493956000.0,1953956000.0,2222800000.0,222800000.0,40.08058132,47.37084364,3.04873807,0.16121561,30.29641157,4.76240398
2023-07-12,8.64,-1.482326111745,19204992000.0,1924992000.0,2222800000.0,222800000.0,39.4864564,46.66865325,3.00354583,0.15882586,29.84731995,4.69180963
2023-07-13,8.79,1.736111111111,19538412000.0,1958412000.0,2222800000.0,222800000.0,40.17198515,47.47887293,3.05569073,0.16158326,30.36550259,4.77326465
2023-07-14,8.81,0.227531285552,19582868000.0,1962868000.0,2222800000.0,222800000.0,40.26338899,47.58690222,3.06264338,0.16195091,30.4345936,4.78412532
2023-07-17,8.75,-0.681044267877,19449500000.0,1949500000.0,2222800000.0,222800000.0,39.98917749,47.26281435,3.04178542,0.16084795,30.22732055,4.75154331
2023-07-18,8.81,0.685714285714,19582868000.0,1962868000.0,2222800000.0,222800000.0,40.26338899,47.58690222,3.06264338,0.16195091,30.4345936,4.78412532
2023-07-19,8.86,0.567536889898,19694008000.0,1974008000.0,2222800000.0,222800000.0,40.49189857,47.85697544,3.08002501,0.16287004,30.60732115,4.811277
2023-07-20,8.74,-1.354401805869,19427272000.0,1947272000.0,2222800000.0,222800000.0,39.94347557,47.2087997,3.0383091,0.16066413,30.19277504,4.74611298
2023-07-21,8.85,1.258581235698,19671780000.0,1971780000.0,2222800000.0,222800000.0,40.44619666,47.8029608,3.07654868,0.16268622,30.57277564,4.80584667
2023-07-24,8.9,0.564971751412,19782920000.0,1982920000.0,2222800000.0,222800000.0,40.67470624,48.07303402,3.09393032,0.16360535,30.74550319,4.83299834
2023-07-25,8.92,0.224719101124,19827376000.0,1987376000.0,2222800000.0,222800000.0,40.76611008,48.18106331,3.10088297,0.163973,30.81459421,4.84385901
2023-07-26,8.98,0.67264573991,19960744000.0,2000744000.0,2222800000.0,222800000.0,41.04032158,48.50515118,3.12174092,0.16507596,31.02186726,4.87644102
2023-07-27,8.88,-1.113585746102,19738464000.0,1978464000.0,2222800000.0,222800000.0,40.58330241,47.96500473,3.08697766,0.16323769,30.67641217,4.82213767
2023-07-28,8.98,1.126126126126,19960744000.0,2000744000.0,2222800000.0,222800000.0,41.04032158,48.50515118,3.12174092,0.16507596,31.02186726,4.87644102
2023-07-31,8.98,0.0,19960744000.0,2000744000.0,2222800000.0,222800000.0,41.04032158,48.50515118,3.12174092,0.16507596,31.02186726,4.87644102
2023-08-01,8.89,-1.002227171492,19760692000.0,1980692000.0,2222800000.0,222800000.0,40.62900432,48.01901938,3.09045399,0.16342152,30.71095768,4.82756801
2023-08-02,8.76,-1.462317210349,19471728000.0,1951728000.0,2222800000.0,222800000.0,40.0348794,47.31682899,3.04526175,0.16103178,30.26186606,4.75697365
2023-08-03,8.86,1.141552511416,19694008000.0,1974008000.0,2222800000.0,222800000.0,40.49189857,47.85697544,3.08002501,0.16287004,30.60732115,4.811277
2023-08-04,8.86,0.0,19694008000.0,1974008000.0,2222800000.0,222800000.0,40.49189857,47.85697544,3.08002501,0.16287004,30.60732115,4.811277
2023-08-07,8.76,-1.128668171558,19471728000.0,1951728000.0,2222800000.0,222800000.0,40.0348794,47.31682899,3.04526175,0.16103178,30.26186606,4.75697365
2023-08-08,8.92,1.826484018265,19827376000.0,1987376000.0,2222800000.0,222800000.0,40.76611008,48.18106331,3.10088297,0.163973,30.81459421,4.84385901
2023-08-09,9.2,3.139013452915,20449760000.0,2049760000.0,2222800000.0,222800000.0,42.04576376,49.69347337,3.1982201,0.16912013,31.78186846,4.9959084
2023-08-10,9.14,-0.652173913043,20316392000.0,2036392000.0,2222800000.0,222800000.0,41.77155225,49.3693855,3.17736214,0.16801718,31.57459541,4.96332639
2023-08-11,9.3,1.750547045952,20672040000.0,2072040000.0,2222800000.0,222800000.0,42.50278293,50.23361982,3.23298336,0.1709584,32.12732355,5.05021175
2023-08-14,9.19,-1.182795698925,20427532000.0,2047532000.0,2222800000.0,222800000.0,42.00006184,49.63945873,3.19474377,0.16893631,31.74732295,4.99047806
2023-08-15,9.42,2.502720348205,20938776000.0,2098776000.0,2222800000.0,222800000.0,43.05120593,50.88179556,3.27469928,0.17316431,32.54186966,5.11537577
2023-08-16,9.28,-1.486199575372,20627584000.0,2067584000.0,2222800000.0,222800000.0,42.41137909,50.12559053,3.22603071,0.17059074,32.05823254,5.03935108
2023-08-17,9.2,-0.862068965517,20449760000.0,2049760000.0,2222800000.0,222800000.0,42.04576376,49.69347337,3.1982201,0.16912013,31.78186846,4.9959084
2023-08-18,8.88,-3.478260869565,19738464000.0,1978464000.0,2222800000.0,222800000.0,40.58330241,47.96500473,3.08697766,0.16323769,30.67641217,4.82213767
2023-08-21,8.77,-1.238738738739,19493956000.0,1953956000.0,2222800000.0,222800000.0,40.08058132,47.37084364,3.04873807,0.16121561,30.29641157,4.76240398
2023-08-22,8.83,0.684150513113,19627324000.0,1967324000.0,2222800000.0,222800000.0,34.72426568,47.69493151,3.06959603,0.16231856,11.76567076,4.61385808
2023-08-23,8.73,-1.132502831257,19405044000.0,1945044000.0,2222800000.0,222800000.0,34.33101239,47.15478506,3.03483277,0.1604803,11.63242421,4.561606
2023-08-24,8.88,1.718213058419,19738464000.0,1978464000.0,2222800000.0,222800000.0,34.92089233,47.96500473,3.08697766,0.16323769,11.83229404,4.63998411
2023-08-25,8.63,-2.815315315315,19182764000.0,1922764000.0,2222800000.0,222800000.0,33.9377591,46.61463861,3.00006951,0.15864204,11.49917765,4.50935393
2023-08-28,8.66,0.347624565469,19249448000.0,1929448000.0,2222800000.0,222800000.0,34.05573509,46.77668254,3.01049849,0.15919352,11.53915162,4.52502955
2023-08-29,8.91,2.886836027714,19805148000.0,1985148000.0,2222800000.0,222800000.0,35.03886832,48.12704867,3.09740664,0.16378917,11.87226801,4.65565974
2023-08-30,8.91,0.0,19805148000.0,1985148000.0,2222800000.0,222800000.0,35.03886832,48.12704867,3.09740664,0.16378917,11.87226801,4.65565974
2023-08-31,9.13,2.469135802469,20294164000.0,2034164000.0,2222800000.0,222800000.0,35.90402556,49.31537086,3.17388582,0.16783335,12.16541043,4.7706143
2023-09-01,9.11,-0.219058050383,20249708000.0,2029708000.0,2222800000.0,222800000.0,35.8253749,49.20734157,3.16693317,0.1674657,12.13876111,4.76016388
2023-09-04,9.06,-0.548847420417,20138568000.0,2018568000.0,2222800000.0,222800000.0,35.62874825,48.93726834,3.14955153,0.16654657,12.07213784,4.73403785
2023-09-05,9.06,0.0,20138568000.0,2018568000.0,2222800000.0,222800000.0,35.62874825,48.93726834,3.14955153,0.16654657,12.07213784,4.73403785
2023-09-06,9.0,-0.662251655629,20005200000.0,2005200000.0,2222800000.0,222800000.0,35.39279628,48.61318047,3.12869358,0.16544361,11.9921899,4.7026866
2023-09-07,8.77,-2.555555555556,19493956000.0,1953956000.0,2222800000.0,222800000.0,34.48831371,47.37084364,3.04873807,0.16121561,11.68572283,4.58250683
2023-09-08,8.79,0.228050171038,19538412000.0,1958412000.0,2222800000.0,222800000.0,34.56696437,47.47887293,3.05569073,0.16158326,11.71237214,4.59295725
2023-09-11,8.87,0.910125142207,19716236000.0,1976236000.0,2222800000.0,222800000.0,34.881567,47.91099009,3.08350134,0.16305387,11.81896938,4.63475891
2023-09-12,8.98,1.240135287486,19960744000.0,2000744000.0,2222800000.0,222800000.0,35.31414562,48.50515118,3.12174092,0.16507596,11.96554059,4.69223619
2023-09-13,8.85,-1.447661469933,19671780000.0,1971780000.0,2222800000.0,222800000.0,34.80291634,47.8029608,3.07654868,0.16268622,11.79232007,4.62430849
2023-09-14,8.86,0.112994350282,19694008000.0,1974008000.0,2222800000.0,222800000.0,34.84224167,47.85697544,3.08002501,0.16287004,11.80564473,4.6295337
2023-09-15,9.07,2.370203160271,20160796000.0,2020796000.0,2222800000.0,222800000.0,35.66807358,48.99128299,3.15302786,0.16673039,12.08546249,4.73926305
2023-09-18,9.09,0.220507166483,20205252000.0,2025252000.0,2222800000.0,222800000.0,35.74672424,49.09931228,3.15998051,0.16709804,12.1121118,4.74971347
2023-09-19,9.05,-0.4400440044,20116340000.0,2016340000.0,2222800000.0,222800000.0,35.58942293,48.8832537,3.14607521,0.16636274,12.05881318,4.72881264
2023-09-20,9.0,-0.552486187845,20005200000.0,2005200000.0,2222800000.0,222800000.0,35.39279628,48.61318047,3.12869358,0.16544361,11.9921899,4.7026866
2023-09-21,8.79,-2.333333333333,19538412000.0,1958412000.0,2222800000.0,222800000.0,34.56696437,47.47887293,3.05569073,0.16158326,11.71237214,4.59295725
2023-09-22,8.95,1.820250284414,19894060000.0,1994060000.0,2222800000.0,222800000.0,35.19616963,48.34310725,3.11131195,0.16452448,11.92556663,4.67656057
2023-09-25,9.09,1.564245810056,20205252000.0,2025252000.0,2222800000.0,222800000.0,35.74672424,49.09931228,3.15998051,0.16709804,12.1121118,4.74971347
2023-09-26,8.91,-1.980198019802,19805148000.0,1985148000.0,2222800000.0,222800000.0,35.03886832,48.12704867,3.09740664,0.16378917,11.87226801,4.65565974
2023-09-27,9.07,1.795735129068,20160796000.0,2020796000.0,2222800000.0,222800000.0,35.66807358,48.99128299,3.15302786,0.16673039,12.08546249,4.73926305
2023-09-28,9.03,-0.441014332966,20071884000.0,2011884000.0,2222800000.0,222800000.0,35.51077227,48.77522441,3.13912256,0.16599509,12.03216387,4.71836222
2023-10-09,8.99,-0.442967884828,19982972000.0,2002972000.0,2222800000.0,222800000.0,35.35347095,48.55916583,3.00403349,0.16525978,11.97886525,4.69746139
2023-10-10,8.84,-1.66852057842,19649552000.0,1969552000.0,2222800000.0,222800000.0,34.76359101,47.74894615,2.95391058,0.16250239,11.77899542,4.61908328
2023-10-11,9.04,2.262443438914,20094112000.0,2014112000.0,2222800000.0,222800000.0,35.5500976,48.82923905,3.02074113,0.16617891,12.04548853,4.72358743
2023-10-12,9.17,1.438053097345,20383076000.0,2043076000.0,2222800000.0,222800000.0,36.06132688,49.53142944,3.06418099,0.16856865,12.21870905,4.79151513
2023-10-13,9.16,-0.109051254089,20360848000.0,2040848000.0,2222800000.0,222800000.0,36.02200155,49.47741479,3.06083946,0.16838483,12.20538439,4.78628992
2023-10-16,9.07,-0.982532751092,20160796000.0,2020796000.0,2222800000.0,222800000.0,35.66807358,48.99128299,3.03076571,0.16673039,12.08546249,4.73926305
2023-10-17,8.98,-0.992282249173,19960744000.0,2000744000.0,2222800000.0,222800000.0,35.31414562,48.50515118,3.00069196,0.16507596,11.96554059,4.69223619
2023-10-18,8.7,-3.118040089087,19338360000.0,1938360000.0,2222800000.0,222800000.0,34.2130364,46.99274112,2.90712919,0.15992882,11.59245024,4.54593038
2023-10-19,8.42,-3.218390804598,18715976000.0,1875976000.0,2222800000.0,222800000.0,33.11192719,45.48033106,2.81356641,0.15478169,11.21935989,4.39962458
2023-10-20,8.46,0.475059382423,18804888000.0,1884888000.0,2222800000.0,222800000.0,33.2692285,45.69638964,2.82693252,0.15551699,11.27265851,4.42052541
2023-10-23,8.06,-4.728132387707,17915768000.0,1795768000.0,2222800000.0,222800000.0,31.69621533,43.53580385,2.69327141,0.14816394,10.73967229,4.21151711
2023-10-24,8.57,6.327543424318,19049396000.0,1909396000.0,2222800000.0,222800000.0,26.48044217,46.29055074,2.86368932,0.15753908,10.0360891,4.26884722
2023-10-25,8.69,1.400233372229,19316132000.0,1936132000.0,2222800000.0,222800000.0,26.85123015,46.93872648,2.90378766,0.159745,10.17661777,4.32862104
2023-10-26,8.77,0.920598388953,19493956000.0,1953956000.0,2222800000.0,222800000.0,27.09842215,47.37084364,2.93051988,0.16121561,10.27030355,4.36847025
2023-10-27,9.18,4.675028506271,20405304000.0,2045304000.0,2222800000.0,222800000.0,28.36528111,49.58544408,3.06752252,0.16875248,10.75044317,4.57269748
2023-10-30,9.14,-0.435729847495,20316392000.0,2036392000.0,2222800000.0,222800000.0,28.24168511,49.3693855,3.05415641,0.16801718,10.70360028,4.55277288
2023-10-31,9.21,0.765864332604,20471988000.0,2051988000.0,2222800000.0,222800000.0,28.4579781,49.74748802,3.0775471,0.16930396,10.78557534,4.58764094
2023-11-01,9.28,0.760043431053,20627584000.0,2067584000.0,2222800000.0,222800000.0,28.6742711,50.12559053,3.1009378,0.17059074,10.86755039,4.622509
2023-11-02,9.19,-0.969827586207,20427532000.0,2047532000.0,2222800000.0,222800000.0,28.39618011,49.63945873,3.07086405,0.16893631,10.76215389,4.57767864
2023-11-03,9.14,-0.544069640914,20316392000.0,2036392000.0,2222800000.0,222800000.0,28.24168511,49.3693855,3.05415641,0.16801718,10.70360028,4.55277288
2023-11-06,9.24,1.09409190372,20538672000.0,2058672000.0,2222800000.0,222800000.0,28.5506751,49.90953195,3.08757169,0.16985544,10.8207075,4.6025844
2023-11-07,9.16,-0.865800865801,20360848000.0,2040848000.0,2222800000.0,222800000.0,28.30348311,49.47741479,3.06083946,0.16838483,10.72702173,4.56273518
2023-11-08,9.23,0.764192139738,20516444000.0,2056444000.0,2222800000.0,222800000.0,28.5197761,49.85551731,3.08423016,0.16967161,10.80899678,4.59760324
2023-11-09,9.1,-1.408450704225,20227480000.0,2027480000.0,2222800000.0,222800000.0,28.11808911,49.15332692,3.0407903,0.16728187,10.65675739,4.53284827
2023-11-10,9.09,-0.10989010989,20205252000.0,2025252000.0,2222800000.0,222800000.0,28.08719011,49.09931228,3.03744877,0.16709804,10.64504667,4.52786712
2023-11-13,9.14,0.550055005501,20316392000.0,2036392000.0,2222800000.0,222800000.0,28.24168511,49.3693855,3.05415641,0.16801718,10.70360028,4.55277288
2023-11-14,9.12,-0.218818380744,20271936000.0,2031936000.0,2222800000.0,222800000.0,28.17988711,49.26135621,3.04747335,0.16764952,10.68017884,4.54281057
2023-11-15,9.29,1.864035087719,20649812000.0,2069812000.0,2222800000.0,222800000.0,28.7051701,50.17960518,3.10427933,0.17077457,10.87926112,4.62749016
2023-11-16,9.1,-2.045209903122,20227480000.0,2027480000.0,2222800000.0,222800000.0,28.11808911,49.15332692,3.0407903,0.16728187,10.65675739,4.53284827
2023-11-17,9.26,1.758241758242,20583128000.0,2063128000.0,2222800000.0,222800000.0,28.6124731,50.01756124,3.09425474,0.17022309,10.84412895,4.6125467
2023-11-20,9.28,0.215982721382,20627584000.0,2067584000.0,2222800000.0,222800000.0,28.6742711,50.12559053,3.1009378,0.17059074,10.86755039,4.622509
2023-11-21,9.24,-0.431034482759,20538672000.0,2058672000.0,2222800000.0,222800000.0,28.5506751,49.90953195,3.08757169,0.16985544,10.8207075,4.6025844
2023-11-22,9.21,-0.324675324675,20471988000.0,2051988000.0,2222800000.0,222800000.0,28.4579781,49.74748802,3.0775471,0.16930396,10.78557534,4.58764094
2023-11-23,9.5,3.14875135722,21116600000.0,2116600000.0,2222800000.0,222800000.0,29.35404907,51.31391272,3.17445141,0.17463492,11.12518629,4.73209435
2023-11-24,9.37,-1.368421052632,20827636000.0,2087636000.0,2222800000.0,222800000.0,28.95236209,50.61172234,3.13101155,0.17224518,10.9729469,4.66733937
2023-11-27,9.45,0.8537886873,21005460000.0,2105460000.0,2222800000.0,222800000.0,29.19955408,51.0438395,3.15774377,0.17371579,11.06663267,4.70718859
2023-11-28,9.23,-2.328042328042,20516444000.0,2056444000.0,2222800000.0,222800000.0,28.5197761,49.85551731,3.08423016,0.16967161,10.80899678,4.59760324
2023-11-29,8.99,-2.600216684724,19982972000.0,2002972000.0,2222800000.0,222800000.0,27.77820012,48.55916583,3.00403349,0.16525978,10.52793944,4.4780556
2023-11-30,9.02,0.333704115684,20049656000.0,2009656000.0,2222800000.0,222800000.0,27.87089712,48.72120976,3.01405808,0.16581126,10.56307161,4.49299905
2023-12-01,9.05,0.332594235033,20116340000.0,2016340000.0,2222800000.0,222800000.0,27.96359412,48.8832537,3.02408266,0.16636274,10.59820378,4.50794251
2023-12-04,8.88,-1.878453038674,19738464000.0,1978464000.0,2222800000.0,222800000.0,27.43831114,47.96500473,2.96727669,0.16323769,10.3991215,4.42326293
2023-12-05,8.74,-1.576576576577,19427272000.0,1947272000.0,2222800000.0,222800000.0,27.00572515,47.2087997,2.9204953,0.16066413,10.23517138,4.3535268
2023-12-06,8.8,0.686498855835,19560640000.0,1960640000.0,2222800000.0,222800000.0,27.19111914,47.53288757,2.94054446,0.16176708,10.30543572,4.38341371
2023-12-07,8.68,-1.363636363636,19293904000.0,1933904000.0,2222800000.0,222800000.0,26.82033115,46.88471183,2.90044613,0.15956117,10.16490705,4.32363989
2023-12-08,8.67,-0.115207373272,19271676000.0,1931676000.0,2222800000.0,222800000.0,26.78943216,46.83069719,2.8971046,0.15937734,10.15319633,4.31865873
2023-12-11,8.81,1.61476355248,19582868000.0,1962868000.0,2222800000.0,222800000.0,27.22201814,47.58690222,2.94388599,0.16195091,10.31714644,4.38839486
2023-12-12,8.81,0.0,19582868000.0,1962868000.0,2222800000.0,222800000.0,27.22201814,47.58690222,2.94388599,0.16195091,10.31714644,4.38839486
2023-12-13,8.84,0.340522133939,19649552000.0,1969552000.0,2222800000.0,222800000.0,27.31471514,47.74894615,2.95391058,0.16250239,10.35227861,4.40333832
2023-12-14,8.72,-1.357466063348,19382816000.0,1942816000.0,2222800000.0,222800000.0,26.94392715,47.10077041,2.91381224,0.16029647,10.21174994,4.34356449
2023-12-15,8.6,-1.376146788991,19116080000.0,1916080000.0,2222800000.0,222800000.0,26.57313916,46.45259467,2.87371391,0.15809056,10.07122127,4.28379067
2023-12-18,8.54,-0.697674418605,18982712000.0,1902712000.0,2222800000.0,222800000.0,26.38774517,46.1285068,2.85366474,0.1569876,10.00095694,4.25390376
2023-12-19,8.53,-0.117096018735,18960484000.0,1900484000.0,2222800000.0,222800000.0,26.35684617,46.07449216,2.85032321,0.15680378,9.98924621,4.24892261
2023-12-20,8.41,-1.406799531067,18693748000.0,1873748000.0,2222800000.0,222800000.0,25.98605818,45.42631642,2.81022488,0.15459786,9.84871754,4.18914878
2023-12-21,8.44,0.356718192628,18760432000.0,1880432000.0,2222800000.0,222800000.0,26.07875518,45.58836035,2.82024946,0.15514934,9.88384971,4.20409224
2023-12-22,8.27,-2.014218009479,18382556000.0,1842556000.0,2222800000.0,222800000.0,25.55347219,44.67011139,2.76344349,0.15202429,9.68476743,4.11941266
2023-12-25,8.52,3.022974607013,18938256000.0,1898256000.0,2222800000.0,222800000.0,26.32594717,46.02047751,2.84698169,0.15661995,9.97753549,4.24394146
2023-12-26,8.64,1.408450704225,19204992000.0,1924992000.0,2222800000.0,222800000.0,26.69673516,46.66865325,2.88708002,0.15882586,10.11806416,4.30371528
2023-12-27,8.2,-5.092592592593,18226960000.0,5025881327.4,2222800000.0,612912357.0,25.3371792,44.29200887,2.7400528,0.15073751,9.60279237,4.08454459
2023-12-28,8.2,0.0,18226960000.0,5025881327.4,2222800000.0,612912357.0,25.3371792,44.29200887,2.7400528,0.15073751,9.60279237,4.08454459
2023-12-29,8.4,2.439024390244,18671520000.0,5148463798.8,2222800000.0,612912357.0,25.95515918,45.37230177,2.80688335,0.15441403,9.83700682,4.18416763
2024-01-02,8.48,0.952380952381,18849344000.0,5197496787.36,2222800000.0,612912357.0,26.20235117,20.04046937,2.70805084,0.27537513,9.9306926,4.22401685
2024-01-03,8.48,0.0,18849344000.0,5197496787.36,2222800000.0,612912357.0,26.20235117,20.04046937,2.70805084,0.27537513,9.9306926,4.22401685
2024-01-04,8.47,-0.117924528302,18827116000.0,5191367663.79,2222800000.0,612912357.0,26.17145218,20.01683674,2.70485739,0.27505039,9.91898188,4.2190357
2024-01-05,8.4,-0.826446280992,18671520000.0,5148463798.8,2222800000.0,612912357.0,25.95515918,19.85140833,2.68250319,0.27277725,9.83700682,4.18416763
2024-01-08,8.35,-0.595238095238,18560380000.0,5117818180.95,2222800000.0,612912357.0,25.80066419,19.73324519,2.66653591,0.27115357,9.77845321,4.15926187
2024-01-09,8.36,0.119760479042,18582608000.0,5123947304.52,2222800000.0,612912357.0,25.83156319,19.75687782,2.66972937,0.27147831,9.79016393,4.16424302
2024-01-10,8.19,-2.033492822967,18204732000.0,5019752203.83,2222800000.0,612912357.0,25.3062802,19.35512313,2.61544061,0.26595782,9.59108165,4.07956344
2024-01-11,8.28,1.098901098901,18404784000.0,5074914315.96,2222800000.0,612912357.0,25.58437119,19.56781679,2.64418172,0.26888043,9.69647815,4.12439381
2024-01-12,8.28,0.0,18404784000.0,5074914315.96,2222800000.0,612912357.0,25.58437119,19.56781679,2.64418172,0.26888043,9.69647815,4.12439381
2024-01-15,8.31,0.36231884058,18471468000.0,5093301686.67,2222800000.0,612912357.0,25.67706819,19.63871467,2.65376209,0.26985464,9.73161032,4.13933726
2024-01-16,8.77,5.535499398315,19493956000.0,5375241370.89,2222800000.0,612912357.0,27.09842215,20.72581561,2.80066107,0.28479244,10.27030355,4.36847025
2024-01-17,8.56,-2.394526795895,19027168000.0,5246529775.92,2222800000.0,612912357.0,26.44954317,20.2295304,2.73359849,0.27797301,10.02437838,4.26386606
2024-01-18,8.73,1.985981308411,19405044000.0,5350724876.61,2222800000.0,612912357.0,26.97482615,20.63128509,2.78788725,0.2834935,10.22346066,4.34854565
2024-01-19,8.75,0.229095074456,19449500000.0,5362983123.75,2222800000.0,612912357.0,27.03662415,20.67855035,2.79427416,0.28414297,10.24688211,4.35850795
2024-01-22,8.29,-5.257142857143,18427012000.0,5081043439.53,2222800000.0,612912357.0,25.61527019,19.59144942,2.64737517,0.26920517,9.70818888,4.12937496
2024-01-23,8.33,0.482509047045,18515924000.0,5105559933.81,2222800000.0,612912357.0,25.73886619,19.68597993,2.660149,0.27050411,9.75503177,4.14929957
2024-01-24,8.4,0.840336134454,18671520000.0,5148463798.8,2222800000.0,612912357.0,25.95515918,19.85140833,2.68250319,0.27277725,9.83700682,4.18416763
2024-01-25,8.62,2.619047619048,19160536000.0,5283304517.34,2222800000.0,612912357.0,26.63493716,20.37132617,2.75275923,0.27992141,10.09464272,4.29375297
2024-01-26,8.64,0.232018561485,19204992000.0,5295562764.48,2222800000.0,612912357.0,26.69673516,20.41859143,2.75914614,0.28057088,10.11806416,4.30371528
2024-01-29,8.55,-1.041666666667,19004940000.0,5240400652.35,2222800000.0,612912357.0,26.41864417,20.20589777,2.73040504,0.27764827,10.01266766,4.25888491
2024-01-30,8.18,-4.327485380117,18182504000.0,5013623080.26,2222800000.0,612912357.0,25.2753812,19.3314905,2.61224716,0.26563308,9.57937093,4.07458229
2024-01-31,8.01,-2.078239608802,17804628000.0,4909427979.57,2222800000.0,612912357.0,24.75009822,18.9297358,2.5579584,0.26011259,9.38028865,3.98990271
2024-02-01,8.02,0.124843945069,17826856000.0,4915557103.14,2222800000.0,612912357.0,24.78099722,18.95336843,2.56115186,0.26043733,9.39199937,3.99488386
2024-02-02,7.66,-4.488778054863,17026648000.0,4694908654.62,2222800000.0,612912357.0,23.66863325,18.10259379,2.44618744,0.24874687,8.97041336,3.81556239
2024-02-05,7.19,-6.135770234987,15981932000.0,4406839846.83,2222800000.0,612912357.0,22.2163803,16.99186023,2.29609499,0.23348434,8.42000941,3.58144825
2024-02-06,8.1,12.656467315716,18004680000.0,4964590091.7,2222800000.0,612912357.0,25.02818921,19.14242947,2.58669951,0.2630352,9.48568515,4.03473307
2024-02-07,8.28,2.222222222222,18404784000.0,5074914315.96,2222800000.0,612912357.0,25.58437119,19.56781679,2.64418172,0.26888043,9.69647815,4.12439381
2024-02-08,8.43,1.811594202899,18738204000.0,5166851169.51,2222800000.0,612912357.0,26.04785618,19.92230622,2.69208356,0.27375145,9.87213899,4.19911109
2024-02-19,8.67,2.846975088968,19271676000.0,5313950135.19,2222800000.0,612912357.0,26.78943216,20.48948932,2.76872651,0.28154509,10.15319633,4.31865873
2024-02-20,8.68,0.115340253749,19293904000.0,5320079258.76,2222800000.0,612912357.0,26.82033115,20.51312195,2.77191997,0.28186982,10.16490705,4.32363989
2024-02-21,8.65,-0.345622119816,19227220000.0,5301691888.05,2222800000.0,612912357.0,26.72763416,20.44222406,2.7623396,0.28089562,10.12977488,4.30869643
2024-02-22,8.75,1.156069364162,19449500000.0,5362983123.75,2222800000.0,612912357.0,27.03662415,20.67855035,2.79427416,0.28414297,10.24688211,4.35850795
2024-02-23,9.2,5.142857142857,20449760000.0,5638793684.4,2222800000.0,612912357.0,28.4270791,21.74201865,2.93797969,0.29875603,10.77386461,4.58265979
2024-02-26,9.09,-1.195652173913,20205252000.0,5571373325.13,2222800000.0,612912357.0,28.08719011,21.48205973,2.90285167,0.29518395,10.64504667,4.52786712
2024-02-27,9.28,2.090209020902,20627584000.0,5687826672.96,2222800000.0,612912357.0,28.6742711,21.93107968,2.96352734,0.30135391,10.86755039,4.622509
2024-02-28,8.91,-3.987068965517,19805148000.0,5461049100.87,2222800000.0,612912357.0,27.53100813,21.05667241,2.84536946,0.28933872,10.43425366,4.43820638
2024-02-29,9.28,4.152637485971,20627584000.0,5687826672.96,2222800000.0,612912357.0,28.6742711,21.93107968,2.96352734,0.30135391,10.86755039,4.622509
2024-03-01,9.31,0.323275862069,20694268000.0,5706214043.67,2222800000.0,612912357.0,28.76696809,22.00197757,2.97310771,0.30232812,10.90268256,4.63745246
2024-03-04,9.53,2.363050483351,21183284000.0,5841054762.21,2222800000.0,612912357.0,29.44674607,22.52189541,3.04336374,0.30947228,11.16031845,4.7470378
2024-03-05,9.47,-0.629590766002,21049916000.0,5804280020.79,2222800000.0,612912357.0,29.26135208,22.38009963,3.024203,0.30752387,11.09005412,4.71715089
2024-03-06,9.59,1.267159450898,21316652000.0,5877829503.63,2222800000.0,612912357.0,29.63214007,22.66369118,3.06252448,0.31142069,11.23058279,4.77692471
2024-03-07,9.34,-2.606882168926,20760952000.0,5724601414.38,2222800000.0,612912357.0,28.85966509,22.07287546,2.98268807,0.30330232,10.93781473,4.65239591
2024-03-08,9.5,1.713062098501,21116600000.0,5822667391.5,2222800000.0,612912357.0,29.35404907,22.45099752,3.03378337,0.30849808,11.12518629,4.73209435
2024-03-11,9.5,0.0,21116600000.0,5822667391.5,2222800000.0,612912357.0,29.35404907,22.45099752,3.03378337,0.30849808,11.12518629,4.73209435
2024-03-12,9.45,-0.526315789474,21005460000.0,5792021773.65,2222800000.0,612912357.0,29.19955408,22.33283438,3.01781609,0.3068744,11.06663267,4.70718859
2024-03-13,9.43,-0.21164021164,20961004000.0,5779763526.51,2222800000.0,612912357.0,29.13775608,22.28556912,3.01142918,0.30622494,11.04321123,4.69722628
2024-03-14,9.48,0.530222693531,21072144000.0,5810409144.36,2222800000.0,612912357.0,29.29225108,22.40373226,3.02739646,0.30784861,11.10176484,4.72213204
2024-03-15,9.57,0.949367088608,21272196000.0,5865571256.49,2222800000.0,612912357.0,29.57034207,22.61642592,3.05613757,0.31077122,11.20716134,4.76696241
2024-03-18,9.66,0.940438871473,21472248000.0,5920733368.62,2222800000.0,612912357.0,29.84843306,22.82911958,3.08487867,0.31369384,11.31255785,4.81179278
2024-03-19,9.72,0.621118012422,21605616000.0,5957508110.04,2222800000.0,612912357.0,30.03382705,22.97091536,3.10403941,0.31564225,11.38282218,4.84167969
2024-03-20,9.64,-0.82304526749,21427792000.0,5908475121.48,2222800000.0,612912357.0,29.78663506,22.78185433,3.07849176,0.31304437,11.2891364,4.80183047
2024-03-21,9.58,-0.622406639004,21294424000.0,5871700380.06,2222800000.0,612912357.0,29.60124107,22.64005855,3.05933102,0.31109596,11.21887207,4.77194356
2024-03-22,9.38,-2.087682672234,20849864000.0,5749117908.66,2222800000.0,612912357.0,28.98326109,22.16740597,2.9954619,0.30460126,10.98465762,4.67232052
2024-03-25,9.34,-0.426439232409,20760952000.0,5724601414.38,2222800000.0,612912357.0,28.85966509,22.07287546,2.98268807,0.30330232,10.93781473,4.65239591
2024-03-26,9.33,-0.107066381156,20738724000.0,5718472290.81,2222800000.0,612912357.0,28.82876609,22.04924283,2.97949462,0.30297759,10.92610401,4.64741476
2024-03-27,9.27,-0.64308681672,20605356000.0,5681697549.39,2222800000.0,612912357.0,28.6433721,21.90744705,2.96033388,0.30102918,10.85583967,4.61752785
2024-03-28,9.31,0.431499460626,20694268000.0,5706214043.67,2222800000.0,612912357.0,28.76696809,22.00197757,2.97310771,0.30232812,10.90268256,4.63745246
2024-03-29,9.2,-1.181525241676,20449760000.0,5638793684.4,2222800000.0,612912357.0,28.4270791,21.74201865,2.93797969,0.29875603,10.77386461,4.58265979
2024-04-01,9.54,3.695652173913,21205512000.0,5847183885.78,2222800000.0,612912357.0,29.47764507,22.54552804,2.89679697,0.30979702,11.17202918,4.75201895
2024-04-02,9.59,0.524109014675,21316652000.0,5877829503.63,2222800000.0,612912357.0,29.63214007,22.66369118,2.91197934,0.31142069,11.23058279,4.77692471
2024-04-03,9.49,-1.04275286757,21094372000.0,5816538267.93,2222800000.0,612912357.0,29.32315008,22.42736489,2.8816146,0.30817334,11.11347556,4.72711319
2024-04-08,9.24,-2.63435194942,20538672000.0,5663310178.68,2222800000.0,612912357.0,28.5506751,21.83654917,2.80570273,0.30005497,10.8207075,4.6025844
2024-04-09,9.38,1.515151515152,20849864000.0,5749117908.66,2222800000.0,612912357.0,28.98326109,22.16740597,2.84821337,0.30460126,10.98465762,4.67232052
2024-04-10,9.25,-1.38592750533,20560900000.0,5669439302.25,2222800000.0,612912357.0,21.86018176,21.8601818,2.8087392,0.30037971,10.83241823,4.26279742
2024-04-11,9.87,6.702702702703,21939036000.0,6049444963.59,2222800000.0,612912357.0,23.32540476,23.32540479,2.99700064,0.32051327,11.55848302,4.54852006
2024-04-12,9.36,-5.16717325228,20805408000.0,5736859661.52,2222800000.0,612912357.0,22.12014068,22.12014072,2.84214042,0.30395179,10.96123617,4.31349015
2024-04-15,9.32,-0.42735042735,20716496000.0,5712343167.24,2222800000.0,612912357.0,22.02561017,22.0256102,2.82999452,0.30265285,10.91439328,4.29505643
2024-04-16,9.35,0.321888412017,20783180000.0,5730730537.95,2222800000.0,612912357.0,22.09650805,22.09650809,2.83910395,0.30362706,10.94952545,4.30888172
2024-04-17,9.53,1.92513368984,21183284000.0,5841054762.21,2222800000.0,612912357.0,22.52189537,22.52189541,2.8937605,0.30947228,11.16031845,4.39183345
2024-04-18,9.32,-2.203567681007,20716496000.0,5712343167.24,2222800000.0,612912357.0,22.02561017,22.0256102,2.82999452,0.30265285,10.91439328,4.29505643
2024-04-19,9.38,0.643776824034,20849864000.0,5749117908.66,2222800000.0,612912357.0,22.16740594,22.16740597,2.84821337,0.30460126,10.98465762,4.32270701
2024-04-22,9.39,0.106609808102,20872092000.0,5755247032.23,2222800000.0,612912357.0,18.67360731,22.1910386,2.85124985,0.304926,12.97919021,4.11125323
2024-04-23,9.25,-1.490947816826,20560900000.0,5669439302.25,2222800000.0,612912357.0,18.39519357,21.8601818,2.8087392,0.30037971,12.78567726,4.04995659
2024-04-24,9.41,1.72972972973,20916548000.0,5767505279.37,2222800000.0,612912357.0,18.7133807,22.23830386,2.8573228,0.30557547,13.00683492,4.12000989
2024-04-25,9.8,4.144527098831,21783440000.0,6006541098.6,2222800000.0,612912357.0,19.48896184,23.15997639,2.97574532,0.31824012,13.54590671,4.29076482
2024-04-26,9.8,0.0,21783440000.0,6006541098.6,2222800000.0,612912357.0,19.48896184,23.15997639,2.97574532,0.31824012,13.54590671,4.29076482
2024-04-29,10.98,12.040816326531,24406344000.0,6729777679.86,2222800000.0,612912357.0,21.83559194,25.94862661,3.33404934,0.35655883,15.17694446,4.80740793
2024-04-30,13.18,20.036429872495,29296504000.0,8078184865.26,2222800000.0,612912357.0,26.210665,31.14780498,4.0020738,0.42800049,18.2178623,5.77064084
2024-05-06,15.82,20.030349013657,35164696000.0,9696273487.74,2222800000.0,612912357.0,31.46075268,37.38681903,4.80370315,0.51373049,21.8669637,6.92652035
2024-05-07,16.94,7.079646017699,37654232000.0,10382735327.58,2222800000.0,612912357.0,33.6880626,40.03367347,5.14378833,0.55010079,23.41506732,7.41689347
2024-05-08,17.75,4.781582054309,39454700000.0,10879194336.75,2222800000.0,612912357.0,35.29888496,41.94791642,5.38974279,0.57640431,24.53467798,7.77153831
2024-05-09,17.5,-1.408450704225,38899000000.0,10725966247.5,2222800000.0,612912357.0,34.80171757,41.3571007,5.31383092,0.56828594,24.18911913,7.66208003
2024-05-10,16.91,-3.371428571429,37587548000.0,10364347956.87,2222800000.0,612912357.0,33.62840252,39.96277559,5.13467891,0.54912658,23.37360026,7.40375847
2024-05-13,16.64,-1.596688350089,37059942400.0,10271412020.48,2227160000.0,617272357.0,33.1563703,39.4018296,5.0626049,0.54141865,23.04551175,7.29983404
2024-05-14,16.98,2.043269230769,37817176800.0,10481284621.86,2227160000.0,617272357.0,33.83384422,40.20691506,5.16604754,0.55248129,23.51639361,7.44898931
2024-05-15,15.89,-6.419316843345,35389572400.0,9808457752.73,2227160000.0,617272357.0,31.66194255,37.62590579,4.83442258,0.51701577,22.00680179,6.97081508
2024-05-16,15.5,-2.454373820013,34520980000.0,9567721533.5,2227160000.0,617272357.0,30.88484013,36.70242541,4.71576778,0.50432627,21.46667261,6.79972522
2024-05-17,15.65,0.967741935484,34855054000.0,9660312387.05,2227160000.0,617272357.0,31.18372568,37.05761017,4.76140424,0.50920684,21.6744146,6.86552901
2024-05-20,15.52,-0.830670926518,34565523200.0,9580066980.64,2227160000.0,617272357.0,30.92469153,36.74978338,4.72185264,0.50497701,21.49437154,6.80849906
2024-05-21,15.27,-1.610824742268,34008733200.0,9425748891.39,2227160000.0,617272357.0,30.42654895,36.15780877,4.64579187,0.49684271,21.14813489,6.69882607
2024-05-22,14.65,-2.65780730897,32627894000.0,9043040030.05,2227160000.0,617272357.0,29.19115534,34.68971176,4.45716116,0.47666966,20.28946798,6.42683706
2024-05-23,14.19,-3.139931740614,31603400400.0,8759094745.83,2227160000.0,617272357.0,28.27457299,33.60047849,4.31720934,0.46170256,19.65239254,6.22503877
2024-05-24,13.96,-1.620859760395,31091153600.0,8617122103.72,2227160000.0,617272357.0,27.81628182,33.05586185,4.24723343,0.45421901,19.33385481,6.12413962
2024-05-27,13.74,-1.575931232092,30601178400.0,8481322185.18,2227160000.0,617272357.0,27.37791634,32.5349242,4.18029996,0.44706083,19.02916656,6.02762739
2024-05-28,13.72,-0.145560407569,30556635200.0,8468976738.04,2227160000.0,617272357.0,27.33806494,32.48756623,4.17421509,0.44641009,19.00146762,6.01885355
2024-05-29,13.72,0.0,30556635200.0,8468976738.04,2227160000.0,617272357.0,27.33806494,32.48756623,4.17421509,0.44641009,19.00146762,6.01885355
2024-05-30,13.24,-3.498542274052,29487598400.0,8172686006.68,2227160000.0,617272357.0,26.38163118,31.35097499,4.02817841,0.43079224,18.33669325,5.80828142
2024-05-31,13.3,0.453172205438,29621228000.0,8209722348.1,2227160000.0,617272357.0,26.5011854,31.4930489,4.046433,0.43274447,18.41979004,5.83460293
2024-06-03,13.28,-0.15037593985,29576684800.0,8197376900.96,2227160000.0,617272357.0,26.46133399,31.44569093,4.04034814,0.43209373,18.39209111,5.82582909
2024-06-04,13.59,2.334337349398,30267104400.0,8388731331.63,2227160000.0,617272357.0,27.07903079,32.17973944,4.13466349,0.44218025,18.82142456,5.9618236
2024-06-05,13.61,0.147167034584,30311647600.0,8401076778.77,2227160000.0,617272357.0,27.1188822,32.22709741,4.14074836,0.442831,18.8491235,5.97059744
2024-06-06,13.26,-2.571638501102,29532141600.0,8185031453.82,2227160000.0,617272357.0,26.42148259,31.39833296,4.03426328,0.43144299,18.36439218,5.81705525
2024-06-07,13.09,-1.282051282051,29153524400.0,8080095153.13,2227160000.0,617272357.0,26.08274563,30.99579023,3.98254195,0.42591167,18.12895125,5.74247762
2024-06-11,13.33,1.83346065699,29688042800.0,8228240518.81,2227160000.0,617272357.0,26.56096251,31.56408585,4.05556029,0.43372059,18.46133844,5.84776369
2024-06-12,13.6,2.025506376594,30289376000.0,8394904055.2,2227160000.0,617272357.0,27.0989565,32.20341842,4.13770592,0.44250563,18.83527403,5.96621052
2024-06-13,13.52,-0.588235294118,30111203200.0,8345522266.64,2227160000.0,617272357.0,26.93955087,32.01398655,4.11336648,0.43990265,18.7244783,5.93111516
2024-06-14,13.84,2.366863905325,30823894400.0,8543049420.88,2227160000.0,617272357.0,27.57717338,32.77171404,4.21072426,0.45031455,19.16766122,6.07149658
2024-06-17,13.32,-3.757225433526,29665771200.0,8222067795.24,2227160000.0,617272357.0,26.5410368,31.54040687,4.05251786,0.43339522,18.44748898,5.84337677
2024-06-18,13.56,1.801801801802,30200289600.0,8370213160.92,2227160000.0,617272357.0,27.01925368,32.10870249,4.1255362,0.44120414,18.77987617,5.94866284
2024-06-19,13.56,0.0,30200289600.0,8370213160.92,2227160000.0,617272357.0,27.01925368,32.10870249,4.1255362,0.44120414,18.77987617,5.94866284
2024-06-20,13.06,-3.687315634218,29086709600.0,8061576982.42,2227160000.0,617272357.0,26.02296852,30.92475328,3.97341466,0.42493555,18.08740286,5.72931686
2024-06-21,13.34,2.143950995406,29710314400.0,8234413242.38,2227160000.0,617272357.0,26.58088821,31.58776484,4.05860272,0.43404596,18.47518791,5.85215061
2024-06-24,12.74,-4.497751124438,28374018400.0,7864049828.18,2227160000.0,617272357.0,25.38534601,30.16702579,3.87605687,0.41452365,17.64421994,5.58893544
2024-06-25,12.63,-0.863422291994,28129030800.0,7796149868.91,2227160000.0,617272357.0,25.16616328,29.90655696,3.84259013,0.41094456,17.49187581,5.54067933
2024-06-26,13.0,2.929532858274,28953080000.0,8024540641.0,2227160000.0,617272357.0,25.9034143,30.78267938,3.95516007,0.42298332,18.00430606,5.70299535
2024-06-27,12.69,-2.384615384615,28262660400.0,7833186210.33,2227160000.0,617272357.0,25.2857175,30.04863087,3.86084472,0.41289679,17.57497261,5.56700084
2024-06-28,12.78,0.709219858156,28463104800.0,7888740722.46,2227160000.0,617272357.0,25.46504883,30.26174172,3.8882266,0.41582514,17.6996178,5.60648312
2024-07-01,13.17,3.051643192488,29331697200.0,8111302341.69,2227160000.0,615892357.0,26.24215126,31.18522211,4.04137847,0.42851464,18.23974698,5.77757298
2024-07-02,12.87,-2.277904328018,28663549200.0,7926534634.59,2227160000.0,615892357.0,25.64438016,30.47485258,3.94931973,0.41875349,17.824263,5.64596539
2024-07-03,12.13,-5.749805749806,27015450800.0,7470774290.41,2227160000.0,615892357.0,24.16987811,28.72260776,3.72224152,0.39467597,16.7994025,5.32133335
2024-07-04,11.95,-1.483924154988,26614562000.0,7359913666.15,2227160000.0,615892357.0,23.81121545,28.29638604,3.66700628,0.38881928,16.55011211,5.2423688
2024-07-05,12.26,2.594142259414,27304981600.0,7550840296.82,2227160000.0,615892357.0,24.42891225,29.03043455,3.76213364,0.39890581,16.97944556,5.3783633
2024-07-08,12.36,0.815660685155,27527697600.0,7612429532.52,2227160000.0,615892357.0,24.62816929,29.26722439,3.79281988,0.40215953,17.11794022,5.4222325
2024-07-09,12.52,1.294498381877,27884043200.0,7710972309.64,2227160000.0,615892357.0,24.94698054,29.64608814,3.84191788,0.40736547,17.33953168,5.49242321
2024-07-10,12.73,1.67731629393,28351746800.0,7840309704.61,2227160000.0,615892357.0,25.36542031,30.1433468,3.90635899,0.41419828,17.63037047,5.58454852
2024-07-11,12.83,0.785545954438,28574462800.0,7901898940.31,2227160000.0,615892357.0,25.56467734,30.38013665,3.93704524,0.417452,17.76886513,5.62841772
2024-07-12,12.71,-0.935307872175,28307203600.0,7827991857.47,2227160000.0,615892357.0,25.3255689,30.09598884,3.90022174,0.41354754,17.60267154,5.57577468
2024-07-15,12.58,-1.02281667978,28017672800.0,7747925851.06,2227160000.0,615892357.0,25.06653476,29.78816204,3.86032962,0.4093177,17.42262848,5.51874473
2024-07-16,12.46,-0.953895071542,27750413600.0,7674018768.22,2227160000.0,615892357.0,24.82742632,29.50401423,3.82350613,0.40541324,17.25643488,5.46610169
2024-07-17,12.16,-2.407704654896,27082265600.0,7489251061.12,2227160000.0,615892357.0,24.22965522,28.79364471,3.73144739,0.39565209,16.8409509,5.33449411
2024-07-18,12.28,0.986842105263,27349524800.0,7563158143.96,2227160000.0,615892357.0,24.46876366,29.07779252,3.76827089,0.39955655,17.00714449,5.38713714
2024-07-19,12.2,-0.651465798046,27171352000.0,7513886755.4,2227160000.0,615892357.0,24.30935803,28.88836064,3.74372189,0.39695358,16.89634876,5.35204179
2024-07-22,12.17,-0.245901639344,27104537200.0,7495409984.69,2227160000.0,615892357.0,24.24958092,28.81732369,3.73451602,0.39597746,16.85480036,5.33888103
2024-07-23,11.5,-5.505341002465,25612340000.0,7082762105.5,2227160000.0,615892357.0,22.9145588,27.23083176,3.52891818,0.37417755,15.92688613,5.04495742
2024-07-24,11.32,-1.565217391304,25211451200.0,6971901481.24,2227160000.0,615892357.0,22.55589614,26.80461004,3.47368294,0.36832086,15.67759574,4.96599287
2024-07-25,11.2,-1.060070671378,24944192000.0,6897994398.4,2227160000.0,615892357.0,22.3167877,26.52046223,3.43685944,0.3644164,15.51140214,4.91334984
2024-07-26,11.29,0.803571428571,25144636400.0,6953424710.53,2227160000.0,615892357.0,22.49611903,26.73357309,3.46447706,0.36734474,15.63604734,4.95283211
2024-07-29,11.48,1.682905225864,25567796800.0,7070444258.36,2227160000.0,615892357.0,22.8747074,27.18347379,3.52278093,0.37352681,15.8991872,5.03618358
2024-07-30,11.66,1.567944250871,25968685600.0,7181304882.62,2227160000.0,615892357.0,23.23337006,27.6096955,3.57801617,0.3793835,16.14847759,5.11514813
2024-07-31,11.9,2.058319039451,26503204000.0,7329119048.3,2227160000.0,615892357.0,23.71158694,28.17799112,3.65166316,0.38719242,16.48086478,5.2204342
2024-08-01,11.93,0.252100840336,26570018800.0,7347595819.01,2227160000.0,615892357.0,23.77136405,28.24902807,3.66086903,0.38816854,16.52241318,5.23359496
2024-08-02,11.98,0.419111483655,26681376800.0,7378390436.86,2227160000.0,615892357.0,23.87099256,28.36742299,3.67621215,0.3897954,16.59166051,5.25552956
2024-08-05,11.69,-2.420701168614,26035500400.0,7199781653.33,2227160000.0,615892357.0,23.29314717,27.68073245,3.58722204,0.38035962,16.19002599,5.12830889
2024-08-06,12.95,10.778443113772,28841722000.0,7975806023.15,2227160000.0,615892357.0,25.80378578,30.66428445,3.97386873,0.42135646,17.93505873,5.68106075
2024-08-07,12.32,-4.864864864865,27438611200.0,7587793838.24,2227160000.0,615892357.0,24.54846647,29.17250845,3.78054539,0.40085804,17.06254236,5.40468482
2024-08-08,12.46,1.136363636364,27750413600.0,7674018768.22,2227160000.0,615892357.0,24.82742632,29.50401423,3.82350613,0.40541324,17.25643488,5.46610169
2024-08-09,11.71,-6.019261637239,26080043600.0,7212099500.47,2227160000.0,615892357.0,23.33299857,27.72809042,3.59335929,0.38101036,16.21772492,5.13708273
2024-08-12,11.81,0.853970964987,26302759600.0,7273688736.17,2227160000.0,615892357.0,23.53225561,27.96488026,3.62404554,0.38426408,16.35621958,5.18095193
2024-08-13,11.75,-0.508044030483,26169130000.0,7236735194.75,2227160000.0,615892357.0,23.41270139,27.82280636,3.60563379,0.38231185,16.27312278,5.15463041
2024-08-14,11.33,-3.574468085106,25233722800.0,6978060404.81,2227160000.0,615892357.0,22.57582185,26.82828902,3.47675156,0.36864623,15.6914452,4.97037979
2024-08-15,11.44,0.970873786408,25478710400.0,7045808564.08,2227160000.0,615892357.0,22.79500458,27.08875785,3.51050643,0.37222532,15.84378933,5.01863591
2024-08-16,11.57,1.136363636364,25768241200.0,7125874570.49,2227160000.0,615892357.0,23.05403873,27.39658464,3.55039855,0.37645515,16.02383239,5.07566586
2024-08-19,11.38,-1.642178046672,25345080800.0,7008855022.66,2227160000.0,615892357.0,22.67545036,26.94668395,3.49209468,0.37027309,15.76069253,4.99231439
2024-08-20,11.1,-2.460456942004,24721476000.0,6836405162.7,2227160000.0,615892357.0,22.11753067,26.28367239,3.4061732,0.36116268,15.37290748,4.86948064
2024-08-21,11.13,0.27027027027,24788290800.0,6854881933.41,2227160000.0,615892357.0,22.17730778,26.35470934,3.41537907,0.3621388,15.41445588,4.8826414
2024-08-22,10.88,-2.246181491465,24231500800.0,6700908844.16,2227160000.0,615892357.0,21.6791652,25.76273474,3.33866346,0.3540045,15.06821922,4.77296841
2024-08-23,10.84,-0.367647058824,24142414400.0,6676273149.88,2227160000.0,615892357.0,21.59946238,25.6680188,3.32638896,0.35270301,15.01282136,4.75542074
2024-08-26,10.91,0.645756457565,24298315600.0,6719385614.87,2227160000.0,615892357.0,21.73894231,25.83377169,3.34786933,0.35498062,15.10976762,4.78612917
2024-08-27,11.1,1.741521539872,24721476000.0,6836405162.7,2227160000.0,615892357.0,18.78532426,26.28367239,3.4061732,0.36116268,24.03457647,4.4133179
2024-08-28,10.87,-2.072072072072,24209229200.0,6694749920.59,2227160000.0,615892357.0,18.3960788,25.73905575,3.33559483,0.35367913,23.53656272,4.32187078
2024-08-29,11.22,3.219871205152,24988735200.0,6910312245.54,2227160000.0,615892357.0,18.98840885,26.5678202,3.44299669,0.36506714,24.29440973,4.46102945
2024-08-30,11.33,0.980392156863,25233722800.0,6978060404.81,2227160000.0,615892357.0,19.17456972,26.82828902,3.47675156,0.36864623,24.53259021,4.50476503
2024-09-02,11.11,-1.941747572816,24743747600.0,6842564086.27,2227160000.0,615892357.0,18.80224797,26.30735137,3.40924182,0.36148805,24.05622924,4.41729387
2024-09-03,11.07,-0.3600360036,24654661200.0,6817928391.99,2227160000.0,615892357.0,18.73455311,26.21263544,3.39696732,0.36018657,23.96961815,4.40139002
2024-09-04,11.05,-0.180668473351,24610118000.0,6805610544.85,2227160000.0,615892357.0,18.70070568,26.16527747,3.39083007,0.35953582,23.92631261,4.39343809
2024-09-05,11.0,-0.452488687783,24498760000.0,6774815927.0,2227160000.0,615892357.0,18.6160871,26.04688255,3.37548695,0.35790896,23.81804875,4.37355828
2024-09-06,10.75,-2.272727272727,23941970000.0,6620842837.75,2227160000.0,615892357.0,18.19299421,25.45490795,3.29877134,0.34977467,23.27672946,4.27415923
2024-09-09,10.85,0.93023255814,24164686000.0,6682432073.45,2227160000.0,615892357.0,18.36223137,25.69169779,3.32945758,0.35302839,23.49325718,4.31391885
2024-09-10,10.85,0.0,24164686000.0,6682432073.45,2227160000.0,615892357.0,18.36223137,25.69169779,3.32945758,0.35302839,23.49325718,4.31391885
2024-09-11,10.86,0.092165898618,24186957600.0,6688590997.02,2227160000.0,615892357.0,18.37915509,25.71537677,3.33252621,0.35335376,23.51490995,4.31789481
2024-09-12,10.75,-1.012891344383,23941970000.0,6620842837.75,2227160000.0,615892357.0,18.19299421,25.45490795,3.29877134,0.34977467,23.27672946,4.27415923
2024-09-13,10.62,-1.209302325581,23652439200.0,6540776831.34,2227160000.0,615892357.0,17.97298591,25.14708115,3.25887922,0.34554483,22.99524343,4.22247172
2024-09-18,10.66,0.376647834275,23741525600.0,6565412525.62,2227160000.0,615892357.0,18.04068077,25.24179709,3.27115372,0.34684632,23.08185452,4.23837557
2024-09-19,10.84,1.688555347092,24142414400.0,6676273149.88,2227160000.0,615892357.0,18.34530765,25.6680188,3.32638896,0.35270301,23.47160441,4.30994289
2024-09-20,10.53,-2.859778597786,23451994800.0,6485346519.21,2227160000.0,615892357.0,17.82067247,24.93397029,3.2312616,0.34261649,22.80036849,4.18668807
2024-09-23,10.43,-0.949667616334,23229278800.0,6423757283.51,2227160000.0,615892357.0,17.65143532,24.69718045,3.20057535,0.33936277,22.58384077,4.14692844
2024-09-24,10.94,4.889741131352,24365130400.0,6737862385.58,2227160000.0,615892357.0,18.51454481,25.90480864,3.3570752,0.35595673,23.68813212,4.34970251
2024-09-25,10.98,0.36563071298,24454216800.0,6762498079.86,2227160000.0,615892357.0,18.58223967,25.99952458,3.3693497,0.35725822,23.77474321,4.36560636
2024-09-26,11.4,3.825136612022,25389624000.0,7021172869.8,2227160000.0,615892357.0,19.29303573,26.99404191,3.49823193,0.37092383,24.68415961,4.53259677
2024-09-27,12.03,5.526315789474,26792734800.0,7409185054.71,2227160000.0,615892357.0,20.3592298,28.48581791,3.69155528,0.39142226,26.04828422,4.78308238
2024-09-30,13.65,13.466334164589,30400734000.0,8406930673.05,2227160000.0,615892357.0,23.10087172,32.32181334,4.01575276,0.44413249,29.55603322,5.42718823
2024-10-08,15.1,10.622710622711,33630116000.0,9299974590.7,2227160000.0,615892357.0,25.55481048,35.75526604,4.44233456,0.49131139,32.6956851,6.00370273
2024-10-09,13.12,-13.112582781457,29220339200.0,8080507723.84,2227160000.0,615892357.0,22.2039148,31.06682718,3.85982976,0.42688778,28.40843633,5.21646224
2024-10-10,12.71,-3.125,28307203600.0,7827991857.47,2227160000.0,615892357.0,21.51004246,30.09598884,3.73921008,0.41354754,27.52067269,5.0534478
2024-10-11,12.0,-5.58615263572,26725920000.0,7390708284.0,2227160000.0,615892357.0,20.30845866,28.41478096,3.5303321,0.39044614,25.98332591,4.77115449
2024-10-14,12.38,3.166666666667,27572240800.0,7624747379.66,2227160000.0,615892357.0,20.95155985,29.31458236,3.64212595,0.40281027,26.80613123,4.92224105
2024-10-15,12.06,-2.584814216478,26859549600.0,7427661825.42,2227160000.0,615892357.0,20.41000095,28.55685487,3.54798376,0.39239837,26.11324254,4.79501026
2024-10-16,12.03,-0.248756218905,26792734800.0,7409185054.71,2227160000.0,615892357.0,20.3592298,28.48581791,3.53915793,0.39142226,26.04828422,4.78308238
2024-10-17,12.13,0.831255195345,27015450800.0,7470774290.41,2227160000.0,615892357.0,20.52846696,28.72260776,3.56857736,0.39467597,26.26481194,4.822842
2024-10-18,12.83,5.770816158285,28574462800.0,7901898940.31,2227160000.0,615892357.0,21.71312705,30.38013665,3.7745134,0.417452,27.78050595,5.10115934
2024-10-21,14.57,13.561964146532,32449721200.0,8973551641.49,2227160000.0,615892357.0,24.65785355,34.50027988,4.28641156,0.47406669,31.54808821,5.79297674
2024-10-22,13.43,-7.824296499657,29910758800.0,8271434354.51,2227160000.0,615892357.0,21.73221465,31.80087569,3.95103001,0.43697431,28.08614916,5.24909726
2024-10-23,13.45,0.148920327625,29955302000.0,8283752201.65,2227160000.0,615892357.0,21.76457834,31.84823366,3.95691389,0.43762505,28.12797514,5.25691424
2024-10-24,13.52,0.520446096654,30111203200.0,8326864666.64,2227160000.0,615892357.0,21.87785124,32.01398655,3.9775075,0.43990265,28.27436609,5.28427364
2024-10-25,13.53,0.073964497041,30133474800.0,8333023590.21,2227160000.0,615892357.0,21.89403308,32.03766553,3.98044944,0.44022802,28.29527908,5.28818213
2024-10-28,14.16,4.656319290466,31536585600.0,8721035775.12,2227160000.0,615892357.0,22.91348917,33.52944154,4.16579188,0.46072645,29.61279762,5.53441677
2024-10-29,13.58,-4.09604519774,30244832800.0,8363818208.06,2227160000.0,615892357.0,21.97494229,32.15606046,3.99515916,0.44185488,28.39984405,5.30772456
2024-10-30,13.86,2.061855670103,30868437600.0,8536268068.02,2227160000.0,615892357.0,22.42803389,32.81907201,4.07753357,0.45096529,28.98540784,5.41716218
2024-10-31,13.93,0.505050505051,31024338800.0,8579380533.01,2227160000.0,615892357.0,22.54130679,32.9848249,4.09812718,0.4532429,29.13179879,5.44452159
2024-11-01,14.48,3.948312993539,32249276800.0,8918121329.36,2227160000.0,615892357.0,23.43130813,34.28716903,4.25993407,0.47113834,30.28201339,5.65948834
2024-11-04,15.1,4.281767955801,33630116000.0,9299974590.7,2227160000.0,615892357.0,24.43458237,35.75526604,4.44233456,0.49131139,31.57861893,5.9018145
2024-11-05,15.16,0.397350993377,33763745600.0,9336928132.12,2227160000.0,615892357.0,24.53167343,35.89733995,4.45998622,0.49326362,31.70409689,5.92526542
2024-11-06,15.44,1.846965699208,34387350400.0,9509377992.08,2227160000.0,615892357.0,24.98476502,36.5603515,4.54236063,0.50237403,32.28966068,6.03470303
2024-11-07,15.27,-1.10103626943,34008733200.0,9404676291.39,2227160000.0,615892357.0,24.7096737,36.15780877,4.49234759,0.49684271,31.93413981,5.96825877
2024-11-08,15.06,-1.375245579568,33541029600.0,9275338896.42,2227160000.0,615892357.0,24.369855,35.66055011,4.43056678,0.49000991,31.49496696,5.88618055
2024-11-11,15.55,3.253652058433,34632338000.0,9577126151.35,2227160000.0,615892357.0,25.16276529,36.82082033,4.57472201,0.50595312,32.5197036,6.07769639
2024-11-12,15.38,-1.093247588424,34253720800.0,9472424450.66,2227160000.0,615892357.0,24.88767397,36.4182776,4.52470897,0.5004218,32.16418273,6.01125212
2024-11-13,14.7,-4.421326397919,32739252000.0,9053617647.9,2227160000.0,615892357.0,23.78730867,34.80810668,4.32465682,0.47829652,30.74209923,5.74547504
2024-11-14,14.14,-3.809523809524,31492042400.0,8708717927.98,2227160000.0,615892357.0,22.88112548,33.48208357,4.15990799,0.4600757,29.57097164,5.5265998
2024-11-15,13.67,-3.323903818953,30445277200.0,8419248520.19,2227160000.0,615892357.0,22.12057888,32.36917131,4.02163665,0.44478323,28.58806098,5.34290094
2024-11-18,13.26,-2.999268471105,29532141600.0,8166732653.82,2227160000.0,615892357.0,21.45712333,31.39833296,3.90101697,0.43144299,27.73062828,5.18265299
2024-11-19,13.54,2.11161387632,30155746400.0,8339182513.78,2227160000.0,615892357.0,21.91021492,32.06134452,3.98339138,0.4405534,28.31619208,5.29209061
2024-11-20,13.67,0.96011816839,30445277200.0,8419248520.19,2227160000.0,615892357.0,22.12057888,32.36917131,4.02163665,0.44478323,28.58806098,5.34290094
2024-11-21,13.51,-1.170446232626,30088931600.0,8320705743.07,2227160000.0,615892357.0,21.86166939,31.99030757,3.97456555,0.43957728,28.2534531,5.28036516
2024-11-22,12.8,-5.255366395263,28507648000.0,7883422169.6,2227160000.0,615892357.0,20.71275857,30.30909969,3.76568757,0.41647588,26.76863062,5.00286262
2024-11-25,13.0,1.5625,28953080000.0,8006600641.0,2227160000.0,615892357.0,21.03639542,30.78267938,3.82452644,0.42298332,27.18689047,5.08103235
2024-11-26,12.92,-0.615384615385,28774907200.0,7957329252.44,2227160000.0,615892357.0,20.90694068,30.5932475,3.80099089,0.42038035,27.01958653,5.04976446
2024-11-27,13.15,1.780185758514,29287154000.0,8098984494.55,2227160000.0,615892357.0,21.27912306,31.13786414,3.86865559,0.4278639,27.50058536,5.13965964
2024-11-28,12.98,-1.292775665399,28908536800.0,7994282793.86,2227160000.0,615892357.0,21.00403174,30.73532141,3.81864255,0.42233258,27.14506449,5.07321538
2024-11-29,13.21,1.771956856703,29420783600.0,8135938035.97,2227160000.0,615892357.0,21.37621412,31.27993804,3.88630725,0.42981613,27.62606332,5.16311056
2024-12-02,13.46,1.892505677517,29977573600.0,8289911125.22,2227160000.0,615892357.0,21.78076018,31.87191265,3.95985584,0.43795042,28.14888813,5.26082272
2024-12-03,13.36,-0.74294205052,29754857600.0,8228321889.52,2227160000.0,615892357.0,21.61894176,31.6351228,3.9304364,0.4346967,27.93975821,5.22173786
2024-12-04,13.09,-2.020958083832,29153524400.0,8062030953.13,2227160000.0,615892357.0,21.182032,30.99579023,3.85100393,0.42591167,27.37510741,5.11620873
2024-12-05,13.17,0.61115355233,29331697200.0,8111302341.69,2227160000.0,615892357.0,21.31148675,31.18522211,3.87453948,0.42851464,27.54241135,5.14747662
2024-12-06,13.3,0.987091875475,29621228000.0,8191368348.1,2227160000.0,615892357.0,21.5218507,31.4930489,3.91278474,0.43274447,27.81428025,5.19828694
2024-12-09,13.26,-0.300751879699,29532141600.0,8166732653.82,2227160000.0,615892357.0,21.45712333,31.39833296,3.90101697,0.43144299,27.73062828,5.18265299
2024-12-10,13.32,0.452488687783,29665771200.0,8203686195.24,2227160000.0,615892357.0,21.55421438,31.54040687,3.91866863,0.43339522,27.85610624,5.20610391
2024-12-11,13.61,2.177177177177,30311647600.0,8382294978.77,2227160000.0,615892357.0,22.02348782,32.22709741,4.00398499,0.442831,28.46258302,5.31945002
2024-12-12,13.5,-0.808229243204,30066660000.0,8314546819.5,2227160000.0,615892357.0,21.84548755,31.96662858,3.97162361,0.43925191,28.23254011,5.27645667
2024-12-13,12.91,-4.37037037037,28752635600.0,7951170328.87,2227160000.0,615892357.0,20.89075884,30.56956852,3.79804895,0.42005497,26.99867354,5.04585597
2024-12-16,12.64,-2.091402013943,28151302400.0,7784879392.48,2227160000.0,615892357.0,20.45384909,29.93023595,3.71861648,0.41126994,26.43402274,4.94032684
2024-12-17,12.52,-0.949367088608,27884043200.0,7710972309.64,2227160000.0,615892357.0,20.25966697,29.64608814,3.68331316,0.40736547,26.18306682,4.893425
2024-12-18,12.48,-0.319488817891,27794956800.0,7686336615.36,2227160000.0,615892357.0,20.1949396,29.5513722,3.67154538,0.40606399,26.09941485,4.87779105
2024-12-19,12.53,0.400641025641,27906314800.0,7717131233.21,2227160000.0,615892357.0,20.27584882,29.66976712,3.6862551,0.40769085,26.20397982,4.89733349
2024-12-20,12.71,1.436552274541,28307203600.0,7827991857.47,2227160000.0,615892357.0,20.56712198,30.09598884,3.73921008,0.41354754,26.58041368,4.96768624
2024-12-23,12.34,-2.911093627065,27483154400.0,7600111685.38,2227160000.0,615892357.0,19.96839381,29.21986642,3.63035817,0.40150878,25.80663296,4.82307224
2024-12-24,12.42,0.64829821718,27661327200.0,7649383073.94,2227160000.0,615892357.0,20.09784855,29.4092983,3.65389372,0.40411176,25.9739369,4.85434014
2024-12-25,12.26,-1.288244766506,27304981600.0,7550840296.82,2227160000.0,615892357.0,19.83893907,29.03043455,3.60682263,0.39890581,25.63932901,4.79180435
2024-12-26,12.26,0.0,27304981600.0,7550840296.82,2227160000.0,615892357.0,19.83893907,29.03043455,3.60682263,0.39890581,25.63932901,4.79180435
2024-12-27,12.35,0.734094616639,27505426000.0,7606270608.95,2227160000.0,615892357.0,19.98457565,29.24354541,3.63330012,0.40183415,25.82754595,4.82698073
2024-12-30,12.21,-1.133603238866,27193623600.0,7520045678.97,2227160000.0,615892357.0,19.75802985,28.91203963,3.59211291,0.39727895,25.53476405,4.77226192
2024-12-31,11.86,-2.866502866503,26414117600.0,7304483354.02,2227160000.0,615892357.0,19.19166536,18.8628597,3.34458075,0.38589094,24.80280931,4.6354649
2025-01-02,11.64,-1.85497470489,25924142400.0,7168987035.48,2227160000.0,615892357.0,18.83566482,18.51295843,3.28253963,-0.74774814,24.34272347,4.54947819
2025-01-03,11.6,-0.343642611684,25835056000.0,7144351341.2,2227160000.0,615892357.0,18.77093745,18.44934001,3.27125942,-0.74517856,24.2590715,4.53384425
2025-01-06,11.89,2.5,26480932400.0,7322960124.73,2227160000.0,615892357.0,19.24021089,18.91057351,3.35304091,-0.76380802,24.86554829,4.64719036
2025-01-07,11.79,-0.841042893188,26258216400.0,7261370889.03,2227160000.0,615892357.0,19.07839246,18.75152748,3.3248404,-0.75738407,24.65641836,4.60810549
2025-01-08,11.54,-2.120441051739,25701426400.0,7107397799.78,2227160000.0,615892357.0,18.6738464,18.35391239,3.25433912,-0.74132418,24.13359354,4.51039333
2025-01-09,11.46,-0.693240901213,25523253600.0,7058126411.22,2227160000.0,615892357.0,18.54439166,18.22667556,3.23177871,-0.73618502,23.9662896,4.47912544
2025-01-10,11.2,-2.268760907504,24944192000.0,6897994398.4,2227160000.0,615892357.0,18.12366375,17.81315587,3.15845737,-0.71948274,23.42255179,4.37750479
2025-01-13,11.27,0.625,25100093200.0,6941106863.39,2227160000.0,615892357.0,18.23693665,17.9244881,3.17819773,-0.72397951,23.56894274,4.4048642
2025-01-14,11.76,4.347826086957,26191401600.0,7242894118.32,2227160000.0,615892357.0,19.02984693,18.70381367,3.31638024,-0.75545688,24.59367938,4.59638003
2025-01-15,11.67,-0.765306122449,25990957200.0,7187463806.19,2227160000.0,615892357.0,18.88421035,18.56067224,3.29099978,-0.74967532,24.40546245,4.56120365
2025-01-16,11.68,0.085689802913,26013228800.0,7193622729.76,2227160000.0,615892357.0,18.90039219,18.57657684,3.29381983,-0.75031772,24.42637544,4.56511214
2025-01-17,11.78,0.856164383562,26235944800.0,7255211965.46,2227160000.0,615892357.0,19.06221062,18.73562287,3.32202034,-0.75674167,24.63550537,4.604197
2025-01-20,12.12,2.886247877759,26993179200.0,7464615366.84,2227160000.0,615892357.0,19.61239327,19.27637939,3.41790209,-0.77858311,25.34654712,4.73708554
2025-01-21,12.14,0.16501650165,27037722400.0,7476933213.98,2227160000.0,615892357.0,19.64475695,19.3081886,3.42354219,-0.7798679,25.3883731,4.74490252
2025-01-22,12.13,-0.0823723229,27015450800.0,7470774290.41,2227160000.0,615892357.0,19.62857511,19.292284,3.42072214,-0.77922551,25.36746011,4.74099403
2025-01-23,12.09,-0.329760923331,26926364400.0,7446138596.13,2227160000.0,615892357.0,19.56384774,19.22866558,3.40944193,-0.77665593,25.28380814,4.72536008
2025-01-24,12.08,-0.082712985939,26904092800.0,7439979672.56,2227160000.0,615892357.0,19.5476659,19.21276098,3.40662188,-0.77601353,25.26289515,4.7214516
2025-01-27,12.07,-0.082781456954,26881821200.0,7433820748.99,2227160000.0,615892357.0,19.53148406,19.19685637,3.40380183,-0.77537113,25.24198215,4.71754311
2025-02-05,12.15,0.6628003314,27059994000.0,7483092137.55,2227160000.0,615892357.0,19.6609388,19.3240932,3.42636224,-0.7805103,25.40928609,4.748811
2025-02-06,12.23,0.658436213992,27238166800.0,7532363526.11,2227160000.0,615892357.0,19.79039354,19.45133003,3.44892265,-0.78564946,25.57659004,4.78007889
2025-02-07,12.55,2.616516762061,27950858000.0,7729449080.35,2227160000.0,615892357.0,20.3082125,19.96027734,3.53916429,-0.80620611,26.2458058,4.90515046
2025-02-10,12.94,3.107569721116,28819450400.0,7969647099.58,2227160000.0,615892357.0,20.93930436,20.58055688,3.64914629,-0.83125953,27.06141252,5.05758143
2025-02-11,12.9,-0.309119010819,28730364000.0,7945011405.3,2227160000.0,615892357.0,20.87457699,20.51693846,3.63786608,-0.82868994,26.97776055,5.04194748
2025-02-12,12.8,-0.77519379845,28507648000.0,7883422169.6,2227160000.0,615892357.0,20.71275857,20.35789243,3.60966557,-0.82226599,26.76863062,5.00286262
2025-02-13,12.6,-1.5625,28062216000.0,7760243698.2,2227160000.0,615892357.0,20.38912172,20.03980036,3.55326455,-0.80941809,26.35037077,4.92469289
2025-02-14,13.89,10.238095238095,30935252400.0,8554744838.73,2227160000.0,615892357.0,22.47657941,22.0914942,3.91705115,-0.89228708,29.04814682,5.42888764
2025-02-17,13.84,-0.359971202304,30823894400.0,8523950220.88,2227160000.0,615892357.0,22.3956702,22.01197119,3.9029509,-0.8890751,28.94358186,5.40934521
2025-02-18,13.01,-5.99710982659,28975351600.0,8012759564.57,2227160000.0,615892357.0,21.05257726,20.6918891,3.66888665,-0.83575629,27.20780346,5.08494083
2025-02-19,13.14,0.999231360492,29264882400.0,8092825570.98,2227160000.0,615892357.0,21.26294122,20.89864894,3.70554731,-0.84410743,27.47967237,5.13575116
2025-02-20,13.52,2.891933028919,30111203200.0,8326864666.64,2227160000.0,615892357.0,21.87785124,21.50302388,3.81270926,-0.86851845,28.27436609,5.28427364
2025-02-21,13.49,-0.221893491124,30044388400.0,8308387895.93,2227160000.0,615892357.0,21.82930571,21.45531007,3.8042491,-0.86659127,28.21162711,5.27254818
2025-02-24,13.31,-1.334321719792,29643499600.0,8197527271.67,2227160000.0,615892357.0,21.53803254,21.1690272,3.75348818,-0.85502815,27.83519324,5.20219543
2025-02-25,13.03,-2.103681442524,29019894800.0,8025077411.71,2227160000.0,615892357.0,21.08494095,20.72369831,3.67452675,-0.83704108,27.24962945,5.09275781
2025-02-26,13.23,1.534919416731,29465326800.0,8148255883.11,2227160000.0,615892357.0,21.4085778,21.04179038,3.73092777,-0.84988899,27.6678893,5.17092754
2025-02-27,13.17,-0.453514739229,29331697200.0,8111302341.69,2227160000.0,615892357.0,21.31148675,20.94636275,3.71400746,-0.84603462,27.54241135,5.14747662
2025-02-28,12.79,-2.885345482156,28485376400.0,7877263246.03,2227160000.0,615892357.0,20.69657673,20.34198782,3.60684552,-0.8216236,26.74771763,4.99895413
2025-03-03,12.96,1.329163408913,28863993600.0,7981964946.72,2227160000.0,615892357.0,20.97166805,20.61236608,3.65478639,-0.83254432,27.1032385,5.0653984
2025-03-04,13.12,1.234567901235,29220339200.0,8080507723.84,2227160000.0,615892357.0,21.23057753,20.86683974,3.69990721,-0.84282264,27.43784638,5.12793419
2025-03-05,13.21,0.685975609756,29420783600.0,8135938035.97,2227160000.0,615892357.0,21.37621412,21.00998117,3.72528767,-0.8486042,27.62606332,5.16311056
2025-03-06,13.31,0.757002271007,29643499600.0,8197527271.67,2227160000.0,615892357.0,21.53803254,21.1690272,3.75348818,-0.85502815,27.83519324,5.20219543
2025-03-07,13.02,-2.178812922615,28997623200.0,8018918488.14,2227160000.0,615892357.0,21.06875911,20.7077937,3.6717067,-0.83639869,27.22871646,5.08884932
2025-03-10,13.13,0.844854070661,29242610800.0,8086666647.41,2227160000.0,615892357.0,21.24675937,20.88274434,3.70272726,-0.84346504,27.45875938,5.13184267
2025-03-11,12.97,-1.218583396801,28886265200.0,7988123870.29,2227160000.0,615892357.0,20.98784989,20.62827069,3.65760644,-0.83318671,27.12415149,5.06930689
2025-03-12,12.87,-0.77101002313,28663549200.0,7926534634.59,2227160000.0,615892357.0,20.82603147,20.46922465,3.62940593,-0.82676276,26.91502157,5.03022202
2025-03-13,12.7,-1.320901320901,28284932000.0,7821832933.9,2227160000.0,615892357.0,20.55094014,20.19884639,3.58146506,-0.81584204,26.55950069,4.96377776
2025-03-14,13.01,2.44094488189,28975351600.0,8012759564.57,2227160000.0,615892357.0,21.05257726,20.6918891,3.66888665,-0.83575629,27.20780346,5.08494083
2025-03-17,12.91,-0.768639508071,28752635600.0,7951170328.87,2227160000.0,615892357.0,20.89075884,20.53284306,3.64068613,-0.82933234,26.99867354,5.04585597
2025-03-18,13.05,1.084430673896,29064438000.0,8037395258.85,2227160000.0,615892357.0,21.11730463,20.75550751,3.68016685,-0.83832587,27.29145544,5.10057478
2025-03-19,13.04,-0.07662835249,29042166400.0,8031236335.28,2227160000.0,615892357.0,21.10112279,20.73960291,3.6773468,-0.83768348,27.27054244,5.09666629
2025-03-20,12.84,-1.533742331288,28596734400.0,7908057863.88,2227160000.0,615892357.0,20.77748594,20.42151084,3.62094577,-0.82483557,26.85228259,5.01849657
2025-03-21,12.62,-1.713395638629,28106759200.0,7772561545.34,2227160000.0,615892357.0,20.4214854,20.07160956,3.55890465,-0.81070288,26.39219675,4.93250986
2025-03-24,12.59,-0.237717908082,28039944400.0,7754084774.63,2227160000.0,615892357.0,20.37293987,20.02389575,3.55044449,-0.80877569,26.32945777,4.9207844
2025-03-25,12.67,0.635424940429,28218117200.0,7803356163.19,2227160000.0,615892357.0,20.50239461,20.15113258,3.5730049,-0.81391485,26.49676171,4.9520523
2025-03-26,12.65,-0.157853196527,28173574000.0,7791038316.05,2227160000.0,615892357.0,20.47003093,20.11932337,3.5673648,-0.81263006,26.45493573,4.94423532
2025-03-27,12.99,2.687747035573,28930808400.0,8000441717.43,2227160000.0,615892357.0,21.02021358,20.66007989,3.66324654,-0.8344715,27.16597748,5.07712386
2025-03-28,12.97,-0.153964588145,28886265200.0,7988123870.29,2227160000.0,615892357.0,20.98784989,20.62827069,3.65760644,-0.83318671,27.12415149,5.06930689
2025-03-31,12.65,-2.467232074017,28173574000.0,7791038316.05,2227160000.0,615892357.0,20.47003093,20.11932337,3.44067732,-0.81263006,26.45493573,4.94423532
2025-04-01,13.22,4.505928853755,29443055200.0,8142096959.54,2227160000.0,615892357.0,21.39239596,21.02588577,3.59571179,-0.84924659,27.64697631,5.16701905
2025-04-02,13.12,-0.756429652042,29220339200.0,8080507723.84,2227160000.0,615892357.0,21.23057753,20.86683974,3.56851276,-0.84282264,27.43784638,5.12793419
2025-04-03,13.29,1.295731707317,29598956400.0,8185209424.53,2227160000.0,615892357.0,21.50566886,21.137218,3.61475112,-0.85374336,27.79336726,5.19437845
2025-04-07,11.46,-13.769751693002,25523253600.0,7058126411.22,2227160000.0,615892357.0,18.54439166,18.22667556,3.11700886,-0.73618502,23.9662896,4.47912544
2025-04-08,12.17,6.195462478185,27104537200.0,7495409984.69,2227160000.0,615892357.0,19.69330248,19.35590241,3.31012198,-0.78179509,25.45111208,4.75662797
2025-04-09,12.11,-0.493015612161,26970907600.0,7458456443.27,2227160000.0,615892357.0,19.59621143,19.26047479,3.29380256,-0.77794072,25.32563412,4.73317706
2025-04-10,12.12,0.082576383154,26993179200.0,7464615366.84,2227160000.0,615892357.0,19.61239327,19.27637939,3.29652246,-0.77858311,25.34654712,4.73708554
2025-04-11,12.01,-0.907590759076,26748191600.0,7396867207.57,2227160000.0,615892357.0,19.434393,19.10142875,3.26660353,-0.77151676,25.1165042,4.69409219
2025-04-14,12.18,1.415487094088,27126808800.0,7501568908.26,2227160000.0,615892357.0,19.70948432,19.37180701,3.31284188,-0.78243748,25.47202507,4.76053646
2025-04-15,12.05,-1.067323481117,26837278000.0,7421502901.85,2227160000.0,615892357.0,19.49912037,19.16504717,3.27748314,-0.77408634,25.20015617,4.70972614
2025-04-16,11.75,-2.489626556017,26169130000.0,7236735194.75,2227160000.0,615892357.0,19.01366509,18.68790906,3.19588605,-0.75481448,24.57276639,4.59247155
2025-04-17,11.62,-1.106382978723,25879599200.0,7156669188.34,2227160000.0,615892357.0,18.80330114,18.48114922,3.16052731,-0.74646335,24.30089748,4.54166122
2025-04-18,11.75,1.118760757315,26169130000.0,7236735194.75,2227160000.0,615892357.0,19.01366509,18.68790906,3.19588605,-0.75481448,24.57276639,4.59247155
2025-04-21,12.04,2.468085106383,26815006400.0,7415343978.28,2227160000.0,615892357.0,19.48293853,19.14914256,3.27476324,-0.77344395,25.17924318,4.70581765
2025-04-22,12.28,1.993355481728,27349524800.0,7563158143.96,2227160000.0,615892357.0,19.53085305,19.53085305,3.34004091,-0.78886144,15.26995952,4.74957679
2025-04-23,12.29,0.081433224756,27371796400.0,7569317067.53,2227160000.0,615892357.0,19.54675765,19.54675765,3.34276081,-0.78950383,15.28239434,4.75344452
2025-04-24,12.29,0.0,27371796400.0,7569317067.53,2227160000.0,615892357.0,19.54675765,19.54675765,3.34276081,-0.78950383,15.28239434,4.75344452
2025-04-25,12.25,-0.325467860049,27282710000.0,7544681373.25,2227160000.0,615892357.0,19.48313924,19.48313924,3.3318812,-0.78693425,15.23265505,4.73797359
2025-04-28,12.06,-1.551020408163,26859549600.0,7427661825.42,2227160000.0,615892357.0,19.18095177,19.18095177,3.28020304,-0.77472874,14.99639347,4.66448665
2025-04-29,11.7,-2.985074626866,26057772000.0,7205940576.9,2227160000.0,615892357.0,19.50537464,18.60838605,3.18228653,-0.75160251,15.91720202,4.71033762
2025-04-30,11.59,-0.940170940171,25812784400.0,7138192417.63,2227160000.0,615892357.0,19.32199077,18.43343541,3.1523676,-0.74453616,15.76755311,4.66605239
2025-05-06,11.7,0.949094046592,26057772000.0,7205940576.9,2227160000.0,615892357.0,19.50537464,18.60838605,3.18228653,-0.75160251,15.91720202,4.71033762
2025-05-07,11.65,-0.42735042735,25946414000.0,7175145959.05,2227160000.0,615892357.0,19.42201834,18.52886303,3.16868702,-0.74839053,15.84917979,4.69020797
2025-05-08,11.7,0.429184549356,26057772000.0,7205940576.9,2227160000.0,615892357.0,19.50537464,18.60838605,3.18228653,-0.75160251,15.91720202,4.71033762
2025-05-09,11.53,-1.452991452991,25679154800.0,7101238876.21,2227160000.0,615892357.0,19.22196321,18.33800779,3.13604818,-0.74068179,15.68592644,4.64189681
2025-05-12,11.65,1.040763226366,25946414000.0,7175145959.05,2227160000.0,615892357.0,19.42201834,18.52886303,3.16868702,-0.74839053,15.84917979,4.69020797
2025-05-13,11.68,0.257510729614,26013228800.0,7193622729.76,2227160000.0,615892357.0,19.47203212,18.57657684,3.17684673,-0.75031772,15.88999313,4.70228576
2025-05-14,11.68,0.0,26013228800.0,7193622729.76,2227160000.0,615892357.0,19.47203212,18.57657684,3.17684673,-0.75031772,15.88999313,4.70228576
2025-05-15,14.02,20.034246575342,31224783200.0,8634810845.14,2227160000.0,615892357.0,23.37310705,22.29825405,3.81330404,-0.90063822,19.07343353,5.64435328
2025-05-16,13.69,-2.353780313837,30489820400.0,8431566367.33,2227160000.0,615892357.0,22.82295545,21.77340213,3.72354724,-0.87943917,18.62448681,5.5114976
2025-05-19,13.21,-3.506208911614,29420783600.0,8135938035.97,2227160000.0,615892357.0,22.02273496,21.00998117,3.59299189,-0.8486042,17.97147339,5.31825298
2025-05-20,13.7,3.709311127933,30512092000.0,8437725290.9,2227160000.0,615892357.0,22.83962671,21.78930674,3.72626714,-0.88008157,18.63809126,5.51552353
2025-05-21,13.2,-3.649635036496,29398512000.0,8129779112.4,2227160000.0,615892357.0,22.0060637,20.99407657,3.59027199,-0.8479618,17.95786895,5.31422705
2025-05-22,12.86,-2.575757575758,28641277600.0,7920375711.02,2227160000.0,615892357.0,21.43924084,20.45332005,3.49779529,-0.82612036,17.49531778,5.17734545
2025-05-23,13.12,2.021772939347,29220339200.0,8080507723.84,2227160000.0,615892357.0,21.87269361,20.86683974,3.56851276,-0.84282264,17.84903338,5.28201962
2025-05-26,12.69,-3.27743902439,28262660400.0,7815674010.33,2227160000.0,615892357.0,21.15582942,20.18294179,3.45155693,-0.81519964,17.26404219,5.10890464
2025-05-27,12.8,0.86682427108,28507648000.0,7883422169.6,2227160000.0,615892357.0,21.33921328,20.35789243,3.48147587,-0.82226599,17.4136911,5.15318987
2025-05-28,12.57,-1.796875,27995401200.0,7741766927.49,2227160000.0,615892357.0,20.95577429,19.99208655,3.4189181,-0.8074909,17.10078884,5.06059349
2025-05-29,12.9,2.625298329356,28730364000.0,7945011405.3,2227160000.0,615892357.0,21.50592588,20.51693846,3.5086749,-0.82868994,17.54973556,5.19344917
2025-05-30,12.94,0.31007751938,28857299900.0,8007496599.58,2230085000.0,618817357.0,21.60094292,20.60758597,3.52417685,-0.83235125,17.62727344,5.21639476
2025-06-03,13.13,1.468315301391,29281016050.0,8125071897.41,2230085000.0,618817357.0,21.91811287,20.91017031,3.57592288,-0.84457279,17.88609739,5.29298788
2025-06-04,13.13,0.0,29281016050.0,8125071897.41,2230085000.0,618817357.0,21.91811287,20.91017031,3.57592288,-0.84457279,17.88609739,5.29298788
2025-06-05,12.87,-1.980198019802,28701193950.0,7964179384.59,2230085000.0,618817357.0,21.48409083,20.49610753,3.50511253,-0.82784857,17.53191725,5.18817624
2025-06-06,12.7,-1.320901320901,28322079500.0,7858980433.9,2230085000.0,618817357.0,21.20030719,20.22537418,3.45881345,-0.81691351,17.30033792,5.11964555
2025-06-09,12.93,1.811023622047,28834999050.0,8001308426.01,2230085000.0,618817357.0,21.58424977,20.59166048,3.52145338,-0.83170801,17.61365113,5.21236354
2025-06-10,12.93,2.132701421801,28834999050.0,8001308426.01,2230085000.0,618817357.0,21.58424977,20.59166048,3.52145338,-0.83170801,17.61365113,5.21236354
2025-06-11,12.81,-0.92807424594,28567388850.0,7927050343.17,2230085000.0,618817357.0,21.3839319,20.40055459,3.48877168,-0.82398914,17.45018337,5.16398894
2025-06-12,12.81,0.0,28567388850.0,7927050343.17,2230085000.0,618817357.0,21.3839319,20.40055459,3.48877168,-0.82398914,17.45018337,5.16398894
2025-06-13,12.36,-3.512880562061,27563850600.0,7648582532.52,2230085000.0,618817357.0,20.63273992,19.68390747,3.36621529,-0.79504338,16.83717927,4.98258417
2025-06-16,12.29,-0.566343042071,27407744650.0,7605265317.53,2230085000.0,618817357.0,20.51588783,19.57242903,3.34715097,-0.79054071,16.74182308,4.95436565
2025-06-17,12.27,-0.162733930024,27363142950.0,7592888970.39,2230085000.0,618817357.0,20.48250152,19.54057805,3.34170402,-0.78925423,16.71457845,4.94630322
2025-06-18,12.03,-1.955990220049,26827922550.0,7444372804.71,2230085000.0,618817357.0,20.08186579,19.15836625,3.27634061,-0.7738165,16.38764293,4.84955401
2025-06-19,11.8,-1.911886949293,26315003000.0,7302044812.6,2230085000.0,618817357.0,19.69792322,18.79207995,3.21370068,-0.759022,16.07432972,4.75683602
2025-06-20,11.8,0.0,26315003000.0,7302044812.6,2230085000.0,618817357.0,19.69792322,18.79207995,3.21370068,-0.759022,16.07432972,4.75683602
2025-06-23,11.85,0.423728813559,26426507250.0,7332985680.45,2230085000.0,618817357.0,19.781389,18.8717074,3.22731806,-0.7622382,16.14244129,4.77699211
2025-06-24,12.04,1.603375527426,26850223400.0,7450560978.28,2230085000.0,618817357.0,20.09855895,19.17429174,3.27906409,-0.77445974,16.40126524,4.85358523
2025-06-25,12.08,0.332225913621,26939426800.0,7475313672.56,2230085000.0,618817357.0,20.16533157,19.23799371,3.28995799,-0.77703269,16.4557545,4.8697101
2025-06-26,11.92,-1.324503311258,26582613200.0,7376302895.44,2230085000.0,618817357.0,19.89824108,18.98318584,3.24638239,-0.76674087,16.23779748,4.80521063
2025-06-27,11.97,0.419463087248,26694117450.0,7407243763.29,2230085000.0,618817357.0,19.98170686,19.0628133,3.25999976,-0.76995706,16.30590905,4.82536671
2025-06-30,12.04,0.584795321637,26850223400.0,7438099578.28,2230085000.0,617782357.0,20.09855895,19.17429174,3.4563235,-0.77445974,16.40126524,4.85358523
2025-07-01,12.25,1.744186046512,27318541250.0,7567833873.25,2230085000.0,617782357.0,20.44911521,19.50872706,3.51660822,-0.78796776,16.68733382,4.93824078
2025-07-02,12.09,-1.30612244898,26961727650.0,7468988696.13,2230085000.0,617782357.0,20.18202472,19.2539192,3.47067701,-0.77767593,16.46937681,4.87374131
2025-07-03,12.15,0.496277915633,27095532750.0,7506055637.55,2230085000.0,617782357.0,20.28218365,19.34947215,3.48790121,-0.78153537,16.55111069,4.89792862
2025-07-04,12.21,0.493827160494,27229337850.0,7543122578.97,2230085000.0,617782357.0,20.38234259,19.4450251,3.50512541,-0.7853948,16.63284457,4.92211592
2025-07-07,12.07,-1.146601146601,26917125950.0,7456633048.99,2230085000.0,617782357.0,20.14863841,19.22206822,3.46493561,-0.77638945,16.44213218,4.86567888
2025-07-08,12.17,0.82850041425,27140134450.0,7518411284.69,2230085000.0,617782357.0,20.31556996,19.38132313,3.49364261,-0.78282184,16.57835532,4.90599105
2025-07-09,12.06,-0.903861955629,26894825100.0,7450455225.42,2230085000.0,617782357.0,20.13194526,19.20614272,3.46206491,-0.77574621,16.42850987,4.86164766
2025-07-10,12.03,-0.248756218905,26827922550.0,7431921754.71,2230085000.0,617782357.0,20.08186579,19.15836625,3.4534528,-0.7738165,16.38764293,4.84955401
2025-07-11,12.09,0.498753117207,26961727650.0,7468988696.13,2230085000.0,617782357.0,20.18202472,19.2539192,3.47067701,-0.77767593,16.46937681,4.87374131
2025-07-14,12.16,0.578990901572,27117833600.0,7512233461.12,2230085000.0,617782357.0,20.29887681,19.36539764,3.49077191,-0.7821786,16.564733,4.90195983
2025-07-15,12.0,-1.315789473684,26761020000.0,7413388284.0,2230085000.0,617782357.0,20.03178633,19.11058978,3.4448407,-0.77188678,16.34677599,4.83746036
2025-07-16,12.09,0.75,26961727650.0,7468988696.13,2230085000.0,617782357.0,20.18202472,19.2539192,3.47067701,-0.77767593,16.46937681,4.87374131
2025-07-17,12.27,1.488833746898,27363142950.0,7580189520.39,2230085000.0,617782357.0,20.48250152,19.54057805,3.52234962,-0.78925423,16.71457845,4.94630322
2025-07-18,12.47,1.629991850041,27809159950.0,7703745991.79,2230085000.0,617782357.0,20.81636462,19.85908788,3.57976363,-0.80211901,16.98702472,5.02692756
2025-07-21,12.58,0.882117080994,28054469300.0,7771702051.06,2230085000.0,617782357.0,20.99998933,20.03426828,3.61134134,-0.80919464,17.13687016,5.07127094
2025-07-22,12.47,-0.87440381558,27809159950.0,7703745991.79,2230085000.0,617782357.0,20.81636462,19.85908788,3.57976363,-0.80211901,16.98702472,5.02692756
2025-07-23,12.24,-1.844426623897,27296240400.0,7561656049.68,2230085000.0,617782357.0,20.43242205,19.49280157,3.51373752,-0.78732452,16.67371151,4.93420957
2025-07-24,12.36,0.980392156863,27563850600.0,7635789932.52,2230085000.0,617782357.0,20.63273992,19.68390747,3.54818592,-0.79504338,16.83717927,4.98258417
2025-07-25,12.33,-0.242718446602,27496948050.0,7617256461.81,2230085000.0,617782357.0,20.58266045,19.63613099,3.53957382,-0.79311367,16.79631233,4.97049052
2025-07-28,12.39,0.486618004866,27630753150.0,7654323403.23,2230085000.0,617782357.0,20.68281938,19.73168394,3.55679802,-0.7969731,16.87804621,4.99467782
2025-07-29,12.42,0.242130750605,27697655700.0,7672856873.94,2230085000.0,617782357.0,20.73289885,19.77946042,3.56541013,-0.79890282,16.91891315,5.00677147
2025-07-30,12.63,1.690821256039,28165973550.0,7802591168.91,2230085000.0,617782357.0,21.08345511,20.11389574,3.62569484,-0.81241084,17.20498173,5.09142703
2025-07-31,12.5,-1.029295328583,27876062500.0,7722279462.5,2230085000.0,617782357.0,20.86644409,19.90686435,3.58837573,-0.80404873,17.02789166,5.03902121
2025-08-01,12.65,1.2,28210575250.0,7814946816.05,2230085000.0,617782357.0,21.11684142,20.14574672,3.63143624,-0.81369732,17.23222636,5.09948946
2025-08-04,12.65,0.0,28210575250.0,7814946816.05,2230085000.0,617782357.0,21.11684142,20.14574672,3.63143624,-0.81369732,17.23222636,5.09948946
2025-08-05,12.55,-0.790513833992,27987566750.0,7753168580.35,2230085000.0,617782357.0,20.94990987,19.98649181,3.60272923,-0.80726493,17.09600322,5.05917729
2025-08-06,12.46,-0.717131474104,27786859100.0,7697568168.22,2230085000.0,617782357.0,20.79967147,19.84316238,3.57689293,-0.80147577,16.9734024,5.02289634
2025-08-07,12.35,-0.882825040128,27541549750.0,7629612108.95,2230085000.0,617782357.0,20.61604676,19.66798198,3.54531522,-0.79440015,16.82355696,4.97855295
2025-08-08,12.2,-1.214574898785,27207037000.0,7536944755.4,2230085000.0,617782357.0,20.36564943,19.42909961,3.50225471,-0.78475156,16.61922226,4.9180847
2025-08-11,12.37,1.393442622951,27586151450.0,7641967756.09,2230085000.0,617782357.0,20.64943307,19.69983296,3.55105662,-0.79568662,16.85080158,4.98661539
2025-08-12,12.28,-0.727566693614,27385443800.0,7586367343.96,2230085000.0,617782357.0,20.49919467,19.55650354,3.52522032,-0.78989747,16.72820076,4.95033444
2025-08-13,12.4,0.977198697068,27653054000.0,7660501226.8,2230085000.0,617782357.0,20.69951254,19.74760943,3.55966873,-0.79761634,16.89166852,4.99870904
2025-08-14,12.13,-2.177419354839,27050931050.0,7493699990.41,2230085000.0,617782357.0,20.24879734,19.31762116,3.48215981,-0.78024889,16.52386606,4.88986618
2025-08-15,12.37,1.978565539984,27586151450.0,7641967756.09,2230085000.0,617782357.0,20.64943307,19.69983296,3.55105662,-0.79568662,16.85080158,4.98661539
2025-08-18,12.45,0.646725949879,27764558250.0,7691390344.65,2230085000.0,617782357.0,20.78297831,19.82723689,3.57402223,-0.80083254,16.95978009,5.01886512
2025-08-19,12.47,0.160642570281,27809159950.0,7703745991.79,2230085000.0,617782357.0,20.81636462,19.85908788,3.57976363,-0.80211901,16.98702472,5.02692756
2025-08-20,12.46,-0.080192461909,27786859100.0,7697568168.22,2230085000.0,617782357.0,20.79967147,19.84316238,3.57689293,-0.80147577,16.9734024,5.02289634
2025-08-21,12.5,0.321027287319,27876062500.0,7722279462.5,2230085000.0,617782357.0,20.86644409,19.90686435,3.58837573,-0.80404873,17.02789166,5.03902121
2025-08-22,12.52,0.16,27920664200.0,7734635109.64,2230085000.0,617782357.0,20.8998304,19.93871533,3.59411713,-0.80533521,17.05513628,5.04708364
2025-08-25,12.73,1.67731629393,28388982050.0,7864369404.61,2230085000.0,617782357.0,21.25038666,20.27315065,3.65440184,-0.81884323,17.34120486,5.1317392
2025-08-26,12.36,-2.906520031422,27563850600.0,7635789932.52,2230085000.0,617782357.0,25.3139869,19.68390747,3.54818592,-0.79504338,19.54710322,5.61214423
2025-08-27,12.0,-2.912621359223,26761020000.0,7413388284.0,2230085000.0,617782357.0,24.57668631,19.11058978,3.4448407,-0.77188678,18.97777011,5.44868372
2025-08-28,11.85,-1.25,26426507250.0,7320720930.45,2230085000.0,617782357.0,24.26947773,18.8717074,3.40178019,-0.7622382,18.74054799,5.38057517
2025-08-29,11.84,-0.084388185654,26404206400.0,7314543106.88,2230085000.0,617782357.0,24.24899716,18.85578191,3.39890949,-0.76159496,18.72473318,5.3760346
2025-09-01,11.92,0.675675675676,26582613200.0,7363965695.44,2230085000.0,617782357.0,24.41284173,18.98318584,3.4218751,-0.76674087,18.85125165,5.41235916
2025-09-02,11.78,-1.174496644295,26270401300.0,7277476165.46,2230085000.0,617782357.0,24.12611372,18.76022896,3.38168529,-0.75773552,18.62984433,5.34879118
2025-09-03,11.62,-1.358234295416,25913587700.0,7178630988.34,2230085000.0,617782357.0,23.79842457,18.5054211,3.33575408,-0.7474437,18.37680739,5.27614207
2025-09-04,11.52,-0.860585197935,25690579200.0,7116852752.64,2230085000.0,617782357.0,23.59361885,18.34616618,3.30704707,-0.74101131,18.21865931,5.23073637
2025-09-05,11.65,1.128472222222,25980490250.0,7197164459.05,2230085000.0,617782357.0,23.85986629,18.55319757,3.34436618,-0.74937342,18.42425182,5.28976378
2025-09-08,11.73,0.68669527897,26158897050.0,7246587047.61,2230085000.0,617782357.0,24.02371086,18.68060151,3.36733179,-0.75451933,18.55077029,5.32608833
2025-09-09,11.56,-1.449275362319,25779782600.0,7141564046.92,2230085000.0,617782357.0,23.67554114,18.40986815,3.31852988,-0.74358427,18.28191854,5.24889865
2025-09-10,11.48,-0.692041522491,25601375800.0,7092141458.36,2230085000.0,617782357.0,23.51169657,18.28246422,3.29556427,-0.73843835,18.15540008,5.21257409
2025-09-11,11.56,0.696864111498,25779782600.0,7141564046.92,2230085000.0,617782357.0,23.67554114,18.40986815,3.31852988,-0.74358427,18.28191854,5.24889865
2025-09-12,11.51,-0.432525951557,25668278350.0,7110674929.07,2230085000.0,617782357.0,23.57313828,18.33024069,3.30417637,-0.74036807,18.2028445,5.2261958
2025-09-15,11.39,-1.042571676803,25400668150.0,7036541046.23,2230085000.0,617782357.0,23.32737142,18.1391348,3.26972797,-0.7326492,18.0130668,5.17170896
2025-09-16,11.41,0.17559262511,25445269850.0,7048896693.37,2230085000.0,617782357.0,23.36833256,18.17098578,3.27546937,-0.73393568,18.04469642,5.1807901
2025-09-17,11.44,0.262927256792,25512172400.0,7067430164.08,2230085000.0,617782357.0,23.42977428,18.21876225,3.28408147,-0.7358654,18.09214084,5.19441181
2025-09-18,11.59,1.311188811189,25846685150.0,7160097517.63,2230085000.0,617782357.0,23.73698286,18.45764462,3.32714198,-0.74551398,18.32936297,5.26252036
2025-09-19,11.39,-1.725625539258,25400668150.0,7036541046.23,2230085000.0,617782357.0,23.32737142,18.1391348,3.26972797,-0.7326492,18.0130668,5.17170896
2025-09-22,11.3,-0.790166812994,25199960500.0,6980940634.1,2230085000.0,617782357.0,23.14304627,17.99580537,3.24389166,-0.72686005,17.87073352,5.13084383
2025-09-23,11.03,-2.389380530973,24597837550.0,6814139397.71,2230085000.0,617782357.0,22.59007083,17.5658171,3.16638275,-0.7094926,17.4437337,5.00824845
2025-09-24,11.1,0.634632819583,24753943500.0,6857384162.7,2230085000.0,617782357.0,22.73343483,17.67729554,3.18647765,-0.71399527,17.55443736,5.04003244
2025-09-25,10.95,-1.351351351351,24419430750.0,6764716809.15,2230085000.0,617782357.0,22.42622625,17.43841317,3.14341714,-0.70434669,17.31721523,4.97192389
2025-09-26,10.79,-1.461187214612,24062617150.0,6665871632.03,2230085000.0,617782357.0,22.0985371,17.18360531,3.09748593,-0.69405486,17.06417829,4.89927478
2025-09-29,10.83,0.370713623726,24151820550.0,6690582926.31,2230085000.0,617782357.0,22.18045939,17.24730727,3.10896873,-0.69662782,17.12743753,4.91743706
2025-09-30,10.78,-0.461680517082,24040316300.0,6659693808.46,2230085000.0,617782357.0,22.07805653,17.16767981,3.03310702,-0.69341163,17.04836349,4.89473421
2025-10-09,10.94,1.484230055659,24397129900.0,6758538985.58,2230085000.0,617782357.0,22.40574568,17.42248768,3.07812531,-0.70370345,17.30140042,4.96738332
2025-10-10,11.0,0.54844606947,24530935000.0,6795605927.0,2230085000.0,617782357.0,22.52862911,17.51804063,3.09500716,-0.70756288,17.39628927,4.99462674
2025-10-13,10.81,-1.727272727273,24107218850.0,6678227279.17,2230085000.0,617782357.0,22.13949825,17.21545629,3.04154795,-0.69534134,17.09580791,4.90835592
2025-10-14,10.88,0.647548566142,24263324800.0,6721472044.16,2230085000.0,617782357.0,22.28286225,17.32693473,3.06124345,-0.69984401,17.20651157,4.9401399
2025-10-15,11.14,2.389705882353,24843146900.0,6882095456.98,2230085000.0,617782357.0,22.81535712,17.74099751,3.13439816,-0.71656823,17.61769659,5.05819472
2025-10-16,10.99,-1.346499102334,24508634150.0,6789428103.43,2230085000.0,617782357.0,22.50814854,17.50211514,3.09219352,-0.70691964,17.38047446,4.99008617
2025-10-17,10.83,-1.455868971793,24151820550.0,6690582926.31,2230085000.0,617782357.0,22.18045939,17.24730727,3.04717523,-0.69662782,17.12743753,4.91743706
2025-10-20,10.81,-0.184672206833,24107218850.0,6678227279.17,2230085000.0,617782357.0,22.13949825,17.21545629,3.04154795,-0.69534134,17.09580791,4.90835592
2025-10-21,10.9,0.832562442183,24307926500.0,6733827691.3,2230085000.0,617782357.0,22.32382339,17.35878571,3.06687073,-0.70113049,17.23814119,4.94922104
2025-10-22,10.93,0.275229357798,24374829050.0,6752361162.01,2230085000.0,617782357.0,22.38526511,17.40656219,3.07531166,-0.70306021,17.28558561,4.96284275
2025-10-23,10.99,0.548947849954,24508634150.0,6789428103.43,2230085000.0,617782357.0,22.50814854,17.50211514,3.09219352,-0.70691964,17.38047446,4.99008617
2025-10-24,11.13,1.273885350318,24820846050.0,6875917633.41,2230085000.0,617782357.0,22.79487655,17.72507202,3.13158452,-0.71592499,17.60188178,5.05365415
2025-10-27,11.13,0.0,24820846050.0,6875917633.41,2230085000.0,617782357.0,22.79487655,17.72507202,3.13158452,-0.71592499,17.60188178,5.05365415
2025-10-28,10.93,-1.796945193172,24374829050.0,6752361162.01,2230085000.0,617782357.0,26.04708442,17.40656219,3.07531166,-0.70306021,16.39471837,5.14451095
2025-10-29,11.43,4.574565416285,25489871550.0,7061252340.51,2230085000.0,617782357.0,27.23862534,18.20283676,3.21599381,-0.73522216,17.14470549,5.37984997
2025-10-30,11.26,-1.487314085739,25110757100.0,6956229339.82,2230085000.0,617782357.0,26.83350143,17.93210341,3.16816188,-0.7242871,16.88970987,5.2998347
2025-10-31,11.4,1.243339253996,25422969000.0,7042718869.8,2230085000.0,617782357.0,27.16713289,18.15506029,3.20755288,-0.73329244,17.09970626,5.36572963
2025-11-03,11.39,-0.087719298246,25400668150.0,7036541046.23,2230085000.0,617782357.0,27.14330207,18.1391348,3.20473924,-0.7326492,17.08470652,5.36102285
2025-11-04,11.56,1.492537313433,25779782600.0,7141564046.92,2230085000.0,617782357.0,27.54842598,18.40986815,3.25257116,-0.74358427,17.33970214,5.44103811
2025-11-05,11.48,-0.692041522491,25601375800.0,7092141458.36,2230085000.0,617782357.0,27.35777943,18.28246422,3.23006202,-0.73843835,17.2197042,5.40338387
2025-11-06,11.35,-1.132404181185,25311464750.0,7011829751.95,2230085000.0,617782357.0,27.04797879,18.07543283,3.19348466,-0.73007625,17.02470755,5.34219572
2025-11-07,11.24,-0.969162995595,25066155400.0,6943873692.68,2230085000.0,617782357.0,26.78583979,17.90025242,3.16253459,-0.72300062,16.85971038,5.29042114
2025-11-10,11.34,0.889679715302,25289163900.0,7005651928.38,2230085000.0,617782357.0,27.02414798,18.05950734,3.19067102,-0.72943301,17.00970781,5.33748894
2025-11-11,11.38,0.352733686067,25378367300.0,7030363222.66,2230085000.0,617782357.0,27.11947125,18.1232093,3.20192559,-0.73200596,17.06970678,5.35631607
2025-11-12,11.39,0.087873462214,25400668150.0,7036541046.23,2230085000.0,617782357.0,27.14330207,18.1391348,3.20473924,-0.7326492,17.08470652,5.36102285
2025-11-13,11.37,-0.17559262511,25356066450.0,7024185399.09,2230085000.0,617782357.0,27.09564043,18.10728381,3.19911195,-0.73136273,17.05470703,5.35160929
2025-11-14,11.39,0.175901495163,25400668150.0,7036541046.23,2230085000.0,617782357.0,27.14330207,18.1391348,3.20473924,-0.7326492,17.08470652,5.36102285
2025-11-17,11.22,-1.492537313433,25021553700.0,6931518045.54,2230085000.0,617782357.0,26.73817816,17.86840144,3.15690731,-0.72171414,16.8297109,5.28100758
2025-11-18,11.02,-1.782531194296,24575536700.0,6807961574.14,2230085000.0,617782357.0,26.26156179,17.54989161,3.10063445,-0.70884936,16.52971605,5.18687197
2025-11-19,10.91,-0.998185117967,24330227350.0,6740005514.87,2230085000.0,617782357.0,25.99942279,17.3747112,3.06968438,-0.70177373,16.36471889,5.13509739
2025-11-20,10.83,-0.733272227314,24151820550.0,6690582926.31,2230085000.0,617782357.0,25.80877624,17.24730727,3.04717523,-0.69662782,16.24472095,5.09744315
2025-11-21,10.42,-3.785780240074,23237485700.0,6437292159.94,2230085000.0,617782357.0,24.83171269,16.59436212,2.93181588,-0.67025502,15.62973151,4.90446515
2025-11-24,10.51,0.863723608445,23438193350.0,6492892572.07,2230085000.0,617782357.0,25.04619006,16.73769155,2.95713866,-0.67604417,15.76472919,4.94682617
2025-11-25,10.55,0.380589914367,23527396750.0,6517603866.35,2230085000.0,617782357.0,25.14151333,16.80139351,2.96839323,-0.67861713,15.82472816,4.96565329
2025-11-26,10.56,0.094786729858,23549697600.0,6523781689.92,2230085000.0,617782357.0,25.16534415,16.817319,2.97120688,-0.67926037,15.83972791,4.97036008
2025-11-27,10.57,0.094696969697,23571998450.0,6529959513.49,2230085000.0,617782357.0,25.18917496,16.83324449,2.97402052,-0.67990361,15.85472765,4.97506686
2025-11-28,10.46,-1.040681173132,23326689100.0,6462003454.22,2230085000.0,617782357.0,24.92703596,16.65806409,2.94307045,-0.67282798,15.68973048,4.92329227
2025-12-01,10.52,0.57361376673,23460494200.0,6499070395.64,2230085000.0,617782357.0,25.07002087,16.75361704,2.95995231,-0.67668741,15.77972894,4.95153295
2025-12-02,10.32,-1.901140684411,23014477200.0,6375513924.24,2230085000.0,617782357.0,24.59340451,16.43510721,2.90367945,-0.66382263,15.47973409,4.85739735
2025-12-03,10.22,-0.968992248062,22791468700.0,6313735688.54,2230085000.0,617782357.0,24.35509632,16.27585229,2.87554302,-0.65739024,15.32973667,4.81032954
2025-12-04,10.28,0.587084148728,22925273800.0,6350802629.96,2230085000.0,617782357.0,24.49808123,16.37140524,2.89242488,-0.66124968,15.41973512,4.83857022
2025-12-05,10.34,0.583657587549,23059078900.0,6387869571.38,2230085000.0,617782357.0,24.64106614,16.46695819,2.90930673,-0.66510911,15.50973357,4.86681091
2025-12-08,10.29,-0.483558994197,22947574650.0,6356980453.53,2230085000.0,617782357.0,24.52191205,16.38733073,2.89523852,-0.66189291,15.43473486,4.84327701
2025-12-09,10.27,-0.19436345967,22902972950.0,6344624806.39,2230085000.0,617782357.0,24.47425042,16.35547975,2.88961123,-0.66060644,15.40473538,4.83386344
2025-12-10,10.08,-1.850048685492,22479256800.0,6227246158.56,2230085000.0,617782357.0,24.02146487,16.05289541,2.83615202,-0.6483849,15.11974027,4.74443462
2025-12-11,9.84,-2.380952380952,21944036400.0,6078978392.88,2230085000.0,617782357.0,23.44952523,15.67068362,2.76862459,-0.63294716,14.75974646,4.63147189
2025-12-12,9.83,-0.10162601626,21921735550.0,6072800569.31,2230085000.0,617782357.0,23.42569441,15.65475812,2.76581095,-0.63230392,14.74474672,4.62676511
2025-12-15,9.92,0.915564598169,22122443200.0,6128400981.44,2230085000.0,617782357.0,23.64017177,15.79808755,2.79113373,-0.63809307,14.8797444,4.66912613
2025-12-16,9.82,-1.008064516129,21899434700.0,6066622745.74,2230085000.0,617782357.0,23.40186359,15.63883263,2.7629973,-0.63166068,14.72974697,4.62205833
2025-12-17,10.04,2.24032586558,22390053400.0,6202534864.28,2230085000.0,617782357.0,23.92614159,15.98919345,2.82489745,-0.64581194,15.0597413,4.7256075
2025-12-18,10.12,0.796812749004,22568460200.0,6251957452.84,2230085000.0,617782357.0,24.11678814,16.11659738,2.84740659,-0.65095785,15.17973924,4.76326174
2025-12-19,10.15,0.296442687747,22635362750.0,6270490923.55,2230085000.0,617782357.0,24.1882806,16.16437385,2.85584752,-0.65288757,15.22473847,4.77738208
2025-12-22,10.12,-0.295566502463,22568460200.0,6251957452.84,2230085000.0,617782357.0,24.11678814,16.11659738,2.84740659,-0.65095785,15.17973924,4.76326174
2025-12-23,9.97,-1.482213438735,22233947450.0,6159290099.29,2230085000.0,617782357.0,23.75932587,15.87771501,2.80520195,-0.64130927,14.95474311,4.69266003
2025-12-24,9.99,0.200601805416,22278549150.0,6171645746.43,2230085000.0,617782357.0,23.8069875,15.90956599,2.81082923,-0.64259575,14.98474259,4.70207359
2025-12-25,10.18,1.901901901902,22702265300.0,6289024394.26,2230085000.0,617782357.0,24.25977305,16.21215033,2.86428845,-0.65481729,15.2697377,4.79150242
2025-12-26,10.2,0.196463654224,22746867000.0,6301380041.4,2230085000.0,617782357.0,24.30743469,16.24400131,2.86991573,-0.65610376,15.29973718,4.80091598
2025-12-29,10.21,0.098039215686,22769167850.0,6307557864.97,2230085000.0,617782357.0,24.33126551,16.2599268,2.87272938,-0.656747,15.31473692,4.80562276
2025-12-30,10.14,-0.685602350637,22613061900.0,6264313099.98,2230085000.0,617782357.0,24.16444978,16.14844836,2.85303388,-0.65224433,15.20973873,4.7726753
2025-12-31,10.14,0.0,22613061900.0,6264305494.98,2230085000.0,617781607.0,24.16444978,29.40546161,2.79779213,-0.65224433,15.20973873,4.7726753
2026-01-05,10.35,2.07100591716,23081379750.0,6394039632.45,2230085000.0,617781607.0,24.66489696,30.01445046,2.85573457,-0.665752348539,15.52473332,4.87151769
2026-01-06,10.92,5.507246376812,24352528200.0,6746175148.44,2230085000.0,617781607.0,26.02325361,31.6674202,3.01300691,-0.70241697079,16.37971863,5.13980417
2026-01-07,10.76,-1.465201465201,23995714600.0,6647330091.32,2230085000.0,617781607.0,25.64196051,31.20342869,2.96886029,-0.692125146858,16.13972275,5.06449568
2026-01-08,10.76,0.0,23995714600.0,6647330091.32,2230085000.0,617781607.0,25.64196051,31.20342869,2.96886029,-0.692125146858,16.13972275,5.06449568
2026-01-09,11.1,3.159851301115,24753943500.0,6857375837.7,2230085000.0,617781607.0,26.45220834,32.18941064,3.06267186,-0.713995272511,16.64971399,5.22452622
2026-01-12,11.06,-0.36036036036,24664740100.0,6832664573.42,2230085000.0,617781607.0,26.35688506,32.07341276,3.05163521,-0.711422316393,16.58971502,5.20569909
2026-01-13,12.04,8.860759493671,26850223400.0,7438090548.28,2230085000.0,617781607.0,28.69230526,34.91536073,3.32203326,-0.774459736963,18.05968977,5.66696357
2026-01-14,11.89,-1.24584717608,26515710650.0,7345423307.23,2230085000.0,617781607.0,28.33484298,34.48036869,3.2806458,-0.76481115206,17.83469364,5.59636186
2026-01-15,11.39,-4.205214465938,25400668150.0,7036532503.73,2230085000.0,617781607.0,27.14330207,33.03039524,3.14268761,-0.732649203016,17.08470652,5.36102285
2026-01-16,11.04,-3.072870939421,24620138400.0,6820308941.28,2230085000.0,617781607.0,26.30922343,32.01541382,3.04611688,-0.710135838604,16.55971554,5.19628553
2026-01-19,11.13,0.815217391304,24820846050.0,6875909285.91,2230085000.0,617781607.0,26.52370079,32.27640905,3.07094935,-0.715924989329,16.69471322,5.23864656
2026-01-20,11.03,-0.898472596586,24597837550.0,6814131125.21,2230085000.0,617781607.0,26.28539261,31.98641435,3.04335771,-0.709492599574,16.5447158,5.19157875
2026-01-21,11.07,0.362647325476,24687040950.0,6838842389.49,2230085000.0,617781607.0,26.38071588,32.10241223,3.05439437,-0.712065555422,16.60471476,5.21040587
2026-01-22,11.17,0.903342366757,24910049450.0,6900620550.19,2230085000.0,617781607.0,26.61902406,32.39240692,3.08198601,-0.718497945177,16.75471219,5.25747368
2026-01-23,11.39,1.969561324978,25400668150.0,7036532503.73,2230085000.0,617781607.0,27.14330207,33.03039524,3.14268761,-0.732649203016,17.08470652,5.36102285
2026-01-26,11.71,2.809482001756,26114295350.0,7234222617.97,2230085000.0,617781607.0,27.90588825,33.95837825,3.23098086,-0.75323285034,17.56469827,5.51163982
2026-01-27,11.3,-3.501280956447,25199960500.0,6980932159.1,2230085000.0,617781607.0,26.9288247,32.76940002,3.11785514,-0.726860052021,16.94970884,5.31866182
2026-01-28,11.15,-1.327433628319,24865447750.0,6888264918.05,2230085000.0,617781607.0,26.57136243,32.33440798,3.07646768,-0.717211467388,16.7247127,5.24806012
2026-01-29,11.01,-1.255605381166,24553235850.0,6801775493.07,2230085000.0,617781607.0,26.23773097,31.92841542,3.03783939,-0.708206121515,16.51471631,5.18216519
2026-01-30,10.84,-1.544050862852,24174121400.0,6696752619.88,2230085000.0,617781607.0,25.83260706,31.43542444,2.9909336,-0.697271058824,16.25972069,5.10214993
2026-02-02,10.6,-2.214022140221,23638901000.0,6548485034.2,2230085000.0,617781607.0,25.26066742,30.73943719,2.92471367,-0.681833323196,15.89972687,4.9891872
2026-02-03,10.9,2.830188679245,24307926500.0,6733819516.3,2230085000.0,617781607.0,25.97559197,31.60942126,3.00748858,-0.701130492731,16.34971915,5.13039061
2026-02-04,10.99,0.825688073394,24508634150.0,6789419860.93,2230085000.0,617781607.0,26.19006933,31.87041648,3.03232106,-0.706919643456,16.48471683,5.17275163
2026-02-05,10.9,-0.818926296633,24307926500.0,6733819516.3,2230085000.0,617781607.0,25.97559197,31.60942126,3.00748858,-0.701130492731,16.34971915,5.13039061
2026-02-06,11.23,3.02752293578,25043854550.0,6937687446.61,2230085000.0,617781607.0,26.76200897,32.56640374,3.09854099,-0.722357379084,16.84471064,5.28571436
2026-02-09,11.22,-0.089047195013,25021553700.0,6931509630.54,2230085000.0,617781607.0,26.73817816,32.53740427,3.09578183,-0.721714140325,16.8297109,5.28100758
2026-02-10,11.15,-0.623885918004,24865447750.0,6888264918.05,2230085000.0,617781607.0,26.57136243,32.33440798,3.07646768,-0.717211467388,16.7247127,5.24806012
2026-02-11,11.33,1.614349775785,25266863050.0,6999465607.31,2230085000.0,617781607.0,27.00031716,32.85639843,3.12613263,-0.728789769109,16.99470807,5.33278216
2026-02-12,11.09,-2.118270079435,24731642650.0,6851198021.63,2230085000.0,617781607.0,26.42837752,32.16041117,3.0599127,-0.713352033481,16.63471425,5.21981944
2026-02-13,10.92,-1.532912533814,24352528200.0,6746175148.44,2230085000.0,617781607.0,26.02325361,31.6674202,3.01300691,-0.70241697079,16.37971863,5.13980417
2026-02-24,10.97,0.457875457875,24464032450.0,6777064228.79,2230085000.0,617781607.0,26.1424077,31.81241754,3.02680273,-0.705633165667,16.45471734,5.16333807
2026-02-25,11.18,1.914311759344,24932350300.0,6906798366.26,2230085000.0,617781607.0,26.64285488,32.42140639,3.08474517,-0.719141184207,16.76971193,5.26218046
2026-02-26,11.23,0.447227191413,25043854550.0,6937687446.61,2230085000.0,617781607.0,26.76200897,32.56640374,3.09854099,-0.722357379084,16.84471064,5.28571436
2026-02-27,11.35,1.06856634016,25311464750.0,7011821239.45,2230085000.0,617781607.0,27.04797879,32.91439736,3.13165096,-0.730076246898,17.02470755,5.34219572
2026-03-02,11.12,-2.026431718062,24798545200.0,6869731469.84,2230085000.0,617781607.0,26.49986997,32.24740958,3.06819019,-0.7152817503,16.67971348,5.23393978
2026-03-03,10.82,-2.697841726619,24129519700.0,6684396987.74,2230085000.0,617781607.0,25.78494542,31.3774255,2.98541527,-0.695984580765,16.22972121,5.09273636
2026-03-04,10.93,1.016635859519,24374829050.0,6752352964.51,2230085000.0,617781607.0,26.04708442,31.69641966,3.01576608,-0.70306020955,16.39471837,5.14451095
2026-03-05,10.57,-3.293687099726,23571998450.0,6529951585.99,2230085000.0,617781607.0,25.18917496,30.65243878,2.91643618,-0.679903606108,15.85472765,4.97506686
2026-03-06,10.89,3.027436140019,24285625650.0,6727641700.23,2230085000.0,617781607.0,25.95176115,31.58042179,3.00472942,-0.700487253702,16.3347194,5.12568383
2026-03-09,10.97,0.734618916437,24464032450.0,6777064228.79,2230085000.0,617781607.0,26.1424077,31.81241754,3.02680273,-0.705633165667,16.45471734,5.16333807
2026-03-10,11.02,0.455788514129,24575536700.0,6807953309.14,2230085000.0,617781607.0,26.26156179,31.95741489,3.04059855,-0.708849360545,16.52971605,5.18687197
2026-03-11,11.02,0.0,24575536700.0,6807953309.14,2230085000.0,617781607.0,26.26156179,31.95741489,3.04059855,-0.708849360545,16.52971605,5.18687197
2026-03-12,11.26,2.177858439201,25110757100.0,6956220894.82,2230085000.0,617781607.0,26.83350143,32.65340214,3.10681848,-0.724287096173,16.88970987,5.2998347
2026-03-13,11.46,1.776198934281,25556774100.0,7079777216.22,2230085000.0,617781607.0,27.3101178,33.23339152,3.16200176,-0.737151875952,17.18970472,5.39397031
2026-03-16,11.56,0.87260034904,25779782600.0,7141555376.92,2230085000.0,617781607.0,27.54842598,33.52338621,3.1895934,-0.743584265707,17.33970214,5.44103811
2026-03-17,11.46,-0.865051903114,25556774100.0,7079777216.22,2230085000.0,617781607.0,27.3101178,33.23339152,3.16200176,-0.737151875952,17.18970472,5.39397031
2026-03-18,11.46,0.0,25556774100.0,7079777216.22,2230085000.0,617781607.0,27.3101178,33.23339152,3.16200176,-0.737151875952,17.18970472,5.39397031
2026-03-19,11.1,-3.141361256545,24753943500.0,6857375837.7,2230085000.0,617781607.0,26.45220834,32.18941064,3.06267186,-0.713995272511,16.64971399,5.22452622
2026-03-20,10.98,-1.081081081081,24486333300.0,6783242044.86,2230085000.0,617781607.0,26.16623852,31.84141701,3.0295619,-0.706276404697,16.46971708,5.16804485
2026-03-23,10.69,-2.64116575592,23839608650.0,6604085378.83,2230085000.0,617781607.0,25.47514478,31.00043241,2.94954614,-0.687622473922,16.03472456,5.03154822
2026-03-24,10.87,1.683816651076,24241023950.0,6715286068.09,2230085000.0,617781607.0,25.90409951,31.52242285,2.99921109,-0.699200775643,16.30471992,5.11627027
2026-03-25,11.06,1.747930082797,24664740100.0,6832664573.42,2230085000.0,617781607.0,26.35688506,32.07341276,3.05163521,-0.711422316393,16.58971502,5.20569909
2026-03-26,10.72,-3.074141048825,23906511200.0,6622618827.04,2230085000.0,617781607.0,25.54663724,31.08743081,2.95782364,-0.68955219101,16.07972378,5.04566856
2026-03-27,11.26,5.037313432836,25110757100.0,6956220894.82,2230085000.0,617781607.0,26.83350143,32.65340214,3.10681848,-0.724287096173,16.88970987,5.2998347
2026-03-30,11.19,-0.621669626998,24954651150.0,6912976182.33,2230085000.0,617781607.0,26.6666857,32.45040586,3.08750434,-0.719784423236,16.78471167,5.26688724
2026-03-31,10.7,-4.37890974084,23861909500.0,6610263194.9,2230085000.0,617781607.0,31.02943188,31.02943188,2.91219431,-0.837543217044,43.45960764,5.16908919
2026-04-01,11.17,4.392523364486,24910049450.0,6900620550.19,2230085000.0,617781607.0,32.39240692,32.39240692,3.04011313,-0.874332498401,45.36858106,5.39614264
2026-04-02,10.96,-1.880035810206,24441731600.0,6770886412.72,2230085000.0,617781607.0,31.78341807,31.78341807,2.98295791,-0.857894734327,44.51563549,5.29469322
2026-04-03,10.53,-3.923357664234,23482795050.0,6505240321.71,2230085000.0,617781607.0,30.5364409,30.5364409,2.86592581,-0.824236455485,42.76912789,5.08696347
2026-04-07,10.46,-0.664767331434,23326689100.0,6461995609.22,2230085000.0,617781607.0,30.33344462,30.33344462,2.84687407,-0.818757200884,42.4848127,5.053147
2026-04-08,10.74,2.676864244742,23951112900.0,6634974459.18,2230085000.0,617781607.0,31.14542975,31.14542975,2.92308102,-0.840674219558,43.62207346,5.18841288
2026-04-09,10.44,-2.793296089385,23282087400.0,6449639977.08,2230085000.0,617781607.0,30.27544568,30.27544568,2.84143071,-0.817191699492,42.40357979,5.04348515
2026-04-10,10.46,0.191570881226,23326689100.0,6461995609.22,2230085000.0,617781607.0,30.33344462,30.33344462,2.84687407,-0.818757200884,42.4848127,5.053147
2026-04-13,10.24,-2.103250478011,22836070400.0,6326083655.68,2230085000.0,617781607.0,29.6954563,29.6954563,2.78699718,-0.801536686114,41.59125068,4.94686666
2026-04-14,10.31,0.68359375,22992176350.0,6369328368.17,2230085000.0,617781607.0,29.89845258,29.89845258,2.80604891,-0.807015940715,41.87556587,4.98068313
2026-04-15,10.45,1.357904946654,23304388250.0,6455817793.15,2230085000.0,617781607.0,30.30444515,30.30444515,2.84415239,-0.817974450188,42.44419625,5.04831607
2026-04-16,10.51,0.574162679426,23438193350.0,6492884689.57,2230085000.0,617781607.0,30.47844196,30.47844196,2.86048245,-0.822670954093,42.68789498,5.07730162
2026-04-17,10.32,-1.807802093245,23014477200.0,6375506184.24,2230085000.0,617781607.0,29.92745205,29.92745205,2.80877059,-0.807798691411,41.91618232,4.98551406
2026-04-20,10.24,-0.77519379845,22836070400.0,6326083655.68,2230085000.0,617781607.0,29.6954563,29.6954563,2.78699718,-0.801536686114,41.59125068,4.94686666
2026-04-21,10.08,-1.5625,22479256800.0,6227238598.56,2230085000.0,617781607.0,29.2314648,29.2314648,2.74345035,-0.78901267552,40.94138739,4.86957187
2026-04-22,10.11,0.297619047619,22546159350.0,6245772046.77,2230085000.0,617781607.0,29.3184632,29.3184632,2.75161538,-0.791360927338,41.06323675,4.88406464
2026-04-23,9.86,-2.472799208704,21988638100.0,6091326645.02,2230085000.0,617781607.0,37.17326784,28.59347648,2.68357345,-1.00337700204,35.74482345,4.98177218
2026-04-24,9.92,0.608519269777,22122443200.0,6128393541.44,2230085000.0,617781607.0,37.39947433,28.76747329,2.69990351,-1.00948274423,35.96233759,5.01208723
2026-04-27,9.84,-0.806451612903,21944036400.0,6078971012.88,2230085000.0,617781607.0,37.09786567,28.53547754,2.6781301,-1.001341754464,35.67231873,4.97166717
2026-04-28,9.75,-0.914634146341,21743328750.0,6023370668.25,2230085000.0,617781607.0,36.75855592,28.27448232,2.65363501,-0.992183140774,35.34604753,4.9261946
2026-04-29,9.76,1.87891440501,21765629600.0,6029548484.32,2230085000.0,617781607.0,36.79625701,28.30348179,2.65635668,-0.993200764698,35.38229988,4.93124711
2026-04-30,10.03,2.766393442623,22367752550.0,6196349518.21,2230085000.0,617781607.0,37.81418625,29.08646745,2.72984196,-1.020676605496,36.36111351,5.06766481
2026-05-06,10.0,-0.299102691924,22300850000.0,6177816070.0,2230085000.0,617781607.0,37.701083,28.99946904,2.72167693,-1.017623734266,36.25235644,5.05250728
2026-05-07,9.98,-0.2,22256248300.0,6165460438.0,,,37.63,50.25,2.72,,,
2026-05-08,10.14,1.6,22613061900.0,6264305495.0,,,38.23,51.06,2.76,,,
2026-05-11,10.03,-1.085,,,,,,,,,,
2026-05-20,9.39,-2.795,20940498150.0,5800969289.748521,,,35.40233727810651,47.28337278106509,2.5558579881656804,,34.04096269716,4.744304335920001
2026-05-21,9.23,-1.704,20583684550.0,5702124232.628205,,,34.79910256410256,46.47769230769231,2.512307692307692,,33.46092499412,4.663464219440001
2026-05-22,9.27,0.433,20672887950.0,5726835496.908284,,,34.94991124260355,46.679112426035495,2.5231952662721886,,33.60593441987999,4.683674248560001
2026-05-25,9.03,-2.589,20137667550.0,5578567911.227811,,,34.04505917159763,45.47059171597632,2.4578698224852062,,32.73587786531999,4.56241407384
2026-05-26,9.17,1.55,20449879450.0,5665057336.208087,,,34.57288954635108,46.17556213017751,2.495976331360946,,33.24341085547999,4.633149175760001
2026-05-27,8.98,-2.072,20026163300.0,5547678830.877712,,,33.856548323471394,45.21881656804734,2.444260355029585,,32.55461608312,4.537151537440001
2026-05-28,8.9,-0.891,19847756500.0,5498256302.317554,,,33.55493096646942,44.81597633136095,2.422485207100591,,32.2645972316,4.496731479200001
2026-05-29,8.9,0.0,19847756500.0,5498256302.317554,,,33.55493096646942,44.81597633136095,2.422485207100591,,32.2645972316,4.496731479200001
2026-06-01,9.05,1.685,20182269250.0,5590923543.36785,,,34.12046351084812,45.57130177514794,2.4633136094674546,,32.8083825782,4.572519088400002
2026-06-02,8.86,-2.099,19758553100.0,5473545038.037475,,,33.404122287968434,44.61455621301775,2.4115976331360933,,32.11958780584,4.476521450080001
2026-06-03,8.68,-2.032,19357137800.0,5362344348.77712,,,32.725483234714,43.70816568047337,2.3626035502958564,,31.46704538992,4.385576319040001
2026-06-04,8.51,-1.959,18978023350.0,5257321475.586784,,,32.08454635108481,42.85213017751479,2.316331360946744,,30.85075533044,4.299683695280001
2026-06-05,8.57,0.705,19111828450.0,5294388372.006903,,,32.31075936883629,43.15426035502959,2.33266272189349,,31.06826946908,4.3299987389600005
2026-06-08,8.36,-2.45,18643510600.0,5164654234.536489,,,31.51901380670611,42.09680473372781,2.27550295857988,,30.306969983839995,4.22389608608
2026-06-09,8.38,0.239,18688112300.0,5177009866.676529,,,31.59441814595661,42.19751479289941,2.280946745562129,,30.37947469672,4.2340011006400005
2026-06-10,8.46,0.955,18866519100.0,5226432395.236688,,,31.89603550295858,42.600355029585806,2.302721893491123,,30.669493548239995,4.274421158880001
2026-06-11,8.38,-0.946,18688112300.0,5177009866.67653,,,31.59441814595661,42.19751479289941,2.2809467455621286,,30.37947469672,4.2340011006400005
2026-06-12,8.65,3.222,19290235250.0,5343810900.567062,,,32.61237672583827,43.55710059171598,2.354437869822484,,31.3582883206,4.3704187972
2026-06-15,8.61,-0.462,19201031850.0,5319099636.286983,,,32.46156804733727,43.35568047337279,2.3435502958579866,,31.21327889484,4.35020876808
2026-06-16,8.47,-1.626,18888819950.0,5232610211.306707,,,31.933737672583828,42.650710059171615,2.305443786982248,,30.70574590468,4.279473666160001
2026-06-17,8.35,-1.417,18621209750.0,5158476418.46647,,,31.481311637080868,42.04644970414203,2.2727810650887568,,30.2707176274,4.2188435788000005
2026-06-18,8.42,0.838,18777315700.0,5201721130.956609,,,31.745226824457603,42.39893491124263,2.291834319526626,,30.52448412248,4.254211129760001
2026-06-19,8.42,0.838,18777315700.0,5201721130.956609,,,31.745226824457603,42.39893491124263,2.291834319526626,,30.52448412248,4.254211129760001
2026-06-22,8.43,0.119,18799616550.0,5207898947.0266285,,,31.78292899408285,42.44928994082843,2.2945562130177506,,30.56073647892,4.259263637040001
2026-06-23,8.61,2.135,19201031850.0,5319099636.286984,,,32.46156804733729,43.35568047337281,2.3435502958579875,,31.21327889484,4.350208768080001
2026-06-24,8.46,-1.742,18866519100.000004,5226432395.23669,,,31.8960355029586,42.60035502958584,2.302721893491124,,30.66949354824001,4.274421158880002
2026-06-25,8.19,-3.191,18264396150.0,5059631361.346156,,,30.87807692307693,41.24076923076927,2.229230769230769,,29.690679924360005,4.138003462320001
2026-06-26,7.9,-3.54,17617671500.0,4880415445.0,,,29.78,39.78,2.26,,28.639361587600007,3.9914807512000015
2026-06-29,8.21,3.924,18308997850.0,5071925418.158228,,,30.948582278481013,41.34098734177216,2.348683544303797,,29.76318463724001,4.148108476880001
2026-06-30,7.94,-3.289,17706874900.0,4905126409.278481,,,29.930784810126585,39.981417721518994,2.271443037974683,,28.78437101336001,4.01169078032
2026-07-01,8.25,3.9,18416417250.0,5114852383.0,,,31.13,41.58,2.36,,29.908194063000007,4.168318506
2026-07-02,8.39,1.697,18728938270.0,5201649877.984242,,,31.65826666666666,42.2856,2.400048484848485,,30.41572705316001,4.239053607920001
2026-07-03,8.54,1.788,19063782220.0,5294647194.038787,,,32.22426666666665,43.0416,2.442957575757576,,30.95951239976,4.314841217120001
2026-07-06,8.75,2.459,19532563750.000004,5424843436.515151,,,33.01666666666666,44.10000000000001,2.5030303030303034,,31.720811885,4.420943870000001
2026-07-07,8.4,-4.0,18751261200.000004,5207849699.054545,,,31.69599999999999,42.33600000000001,2.4029090909090915,,30.451979409600003,4.244106115200002
2026-07-08,8.3,-1.19,18528031900.000004,5145851488.351516,,,31.31866666666665,41.832000000000015,2.374303030303031,,30.089455845200003,4.193581042400002
2026-07-09,8.21,-1.084,18327125530.000008,5090053098.718789,,,30.97906666666665,41.37840000000001,2.3485575757575767,,29.76318463724,4.148108476880002
2026-07-10,8.42,2.558,18795907060.000008,5220249341.195152,,,31.771466666666644,42.43680000000001,2.408630303030304,,30.52448412248,4.254211129760001
2026-07-13,8.44,0.238,18840552920.000008,5232648983.335758,,,31.846933333333308,42.53760000000001,2.414351515151516,,30.59698883536,4.26431614432
2026-07-14,8.57,1.54,19130751010.00001,5313246657.249698,,,32.33746666666664,43.19280000000002,2.4515393939393952,,31.06826946908,4.3299987389600005
2026-07-15,8.76,2.217,19554886680.00001,5431043257.585455,,,33.05439999999997,44.15040000000002,2.5058909090909105,,31.75706424144,4.425996377280001
2026-07-16,8.89,1.484,19845084770.00001,5511640931.499395,,,33.544933333333304,44.80560000000003,2.5430787878787897,,32.22834487516,4.491678971920001
2026-07-17,8.49,-4.5,18952167570.0,5263648088.0,,,32.04,42.79,2.42,,30.77825061756,4.289578680720001
2026-07-20,8.66,2.002,19331657380.0,5369045046.18139,,,32.68155477031802,43.64680800942285,2.468457008244994,,31.39454067704001,4.37547130448
2026-07-21,8.56,-1.155,19108428080.0,5307046835.486455,,,32.30416961130743,43.142803297997645,2.439952885747939,,31.032017112640013,4.324946231680001
2026-07-22,8.61,0.58,19220042730.0,5338045941.0,,,32.49,43.4,2.46,,31.213278894840013,4.350208768080001
2026-07-23,8.67,0.697,19353980310.000004,5375244867.418119,,,32.71641114982579,43.702439024390245,2.4771428571428573,,31.43079303348001,4.380523811760001
2026-07-24,8.37,-3.46,18684292410.0,5189250235.327527,,,31.584355400696865,42.19024390243902,2.3914285714285715,,30.34322234028001,4.22894859336
2026-07-27,8.55,2.151,19086105150.0,5300847014.581883,,,32.26358885017422,43.09756097560976,2.442857142857143,,30.995764756200018,4.319893724400001
2026-07-28,8.45,-1.17,18862875850.0,5238848804.0,,,31.89,42.59,2.41,,30.63324119180001,4.2693686516
2026-07-29,8.58,1.538,19153073940.0,5319446477.907693,,,32.38061538461539,43.24523076923078,2.447076923076924,,31.104521825520013,4.33505124624
2026-07-30,8.66,0.932,19331657380.0,5369045046.466272,,,32.6825325443787,43.64844970414202,2.469893491124261,,31.394540677040013,4.37547130448
2026-07-31,8.72,0.693,19465594960.0,5406243972.885207,,,32.90897041420119,43.95086390532545,2.487005917159764,,31.612054815680008,4.40578634816
2026-08-03,8.89,1.95,19845084770.0,5511640931.072189,,,33.550544378698234,44.80770414201184,2.535491124260356,,32.228344875160005,4.49167897192
2026-08-04,8.87,-0.225,19800438910.0,5499241288.932544,,,33.475065088757404,44.70689940828402,2.5297869822485217,,32.15584016228,4.481573957359999
2026-08-05,8.76,-1.24,19554886680.000004,5431043257.164496,,,33.05992899408285,44.15247337278107,2.4984142011834334,,31.757064241440013,4.425996377279999
2026-08-07,9.05,3.311,20202251650.000008,5610838068.189349,,,34.15437869822487,45.614142011834325,2.581124260355032,,32.80838257820002,4.5725190884
2026-08-10,9.04,-0.11,20179928720.000004,5604638247.119526,,,34.11663905325445,45.56373964497041,2.5782721893491147,,32.772130221760015,4.56746658112
2026-08-11,9.02,-0.221,20135282860.000004,5592238604.979881,,,34.04115976331362,45.4629349112426,2.5725680473372803,,32.69962550888002,4.55736156656
2026-08-12,8.96,-0.665,20001345280.000004,5555039678.560947,,,33.814721893491146,45.16052071005917,2.555455621301778,,32.48211137024002,4.527046522880001
2026-08-13,8.96,0.0,20001345280.000004,5555039678.560947,,,33.814721893491146,45.16052071005917,2.555455621301778,,32.48211137024002,4.527046522880001
2026-08-14,8.89,-0.781,19845084770.000004,5511640931.072189,,,33.55054437869824,44.80770414201183,2.535491124260358,,32.22834487516002,4.491678971920001
2026-08-17,8.86,-0.337,19778115980.0,5493041467.8627205,,,33.437325443787,44.65649704142011,2.5269349112426065,,32.11958780584001,4.476521450080001
2026-08-18,9.25,4.402,20648710250.0,5734834489.585797,,,34.90917159763316,46.62218934911242,2.638165680473376,,33.53342970700001,4.673569234000001
2026-08-19,8.91,-3.676,19889730630.0,5524040573.211833,,,33.62602366863908,44.90850887573964,2.541195266272193,,32.30084958804001,4.501783986480001
2026-08-20,9.45,6.061,21095168850.0,5858830910.982246,,,35.66396449704145,47.630236686390525,2.69520710059172,,34.2584768358,4.774619379600001
2026-08-21,9.02,-4.55,20135282860.0,5592238604.979879,,,34.04115976331364,45.4629349112426,2.5725680473372825,,32.699625508880004,4.557361566560001
2026-08-24,8.62,-4.435,19242365660.0,5344245762.18698,,,32.53157396449707,43.446840236686384,2.458485207100596,,31.24953125128,4.35526127536
2026-08-25,8.86,2.784,19778115980.0,5493041467.86272,,,33.43732544378701,44.65649704142012,2.526934911242608,,32.119587805840006,4.47652145008
2026-08-26,8.85,-0.113,19755793050.0,5486841646.792897,,,33.399585798816595,44.60609467455621,2.524082840236691,,32.08333544940001,4.4714689428
2026-08-27,8.85,0.0,19755793050.0,5486841646.792897,,,33.399585798816595,44.60609467455621,2.524082840236691,,32.08333544940001,4.4714689428
2026-08-28,8.77,-0.904,19577209610.0,5437243078.234317,,,33.09766863905328,44.202875739644966,2.501266272189353,,31.79331659788001,4.43104888456
2026-08-31,8.64,-1.482,19287011520.000004,5356645404.326626,,,32.6070532544379,43.54764497041421,2.4641893491124303,,31.32203596416001,4.365366289920001
2026-09-01,8.78,1.62,19599532540.0,5443442899.30414,,,33.1354082840237,44.25327810650888,2.50411834319527,,31.82956895432,4.436101391839999
2026-09-02,8.49,-3.303,18952167570.000004,5263648088.279288,,,32.04095857988169,42.79160946745563,2.4214082840236726,,30.77825061756,4.28957868072
2026-09-03,8.4,-1.06,18751261200.000004,5207849698.650886,,,31.701301775147964,42.33798816568048,2.395739644970418,,30.451979409600003,4.2441061152
2026-09-04,8.39,-0.119,18728938270.000004,5201649877.581063,,,31.66356213017755,42.28758579881658,2.3928875739645004,,30.415727053160005,4.239053607920001
2026-09-07,8.31,-0.954,18550354830.000004,5152051309.022484,,,31.36164497041424,41.884366863905335,2.370071005917163,,30.12570820164,4.19863354968
2026-09-08,8.44,1.564,18840552920.0,5232648982.930175,,,31.852260355029607,42.5395976331361,2.407147928994086,,30.596988835360005,4.26431614432
2026-09-09,8.25,-2.251,18416417250.0,5114852382.603548,,,31.135207100591728,41.581952662721896,2.35295857988166,,29.908194063000007,4.168318506
2026-09-10,8.52,3.273,19019136360.0,5282247551.488754,,,32.154177514792906,42.94281656804733,2.429964497041424,,30.887007686880004,4.30473620256
2026-09-11,8.18,-3.991,18260156740.0,5071453635.11479,,,30.87102958579882,41.229136094674544,2.3329940828402407,,29.654427567920006,4.13295095504
2026-09-14,8.04,-1.711,17947635719.999996,4984656140.137275,,,30.34267455621302,40.52350295857987,2.2930650887574004,,29.146894577760005,4.06221585312
2026-09-15,8.03,-0.124,17925312789.999996,4978456319.067452,,,30.304934911242604,40.47310059171596,2.2902130177514834,,29.110642221320003,4.05716334584
2026-09-16,7.95,-0.996,17746729349.999996,4928857750.508873,,,30.00301775147929,40.069881656804725,2.267396449704146,,28.820623369800007,4.016743287600001
2026-09-17,7.96,0.126,17769052279.999996,4935057571.578695,,,30.040757396449703,40.120284023668624,2.270248520710063,,28.85687572624001,4.02179579488
2026-09-18,8.08,1.508,18036927440.0,5009455424.416565,,,30.49363313609468,40.72511242603549,2.304473372781069,,29.29190400352001,4.082425882240001
2026-09-21,8.3,2.723,18528031900.0,5145851487.95266,,,31.3239053254438,41.83396449704141,2.367218934911247,,30.08945584520001,4.193581042400001
2026-09-22,8.22,-0.964,18349448460.0,5096252919.394079,,,31.02198816568049,41.43074556213017,2.3444023668639096,,29.799436993680008,4.15316098416
2026-09-23,8.12,-1.217,18126219160.0,5034254708.695853,,,30.644591715976343,40.92672189349111,2.315881656804738,,29.43691342928,4.102635911359999
2026-09-24,8.02,-1.232,17902989860.0,4972256497.997628,,,30.267195266272203,40.42269822485206,2.2873609467455664,,29.07438986488,4.052110838559999
2026-09-25,8.02,-1.232,17902989860.0,4972256497.997628,,,30.267195266272203,40.42269822485206,2.2873609467455664,,29.07438986488,4.052110838559999
2026-09-28,8.01,-0.125,17880666930.0,4966056676.927806,,,30.22945562130179,40.37229585798816,2.284508875739649,,29.03813750844,4.047058331279999
2026-09-29,8.04,0.375,17947635720.0,4984656140.137273,,,30.34267455621303,40.52350295857988,2.2930650887574004,,29.14689457776,4.062215853119999
2026-09-30,8.19,1.866,18282479670.0,5077653456.184609,,,30.908769230769245,41.27953846153847,2.335846153846158,,29.69067992436,4.13800346232
2026-10-01,8.19,1.866,18282479670.0,5077653456.184609,,,30.908769230769245,41.27953846153847,2.335846153846158,,29.69067992436,4.13800346232
2026-10-02,8.19,1.866,18282479670.0,5077653456.184609,,,30.908769230769245,41.27953846153847,2.335846153846158,,29.69067992436,4.13800346232
2026-10-05,8.19,1.866,18282479670.0,5077653456.184609,,,30.908769230769245,41.27953846153847,2.335846153846158,,29.69067992436,4.13800346232
2026-10-06,8.19,1.866,18282479670.0,5077653456.184609,,,30.908769230769245,41.27953846153847,2.335846153846158,,29.69067992436,4.13800346232
2026-10-07,8.19,1.866,18282479670.0,5077653456.184609,,,30.908769230769245,41.27953846153847,2.335846153846158,,29.69067992436,4.13800346232
2026-10-08,8.19,0.0,18282479670.0,5077653456.184609,,,30.908769230769245,41.27953846153847,2.335846153846158,,29.69067992436,4.13800346232
2026-10-09,8.22,0.366,18349448460.000004,5096252919.394077,,,31.021988165680494,41.4307455621302,2.3444023668639096,,29.799436993680004,4.15316098416
