数据日期,当日收盘价,当日涨跌幅,总市值,流通市值,总股本,流通股本,PE(TTM),PE(静),市净率,PEG值,市现率,市销率
2018-01-02,21.65,0.510677808728,40330742054.55,39983478219.55,1862851827.0,1846811927.0,23.52759127,25.90996718,4.11072017,6.31634141,13.1874125,1.35510057
2018-01-03,21.87,1.016166281755,40740569456.49,40389776843.49,1862851827.0,1846811927.0,23.76667072,26.17325553,4.15249192,6.38052594,13.32141854,1.36887064
2018-01-04,21.84,-0.137174211248,40684683901.68,40334372485.68,1862851827.0,1846811927.0,23.73406898,26.13735257,4.14679577,6.3717735,13.30314499,1.3669929
2018-01-05,21.89,0.228937728938,40777826493.03,40426713082.03,1862851827.0,1846811927.0,23.78840522,26.19719083,4.15628935,6.3863609,13.3336009,1.37012247
2018-01-08,21.36,-2.421196893559,39790515024.72,39447902760.72,1862851827.0,1846811927.0,23.21244109,25.56290526,4.0556574,6.23173453,13.01076817,1.3369491
2018-01-09,21.6,1.123595505618,40237599463.2,39891137623.2,1862851827.0,1846811927.0,23.47325504,25.85012891,4.10122659,6.30175401,13.15695658,1.351971
2018-01-10,22.15,2.546296296296,41262167968.05,40906884183.05,1862851827.0,1846811927.0,24.07095366,26.50834979,4.20565597,6.46221534,13.49197168,1.38639619
2018-01-11,22.47,1.444695259594,41858280552.69,41497863999.69,1862851827.0,1846811927.0,24.41870559,26.89131466,4.26641488,6.55557466,13.68688955,1.40642539
2018-01-12,21.97,-2.225189141077,40926854639.19,40574458036.19,1862851827.0,1846811927.0,23.8753432,26.29293205,4.17147908,6.40970073,13.38233037,1.37512977
2018-01-15,21.3,-3.049613108785,39678743915.1,39337094045.1,1862851827.0,1846811927.0,23.14723761,25.49109935,4.04426511,6.21422965,12.97422107,1.33319363
2018-01-16,21.58,1.31455399061,40200342426.66,39854201384.66,1862851827.0,1846811927.0,23.45152054,25.82619361,4.09742916,6.29591906,13.14477421,1.35071918
2018-01-17,20.65,-4.309545875811,38467890227.55,38136666292.55,1862851827.0,1846811927.0,22.4408665,24.71320195,3.92084857,6.02459354,12.57829414,1.29250932
2018-01-18,20.62,-0.145278450363,38412004672.74,38081261934.74,1862851827.0,1846811927.0,22.40826476,24.67729899,3.91515242,6.0158411,12.56002059,1.29063158
2018-01-19,20.78,0.775945683802,38710060965.06,38376751843.06,1862851827.0,1846811927.0,22.58214072,24.86878143,3.94553187,6.06252076,12.65747952,1.30064618
2018-01-22,21.3,2.502406159769,39678743915.1,39337094045.1,1862851827.0,1846811927.0,23.14723761,25.49109935,4.04426511,6.21422965,12.97422107,1.33319363
2018-01-23,21.18,-0.56338028169,39455201695.86,39115476613.86,1862851827.0,1846811927.0,23.01683063,25.34748752,4.02148052,6.17921991,12.90112687,1.32568268
2018-01-24,21.74,2.644003777148,40498398718.98,40149691292.98,1862851827.0,1846811927.0,23.6253965,26.01767605,4.12780861,6.34259872,13.24223315,1.36073378
2018-01-25,21.5,-1.103955841766,40051314280.5,39706456430.5,1862851827.0,1846811927.0,23.36458256,25.73045239,4.08223943,6.27257923,13.09604474,1.34571188
2018-01-26,21.5,0.0,40051314280.5,39706456430.5,1862851827.0,1846811927.0,23.36458256,25.73045239,4.08223943,6.27257923,13.09604474,1.34571188
2018-01-29,20.69,-3.767441860465,38542404300.63,38210538769.63,1862851827.0,1846811927.0,22.4843355,24.76107256,3.92844343,6.03626345,12.60265887,1.29501297
2018-01-30,20.93,1.159980666989,38989488739.11,38653773632.11,1862851827.0,1846811927.0,22.74514944,25.04829621,3.97401262,6.10628294,12.74884728,1.31003487
2018-01-31,20.58,-1.672240802676,38337490599.66,38007389457.66,1862851827.0,1846811927.0,22.36479577,24.62942838,3.90755755,6.00417119,12.53565585,1.28812793
2018-02-01,19.55,-5.004859086492,36418753217.85,36105173172.85,1862851827.0,1846811927.0,21.24546926,23.3967602,3.71198981,5.70367088,11.90826394,1.22365894
2018-02-02,19.33,-1.125319693095,36008925815.91,35698874548.91,1862851827.0,1846811927.0,21.00638981,23.13347185,3.67021805,5.63948635,11.7742579,1.20988887
2018-02-05,19.75,2.172788411795,36791323583.25,36474535558.25,1862851827.0,1846811927.0,21.46281421,23.63611324,3.74996413,5.76202045,12.03008761,1.23617719
2018-02-06,19.57,-0.911392405063,36456010254.39,36142109411.39,1862851827.0,1846811927.0,21.26720375,23.4206955,3.71578724,5.70950584,11.92044631,1.22491077
2018-02-07,19.56,-0.051098620337,36437381736.12,36123641292.12,1862851827.0,1846811927.0,21.25633651,23.40872785,3.71388852,5.70658836,11.91435512,1.22428485
2018-02-08,19.99,2.19836400818,37238408021.73,36917770420.73,1862851827.0,1846811927.0,21.72362816,23.9233369,3.79553331,5.83203994,12.17627602,1.25119909
2018-02-09,18.45,-7.703851925963,34369616208.15,34073680053.15,1862851827.0,1846811927.0,20.05007201,22.08031845,3.50313104,5.38274822,11.23823375,1.15480857
2018-02-12,18.76,1.680216802168,34947100274.52,34646191750.52,1862851827.0,1846811927.0,20.38695669,22.45131567,3.56199124,5.47319006,11.42706044,1.17421185
2018-02-13,18.84,0.426439232409,35096128420.68,34793936704.68,1862851827.0,1846811927.0,20.47389467,22.54705689,3.57718097,5.49652989,11.47578991,1.17921915
2018-02-14,19.15,1.645435244161,35673612487.05,35366448402.05,1862851827.0,1846811927.0,20.81077935,22.91805411,3.63604116,5.58697173,11.6646166,1.19862244
2018-02-22,19.62,2.454308093995,36549152845.74,36234450007.74,1862851827.0,1846811927.0,21.32153999,23.48053376,3.72528082,5.72409323,11.95090223,1.22804033
2018-02-23,19.55,-0.356778797146,36418753217.85,36105173172.85,1862851827.0,1846811927.0,21.24546926,23.3967602,3.71198981,5.70367088,11.90826394,1.22365894
2018-02-26,19.87,1.636828644501,37014865802.49,36696152989.49,1862851827.0,1846811927.0,21.59322118,23.77972507,3.77274872,5.7970302,12.10318182,1.24368814
2018-02-27,19.98,0.553598389532,37219779503.46,36899302301.46,1862851827.0,1846811927.0,21.71276091,23.91136925,3.79363459,5.82912246,12.17018484,1.25057318
2018-02-28,20.15,0.850850850851,37536464314.05,37213260329.05,1862851827.0,1846811927.0,21.89750412,24.11481933,3.82591277,5.8787196,12.27373496,1.26121369
2018-03-01,21.5,6.699751861042,40051314280.5,39706456430.5,1862851827.0,1846811927.0,23.36458256,25.73045239,4.08223943,6.27257923,13.09604474,1.34571188
2018-03-02,20.89,-2.837209302326,38914974666.03,38579901155.03,1862851827.0,1846811927.0,22.70168045,25.0004256,3.96641775,6.09461303,12.72448254,1.30753122
2018-03-05,21.11,1.053135471517,39324802067.97,38986199778.97,1862851827.0,1846811927.0,22.9407599,25.26371395,4.0081895,6.15879756,12.85848858,1.32130129
2018-03-06,21.15,0.189483657035,39399316141.05,39060072256.05,1862851827.0,1846811927.0,22.98422889,25.31158456,4.01578437,6.17046747,12.88285332,1.32380494
2018-03-07,20.71,-2.080378250591,38579661337.17,38247475008.17,1862851827.0,1846811927.0,22.50606999,24.78500786,3.93224086,6.04209841,12.61484124,1.29626479
2018-03-08,20.84,0.627716079189,38821832074.68,38487560558.68,1862851827.0,1846811927.0,22.64734421,24.94058734,3.95692417,6.08002563,12.69402663,1.30440165
2018-03-09,21.31,2.25527831094,39697372433.37,39355562164.37,1862851827.0,1846811927.0,23.15810485,25.503067,4.04616382,6.21714713,12.98031226,1.33381954
2018-03-12,21.74,2.017832003754,40498398718.98,40149691292.98,1862851827.0,1846811927.0,23.6253965,26.01767605,4.12780861,6.34259872,13.24223315,1.36073378
2018-03-13,21.73,-0.045998160074,40479770200.71,40131223173.71,1862851827.0,1846811927.0,23.61452926,26.00570839,4.1259099,6.33968124,13.23614197,1.36010787
2018-03-14,21.59,-0.644270593649,40218970944.93,39872669503.93,1862851827.0,1846811927.0,23.46238779,25.83816126,4.09932787,6.29883654,13.1508654,1.35134509
2018-03-15,21.33,-1.204261232052,39734629469.91,39392498402.91,1862851827.0,1846811927.0,23.17983935,25.5270023,4.04996126,6.22298209,12.99249462,1.33507137
2018-03-16,21.2,-0.609470229723,39492458732.4,39152412852.4,1862851827.0,1846811927.0,23.03856513,25.37142282,4.02527795,6.18505487,12.91330924,1.3269345
2018-03-19,21.63,2.028301886792,40293485018.01,39946541981.01,1862851827.0,1846811927.0,23.50585678,25.88603187,4.10692274,6.31050645,13.17523013,1.35384874
2018-03-20,21.55,-0.369856680536,40144456871.85,39798797026.85,1862851827.0,1846811927.0,23.4189188,25.79029065,4.09173301,6.28716662,13.12650066,1.34884144
2018-03-21,21.29,-1.206496519722,39660115396.83,39318625925.83,1862851827.0,1846811927.0,23.13637036,25.47913169,4.04236639,6.21131217,12.96812989,1.33256772
2018-03-22,20.8,-2.301550023485,38747318001.6,38413688081.6,1862851827.0,1846811927.0,24.89271673,24.89271673,3.94932931,6.06835572,12.78094508,1.30223427
2018-03-23,20.62,-0.865384615385,38412004672.74,38081261934.74,1862851827.0,1846811927.0,24.67729899,24.67729899,3.91515242,6.0158411,12.67034074,1.29096493
2018-03-26,20.7,0.387972841901,38561032818.9,38229006888.9,1862851827.0,1846811927.0,24.77304021,24.77304021,3.93034215,6.03918093,12.71949822,1.29597352
2018-03-27,21.68,4.734299516908,40386627609.36,40038882577.36,1862851827.0,1846811927.0,25.94587013,25.94587013,4.11641632,6.32509384,13.32167737,1.35732879
2018-03-28,22.77,5.027675276753,42417136100.79,42051907577.79,1862851827.0,1846811927.0,27.25034423,27.25034423,4.32337636,6.64309902,13.99144805,1.42557088
2018-03-29,22.99,0.966183574879,42826963502.73,42458206201.73,1862851827.0,1846811927.0,27.51363258,27.51363258,4.36514811,6.70728355,14.12663112,1.43934451
2018-03-30,25.29,10.004349717268,47111522704.83,46705873633.83,1862851827.0,1846811927.0,30.2661926,30.2661926,4.8018528,7.37830366,15.5399087,1.58334157
2018-04-02,27.13,7.27560300514,50539170690.5,50104008203.5,1862851850.0,1846811950.0,32.46824102,32.46824102,5.09223384,7.91511984,16.67053097,1.69853924
2018-04-03,27.61,1.769259122742,51433339578.5,50990477939.5,1862851850.0,1846811950.0,33.04268834,33.04268834,5.18232865,8.05515882,16.96547586,1.7285908
2018-04-04,26.29,-4.780876494024,48974375136.5,48552686165.5,1862851850.0,1846811950.0,31.46295822,31.46295822,4.93456792,7.67005162,16.15437741,1.645949
2018-04-09,26.11,-0.684670977558,48639061803.5,48220260014.5,1862851850.0,1846811950.0,31.24754048,31.24754048,4.90078236,7.61753701,16.04377308,1.63467967
2018-04-10,26.17,0.229797012639,48750832914.5,48331068731.5,1862851850.0,1846811950.0,31.31934639,31.31934639,4.91204421,7.63504188,16.08064119,1.63843611
2018-04-11,25.9,-1.031715705006,48247862915.0,47832429505.0,1862851850.0,1846811950.0,30.99621978,30.99621978,4.86136588,7.55626995,15.91473469,1.62153211
2018-04-12,24.98,-3.552123552124,46534039213.0,46133362511.0,1862851850.0,1846811950.0,29.89519575,29.89519575,4.68868416,7.28786191,15.34942365,1.56393329
2018-04-13,24.98,0.0,46534039213.0,46133362511.0,1862851850.0,1846811950.0,29.89519575,29.89519575,4.68868416,7.28786191,15.34942365,1.56393329
2018-04-16,25.46,1.921537229784,47428208101.0,47019832247.0,1862851850.0,1846811950.0,30.46964307,30.46964307,4.77877897,7.42790089,15.64436854,1.59398485
2018-04-17,24.24,-4.791830322074,45155528844.0,44766721668.0,1862851850.0,1846811950.0,29.00958947,29.00958947,4.54978799,7.07196848,14.89471695,1.5176038
2018-04-18,25.47,5.074257425743,47446836619.5,47038300366.5,1862851850.0,1846811950.0,30.48161072,30.48161072,4.78065595,7.43081837,15.65051323,1.59461092
2018-04-19,25.22,-0.981546917943,46981123657.0,46576597379.0,1862851850.0,1846811950.0,30.18241941,30.18241941,4.73373157,7.3578814,15.4968961,1.57895907
2018-04-20,25.26,0.158604282316,47055637731.0,46650469857.0,1862851850.0,1846811950.0,30.23029002,30.23029002,4.74123947,7.36955131,15.52147484,1.58146336
2018-04-23,22.77,-9.857482185273,42417136624.5,42051908101.5,1862851850.0,1846811950.0,27.25034457,27.25034457,4.27387263,6.64309911,13.99144822,1.42557089
2018-04-24,23.73,4.216073781291,44205474400.5,43824847573.5,1862851850.0,1846811950.0,28.3992392,28.3992392,4.45406225,6.92317707,14.581338,1.48567402
2018-04-25,23.54,-0.800674252002,43851532549.0,43473953303.0,1862851850.0,1846811950.0,28.1718538,28.1718538,4.41839972,6.86774497,14.46458898,1.47377861
2018-04-26,23.56,0.084961767205,43888789586.0,43510889542.0,1862851850.0,1846811950.0,28.19578911,28.19578911,4.42215367,6.87357993,14.47687835,1.47503075
2018-04-27,23.38,-0.764006791171,43553476253.0,43178463391.0,1862851850.0,1846811950.0,27.98037136,27.98037136,4.38836812,6.82106531,14.36627402,1.46376142
2018-05-02,25.36,8.46877673225,47241922916.0,46835151052.0,1862851850.0,1846811950.0,37.42912829,30.34996654,4.76000922,7.3987261,17.82881577,1.58856849
2018-05-03,25.66,1.182965299685,47800778471.0,47389194637.0,1862851850.0,1846811950.0,37.87190189,30.70899612,4.81631848,7.48625046,18.03972447,1.6073607
2018-05-04,24.97,-2.689010132502,46515410694.5,46114894391.5,1862851850.0,1846811950.0,36.85352261,29.8832281,4.68680718,7.28494443,17.55463445,1.56413861
2018-05-07,25.71,2.963556267521,47893921063.5,47481535234.5,1862851850.0,1846811950.0,37.94569749,30.76883438,4.82570335,7.50083786,18.07487592,1.61049274
2018-05-08,25.75,0.155581485803,47968435137.5,47555407712.5,1862851850.0,1846811950.0,38.00473397,30.81670499,4.83321125,7.51250777,18.10299708,1.61299836
2018-05-09,25.56,-0.73786407767,47614493286.0,47204513442.0,1862851850.0,1846811950.0,37.72431069,30.58931959,4.79754872,7.45707568,17.96942157,1.60109663
2018-05-10,25.19,-1.447574334898,46925238101.5,46521193020.5,1862851850.0,1846811950.0,37.17822325,30.14651645,4.72810064,7.34912896,17.70930083,1.57791956
2018-05-11,26.47,5.081381500595,49309688469.5,48885112316.5,1862851850.0,1846811950.0,39.06739061,31.67837596,4.96835347,7.72256624,18.60917797,1.65809968
2018-05-14,25.08,-5.251227805062,46720324398.0,46318043706.0,1862851850.0,1846811950.0,37.01587293,30.01487228,4.70745391,7.3170367,17.63196764,1.57102909
2018-05-15,25.35,1.076555023923,47223294397.5,46816682932.5,1862851850.0,1846811950.0,37.41436917,30.33799889,4.75813224,7.39580862,17.82178548,1.58794208
2018-05-16,25.21,-0.552268244576,46962495138.5,46558129259.5,1862851850.0,1846811950.0,37.20774149,30.17045176,4.73185459,7.35496392,17.72336141,1.57917238
2018-05-17,24.45,-3.014676715589,45546727732.5,45154552177.5,1862851850.0,1846811950.0,36.08604837,29.26091017,4.58920447,7.13323553,17.18905936,1.53156544
2018-05-18,24.59,0.572597137014,45807526991.5,45413105850.5,1862851850.0,1846811950.0,36.29267605,29.42845731,4.61548212,7.17408024,17.28748343,1.54033514
2018-05-21,25.47,3.578690524603,47446836619.5,47038300366.5,1862851850.0,1846811950.0,37.59147861,30.48161072,4.78065595,7.43081837,17.90614896,1.59545896
2018-05-22,25.97,1.963093835885,48378262544.5,47961706341.5,1862851850.0,1846811950.0,38.32943461,31.07999334,4.87450471,7.5766923,18.25766346,1.62677932
2018-05-23,25.88,-0.346553715826,48210605878.0,47795493266.0,1862851850.0,1846811950.0,38.19660253,30.97228447,4.85761193,7.550435,18.19439085,1.62114166
2018-05-24,25.96,0.309119010819,48359634026.0,47943238222.0,1862851850.0,1846811950.0,38.31467549,31.06802569,4.87262773,7.57377483,18.25063317,1.62615291
2018-05-25,26.02,0.231124807396,48471405137.0,48054046939.0,1862851850.0,1846811950.0,38.40323021,31.1398316,4.88388958,7.5912797,18.29281491,1.62991136
2018-05-28,25.5,-1.998462720984,47502722175.0,47093704725.0,1862851850.0,1846811950.0,37.63575597,30.51751368,4.78628687,7.4395708,17.92723983,1.59733819
2018-05-29,26.35,3.333333333333,49086146247.5,48663494882.5,1862851850.0,1846811950.0,38.89028117,31.53476413,4.94582977,7.6875565,18.52481449,1.65058279
2018-05-30,25.74,-2.314990512334,47949806619.0,47536939593.0,1862851850.0,1846811950.0,37.98997485,30.80473734,4.83133428,7.50959029,18.09596679,1.61237196
2018-05-31,26.99,4.856254856255,50278371431.5,49845454530.5,1862851850.0,1846811950.0,39.83486485,32.30069389,5.06595618,7.87427514,18.97475306,1.69067285
2018-06-01,27.02,0.111152278622,50334256987.0,49900858889.0,1862851850.0,1846811950.0,39.87914221,32.33659685,5.07158711,7.88302757,18.99584393,1.69255207
2018-06-04,25.23,-6.624722427831,46999752175.5,46595065498.5,1862851850.0,1846811950.0,37.23725973,30.19438706,4.73560854,7.36079888,17.73742199,1.58042519
2018-06-05,26.06,3.289734443123,48545919211.0,48127919417.0,1862851850.0,1846811950.0,38.46226669,31.18770221,4.89139749,7.60294961,18.32093607,1.63241699
2018-06-06,27.0,3.607060629317,50296999950.0,49863922650.0,1862851850.0,1846811950.0,39.84962397,32.31266154,5.06783316,7.87719262,18.98178335,1.69129926
2018-06-07,26.74,-0.962962962963,49812658469.0,49383751543.0,1862851850.0,1846811950.0,39.46588685,32.00150258,5.0190318,7.80133817,18.7989958,1.67501267
2018-06-08,26.36,-1.421091997008,49104774766.0,48681963002.0,1862851850.0,1846811950.0,38.90504029,31.54673179,4.94770674,7.69047398,18.53184478,1.6512092
2018-06-11,26.2,-0.606980273141,48806718470.0,48386473090.0,1862851850.0,1846811950.0,38.66889437,31.35524935,4.91767514,7.64379432,18.41936014,1.64118669
2018-06-12,25.96,-0.916030534351,48359634026.0,47943238222.0,1862851850.0,1846811950.0,38.31467549,31.06802569,4.87262773,7.57377483,18.25063317,1.62615291
2018-06-13,25.97,0.038520801233,48378262544.5,47961706341.5,1862851850.0,1846811950.0,38.32943461,31.07999334,4.87450471,7.5766923,18.25766346,1.62677932
2018-06-14,25.51,-1.771274547555,47521350693.5,47112172844.5,1862851850.0,1846811950.0,37.65051509,30.52948133,4.78816385,7.44248828,17.93427012,1.59796459
2018-06-15,25.07,-1.72481379851,46701695879.5,46299575586.5,1862851850.0,1846811950.0,37.00111381,30.00290462,4.70557694,7.31411922,17.62493735,1.57040268
2018-06-19,22.87,-8.775428799362,42603421809.5,42236589296.5,1862851850.0,1846811950.0,33.75410741,27.37002109,4.29264238,6.67227389,16.07827352,1.43259311
2018-06-20,23.51,2.798425885439,43787724123.5,43418548944.5,1862514850.0,1846811950.0,34.69241391,28.1308609,4.4119705,6.8577517,16.52522205,1.47241675
2018-06-21,23.53,0.085070182901,43824974420.5,43455485183.5,1862514850.0,1846811950.0,34.72192681,28.15479188,4.41572378,6.86358561,16.53928008,1.47366934
2018-06-22,24.24,3.017424564386,45147359964.0,44766721668.0,1862514850.0,1846811950.0,35.76963476,29.00434148,4.54896491,7.07068912,17.03834039,1.5181362
2018-06-25,24.29,0.206270627063,45240485706.5,44859062265.5,1862514850.0,1846811950.0,35.84341701,29.06416892,4.55834809,7.08527388,17.07348548,1.52126767
2018-06-26,24.98,2.840675174969,46525620953.0,46133362511.0,1862514850.0,1846811950.0,36.86161206,29.88978755,4.68783595,7.28654349,17.55848774,1.56448194
2018-06-27,24.87,-0.440352281825,46320744319.5,45930213196.5,1862514850.0,1846811950.0,36.69929111,29.75816719,4.66719296,7.25445703,17.48116854,1.55759271
2018-06-28,24.2,-1.022494887526,45072859370.0,44692849190.0,1862514850.0,1846811950.0,35.71060896,28.95647953,4.54145837,7.05902132,17.01022431,1.51563102
2018-06-29,25.27,4.421487603306,47065750259.5,46668937976.5,1862514850.0,1846811950.0,37.28954911,30.23678668,4.74225839,7.37113507,17.76232927,1.58264446
2018-07-02,25.23,-0.158290463,46991249665.5,46595065498.5,1862514850.0,1846811950.0,37.23052331,30.18892473,4.98268404,7.35946727,17.7342132,1.58013929
2018-07-03,26.2,3.844629409433,48797889070.0,48386473090.0,1862514850.0,1846811950.0,38.66189896,31.34957701,5.17424977,7.64241151,18.41602797,1.64088979
2018-07-04,25.16,-3.969465648855,46860873626.0,46465788662.0,1862514850.0,1846811950.0,37.12722816,30.10516632,4.96885971,7.33904861,17.68501007,1.57575523
2018-07-05,23.69,-5.842607313196,44122976796.5,43750975095.5,1862514850.0,1846811950.0,34.95803001,28.34623967,4.67854875,6.91025682,16.65174438,1.48369004
2018-07-06,24.8,4.685521317011,46190368280.0,45800936360.0,1862514850.0,1846811950.0,36.59599596,29.67440878,4.89776315,7.23403838,17.43196541,1.55320865
2018-07-09,25.29,1.975806451613,47103000556.5,46705874215.5,1862514850.0,1846811950.0,37.31906201,30.26071766,4.99453347,7.37696897,17.77638731,1.58389705
2018-07-10,25.39,0.395413206801,47289252041.5,46890555410.5,1862514850.0,1846811950.0,37.46662651,30.38037253,5.01428251,7.40613848,17.84667749,1.59015999
2018-07-11,24.72,-2.638834186688,46041367092.0,45653191404.0,1862514850.0,1846811950.0,36.47794436,29.57868488,4.88196391,7.21070277,17.37573326,1.5481983
2018-07-12,25.43,2.87216828479,47363752635.5,46964427888.5,1862514850.0,1846811950.0,37.52565231,30.42823448,5.02218213,7.41780629,17.87479356,1.59266516
2018-07-13,25.34,-0.353912701534,47196126299.0,46798214813.0,1862514850.0,1846811950.0,37.39284426,30.3205451,5.00440799,7.39155373,17.8115324,1.58702852
2018-07-16,25.68,1.341752170481,47829381348.0,47426130876.0,1862514850.0,1846811950.0,37.89456356,30.72737167,5.07155474,7.49073006,18.05051902,1.60832251
2018-07-17,25.5,-0.700934579439,47494128675.0,47093704725.0,1862514850.0,1846811950.0,37.62894746,30.51199289,5.03600646,7.43822494,17.92399669,1.59704922
2018-07-18,25.31,-0.745098039216,47140250853.5,46742810454.5,1862514850.0,1846811950.0,37.34857491,30.28464863,4.99848327,7.38280288,17.79044534,1.58514964
2018-07-19,26.15,3.318846305808,48704763327.5,48294132492.5,1862514850.0,1846811950.0,38.58811671,31.28974958,5.16437525,7.62782676,18.38088288,1.63775832
2018-07-20,26.43,1.070745697897,49226267485.5,48811239838.5,1862514850.0,1846811950.0,39.00129731,31.62478322,5.21967258,7.70950138,18.5776954,1.65529454
2018-07-23,28.42,7.529322739311,52932672037.0,52486395619.0,1862514850.0,1846811950.0,41.93783085,34.00591522,5.61267857,8.28997462,19.97647004,1.77992701
2018-07-24,28.86,1.548205489092,53752178571.0,53298992877.0,1862514850.0,1846811950.0,42.58711465,34.53239666,5.69957437,8.41832047,20.28574684,1.80748394
2018-07-25,28.61,-0.866250866251,53286549858.5,52837289889.5,1862514850.0,1846811950.0,42.2182034,34.23325948,5.65020176,8.34539669,20.11002139,1.79182659
2018-07-26,27.79,-2.866130723523,51759287681.5,51322904090.5,1862514850.0,1846811950.0,41.0081745,33.25208951,5.48825959,8.10620671,19.53364189,1.7404705
2018-07-27,27.51,-1.007556675063,51237783523.5,50805796744.5,1862514850.0,1846811950.0,40.5949939,32.91705586,5.43296226,8.02453209,19.33682937,1.72293427
2018-07-30,27.38,-0.472555434387,50995656593.0,50565711191.0,1862514850.0,1846811950.0,40.40316005,32.76150453,5.4072885,7.98661172,19.24545213,1.71479246
2018-07-31,27.19,-0.693937180424,50641778771.5,50214816920.5,1862514850.0,1846811950.0,40.12278751,32.53416027,5.36976532,7.93118966,19.11190079,1.70289287
2018-08-01,27.62,1.581463773446,51442660157.0,51008946059.0,1862514850.0,1846811950.0,40.75731485,33.04867623,5.45468621,8.05661855,19.41414857,1.72982351
2018-08-02,27.24,-1.375814627082,50734904514.0,50307157518.0,1862514850.0,1846811950.0,40.19656976,32.5939877,5.37963984,7.94577441,19.14704588,1.70602434
2018-08-03,25.89,-4.955947136564,48220509466.5,47813961385.5,1862514850.0,1846811950.0,38.20444901,30.9786469,5.11302773,7.55198603,18.19812841,1.62147468
2018-08-06,25.12,-2.974121282348,46786373032.0,46391916184.0,1862514850.0,1846811950.0,37.06820236,30.05730437,4.96096009,7.32738081,17.656894,1.57325005
2018-08-07,26.14,4.06050955414,48686138179.0,48275664373.0,1862514850.0,1846811950.0,38.57336026,31.27778409,5.16240035,7.62490981,18.37385386,1.63713202
2018-08-08,26.38,0.918133129304,49133141743.0,48718899241.0,1862514850.0,1846811950.0,38.92751506,31.56495579,5.20979806,7.69491663,18.5425503,1.65216307
2018-08-09,27.91,5.799848369977,51982789463.5,51544521524.5,1862514850.0,1846811950.0,41.1852519,33.39567536,5.51195844,8.14121013,19.61799011,1.74798603
2018-08-10,28.02,0.394123969903,52187666097.0,51747670839.0,1862514850.0,1846811950.0,41.34757285,33.52729572,5.53368239,8.17329659,19.69530931,1.75487526
2018-08-13,29.05,3.675945753034,54106056392.5,53649887147.5,1862514850.0,1846811950.0,42.8674872,34.75974093,5.73709756,8.47374253,20.41929819,1.81938352
2018-08-14,28.52,-1.824440619621,53118923522.0,52671076814.0,1862514850.0,1846811950.0,42.08539535,34.12557009,5.63242762,8.31914413,20.04676022,1.78618995
2018-08-15,27.94,-2.03366058906,52038664909.0,51599925883.0,1862514850.0,1846811950.0,41.22952125,33.43157182,5.51788316,8.14996098,19.63907716,1.74986491
2018-08-16,27.43,-1.825340014316,51088782335.5,50658051788.5,1862514850.0,1846811950.0,40.4769423,32.82133196,5.41716303,8.00119648,19.28059723,1.71792392
2018-08-17,27.51,0.291651476486,51237783523.5,50805796744.5,1862514850.0,1846811950.0,40.5949939,32.91705586,5.43296226,8.02453209,19.33682937,1.72293427
2018-08-20,27.49,-0.07270083606,51200533226.5,50768860505.5,1862514850.0,1846811950.0,40.565481,32.89312489,5.42901245,8.01869819,19.32277134,1.72168169
2018-08-21,27.67,0.654783557657,51535785899.5,51101286656.5,1862514850.0,1846811950.0,40.8310971,33.10850366,5.46456073,8.0712033,19.44929367,1.73295498
2018-08-22,27.13,-1.951572099747,50530027880.5,50104008203.5,1862514850.0,1846811950.0,40.03424881,32.46236734,5.35791589,7.91368795,19.06972668,1.69913511
2018-08-23,27.75,2.285293033542,51684787087.5,51249031612.5,1862514850.0,1846811950.0,40.9491487,33.20422756,5.48035997,8.09453891,19.50552581,1.73796533
2018-08-24,27.8,0.18018018018,51777912830.0,51341372210.0,1862514850.0,1846811950.0,41.02293095,33.264055,5.49023449,8.10912366,19.5406709,1.7410968
2018-08-27,29.15,4.856115107914,54292307877.5,53834568342.5,1862514850.0,1846811950.0,40.12002162,34.8793958,5.7568466,8.50291204,28.08363154,1.70761051
2018-08-28,29.36,0.720411663808,54683435996.0,54222398852.0,1862514850.0,1846811950.0,40.40905093,35.13067104,5.79831959,8.56416801,28.28594929,1.71991234
2018-08-29,29.04,-1.089918256131,54087431244.0,53631419028.0,1862514850.0,1846811950.0,39.96862531,34.74777544,5.73512265,8.47082558,27.97765557,1.7011667
2018-08-30,28.34,-2.410468319559,52783670849.0,52338650663.0,1862514850.0,1846811950.0,39.00519426,33.91019132,5.59687934,8.26663902,27.30326304,1.66016061
2018-08-31,28.35,0.035285815102,52802295997.5,52357118782.5,1862514850.0,1846811950.0,39.01895756,33.92215681,5.59885424,8.26955597,27.31289722,1.66074641
2018-09-03,29.92,5.537918871252,55726444312.0,55256613544.0,1862514850.0,1846811950.0,41.17979577,35.80073833,5.90891425,8.72751727,28.82546331,1.7527172
2018-09-04,30.9,3.275401069519,57551708865.0,57066489255.0,1862514850.0,1846811950.0,42.52859924,36.9733561,6.10245489,9.01337846,29.76961285,1.81012572
2018-09-05,30.18,-2.330097087379,56210698173.0,55736784651.0,1862514850.0,1846811950.0,41.53764159,36.111841,5.96026176,8.80335799,29.07595196,1.76794804
2018-09-06,30.85,2.22001325381,57458583122.5,56974148657.5,1862514850.0,1846811950.0,42.45978274,36.91352866,6.09258036,8.99879371,29.72144195,1.80719672
2018-09-07,29.34,-4.894651539708,54646185699.0,54185462613.0,1862514850.0,1846811950.0,40.38152433,35.10674006,5.79436979,8.55833411,28.26668093,1.71874073
2018-09-10,29.04,-1.022494887526,54087431244.0,53631419028.0,1862514850.0,1846811950.0,39.96862531,34.74777544,5.73512265,8.47082558,27.97765557,1.7011667
2018-09-11,29.24,0.68870523416,54459934214.0,54000781418.0,1862514850.0,1846811950.0,40.24389132,34.98708519,5.77462074,8.5291646,28.17033915,1.71288272
2018-09-12,29.51,0.923392612859,54962813223.5,54499420644.5,1862514850.0,1846811950.0,40.61550044,35.31015335,5.82794316,8.60792228,28.43046198,1.72869935
2018-09-13,30.22,2.405964079973,56285198767.0,55810657129.0,1862514850.0,1846811950.0,41.59269479,36.15970295,5.96816138,8.8150258,29.11448868,1.77029124
2018-09-14,27.2,-9.993381866314,50660403920.0,50233285040.0,1862514850.0,1846811950.0,37.43617797,32.54612575,5.37174022,7.93410661,26.20496665,1.59337928
2018-09-17,26.0,-4.411764705882,48425386100.0,48017110700.0,1862514850.0,1846811950.0,35.78458189,31.11026727,5.13475168,7.58407249,25.04886518,1.52308313
2018-09-18,27.26,4.846153846154,50772154811.0,50344093757.0,1862514850.0,1846811950.0,37.51875778,32.61791868,5.38358965,7.95160831,26.26277172,1.59689408
2018-09-19,28.28,3.741746148202,52671919958.0,52227841946.0,1862514850.0,1846811950.0,38.92261445,33.83839839,5.58502991,8.24913731,27.24545797,1.65664581
2018-09-20,28.07,-0.742574257426,52280791839.5,51840011436.5,1862514850.0,1846811950.0,38.63358514,33.58712316,5.54355691,8.18788134,27.04314021,1.64434398
2018-09-21,28.09,0.071250445315,52318042136.5,51876947675.5,1862514850.0,1846811950.0,38.66111174,33.61105413,5.54750672,8.19371524,27.06240857,1.64551558
2018-09-25,28.51,1.495194019224,53100298373.5,52652608694.5,1862514850.0,1846811950.0,39.23917037,34.11360461,5.63045271,8.31622718,27.46704408,1.67011923
2018-09-26,28.34,-0.596282006314,52783670849.0,52338650663.0,1862514850.0,1846811950.0,39.00519426,33.91019132,5.59687934,8.26663902,27.30326304,1.66016061
2018-09-27,28.49,0.529287226535,53063048076.5,52615672455.5,1862514850.0,1846811950.0,39.21164377,34.08967363,5.6265029,8.31039328,27.44777573,1.66894763
2018-09-28,27.83,-2.316602316602,51833788275.5,51396776568.5,1862514850.0,1846811950.0,38.30326592,33.29995146,5.49615921,8.11787452,26.81191992,1.63028475
2018-10-08,27.53,-1.077973409989,51275033820.5,50842732983.5,1862514850.0,1846811950.0,37.8903669,32.94098684,5.1662564,8.03036599,26.52289455,1.61271072
2018-10-09,26.24,-4.685797312023,48872389664.0,48460345568.0,1862514850.0,1846811950.0,36.1149011,31.39743896,4.9241761,7.65407932,25.28008547,1.53714236
2018-10-10,25.8,-1.676829268293,48052883130.0,47647748310.0,1862514850.0,1846811950.0,35.50931587,30.87095752,4.84160607,7.52573347,24.8561816,1.51136711
2018-10-11,24.12,-6.511627906977,44923858182.0,44545104234.0,1862514850.0,1846811950.0,33.19708135,28.86075563,4.5263387,7.03568571,23.23763954,1.41295251
2018-10-12,24.5,1.575456053068,45631613825.0,45246892775.0,1862514850.0,1846811950.0,33.72008678,29.31544415,4.59764918,7.14652985,23.60373834,1.43521295
2018-10-15,23.91,-2.408163265306,44532730063.5,44157273724.5,1862514850.0,1846811950.0,32.90805204,28.6094804,4.48693028,6.97442974,23.03532178,1.40065068
2018-10-16,21.52,-9.995817649519,40081319572.0,39743393164.0,1862514850.0,1846811950.0,29.61862316,25.74972891,4.03842491,6.27727846,20.73275302,1.26064419
2018-10-17,22.17,3.020446096654,41291954224.5,40943820931.5,1862514850.0,1846811950.0,30.51323771,26.52748559,4.16040336,6.46688028,21.35897465,1.29872127
2018-10-18,22.59,1.894451962111,42074210461.5,41719481950.5,1862514850.0,1846811950.0,31.09129634,27.03003606,4.2392202,6.58939222,21.76361017,1.32332492
2018-10-19,24.85,10.004426737494,46283494022.5,45893276957.5,1862514850.0,1846811950.0,34.2018023,29.73423621,4.66332988,7.24862313,23.9409346,1.45571599
2018-10-22,25.74,3.581488933602,47941132239.0,47536939593.0,1862514850.0,1846811950.0,35.42673607,30.79916459,4.83034652,7.50823177,24.79837653,1.5078523
2018-10-23,25.22,-2.020202020202,46972624517.0,46576597379.0,1862514850.0,1846811950.0,34.71104443,30.17695925,4.73276377,7.35655032,24.29739922,1.47739064
2018-10-24,24.41,-3.211736716891,45463987488.5,45080679699.5,1862514850.0,1846811950.0,33.59621707,29.20775477,4.58075985,7.12027729,23.51703073,1.42994074
2018-10-25,23.5,-3.727980335928,43769098975.0,43400080825.0,1862514850.0,1846811950.0,32.34375671,28.11889541,4.40999003,6.85483475,22.64032045,1.37663283
2018-10-26,23.02,-2.042553191489,42875091847.0,42513611089.0,1862514850.0,1846811950.0,31.68311827,27.54455202,4.31991364,6.71482111,22.17787986,1.34851437
2018-10-29,23.24,0.955690703736,43284845114.0,42919909718.0,1862514850.0,1846811950.0,31.98591089,27.80779274,4.36119865,6.77899403,22.3898318,1.361402
2018-10-30,22.84,-1.721170395869,42539839174.0,42181184938.0,1862514850.0,1846811950.0,31.43537886,27.32917324,4.28613499,6.66231599,22.00446464,1.33796995
2018-10-31,23.5,2.889667250438,43769098975.0,43400080825.0,1862514850.0,1846811950.0,33.9643689,28.11889541,4.40999003,6.85483475,31.92747702,1.35228412
2018-11-01,24.39,3.787234042553,45426737191.5,45043743460.5,1862514850.0,1846811950.0,35.25067904,29.18382379,4.57700667,7.11444339,33.1366453,1.40349829
2018-11-02,25.04,2.665026650267,46637371844.0,46244171228.0,1862514850.0,1846811950.0,36.19011903,29.96158047,4.69898512,7.3040452,34.01974572,1.44090189
2018-11-05,25.16,0.479233226837,46860873626.0,46465788662.0,1862514850.0,1846811950.0,36.36355411,30.10516632,4.72150422,7.33904861,34.18277965,1.44780717
2018-11-06,24.58,-2.305246422893,45780615013.0,45394637731.0,1862514850.0,1846811950.0,35.52528458,29.41116805,4.61266191,7.16986546,33.39478234,1.41443165
2018-11-07,24.61,0.122050447518,45836490458.5,45450042089.5,1862514850.0,1846811950.0,35.56864335,29.44706452,4.61829168,7.17861631,33.43554083,1.41615797
2018-11-08,24.25,-1.462819991873,45165985112.5,44785189787.5,1862514850.0,1846811950.0,35.04833812,29.01630697,4.55073439,7.07360607,32.94643905,1.39544213
2018-11-09,25.74,6.144329896907,47941132239.0,47536939593.0,1862514850.0,1846811950.0,37.20182364,30.79916459,4.83034652,7.50823177,34.97077695,1.4811827
2018-11-12,26.24,1.942501942502,48872389664.0,48460345568.0,1862514850.0,1846811950.0,37.92446979,31.39743896,4.9241761,7.65407932,35.65008498,1.5099547
2018-11-13,26.1,-0.533536585366,48611637585.0,48201791895.0,1862514850.0,1846811950.0,37.72212887,31.22992214,4.89790382,7.613242,35.45987873,1.50189854
2018-11-14,26.26,0.613026819923,48909639961.0,48497281807.0,1862514850.0,1846811950.0,37.95337563,31.42136994,4.92792928,7.65991322,35.6772573,1.51110558
2018-11-15,27.02,2.894135567403,50325151247.0,49900858889.0,1862514850.0,1846811950.0,39.05179778,32.33074698,5.07055024,7.88160149,36.70980549,1.55483902
2018-11-16,27.71,2.553663952628,51610286493.5,51175159134.5,1862514850.0,1846811950.0,40.04904946,33.15636561,5.20003505,8.08287111,37.64725056,1.59454439
2018-11-19,27.48,-0.830025261638,51181908078.0,50750392386.0,1862514850.0,1846811950.0,39.71663223,32.8811594,5.15687345,8.01578123,37.33476887,1.58130926
2018-11-20,26.02,-5.312954876274,48462636397.0,48054046939.0,1862514850.0,1846811950.0,37.60650548,31.13419824,4.88289109,7.58990639,35.35118945,1.49729502
2018-11-21,25.89,-0.499615680246,48220509466.5,47813961385.5,1862514850.0,1846811950.0,37.41861748,30.9786469,4.8584954,7.55198603,35.17456936,1.4898143
2018-11-22,26.37,1.853997682503,49114516594.5,48700431121.5,1862514850.0,1846811950.0,38.11235778,31.5529903,4.94857179,7.69199968,35.82670506,1.51743542
2018-11-23,25.99,-1.441031475161,48406760951.5,47998642580.5,1862514850.0,1846811950.0,37.56314671,31.09830178,4.87726131,7.58115554,35.31043097,1.4955687
2018-11-26,24.81,-4.54020777222,46208993428.5,45819404479.5,1862514850.0,1846811950.0,35.85770181,29.68637426,4.65582351,7.23695533,33.70726403,1.42766677
2018-11-27,25.19,1.531640467553,46916749071.5,46521193020.5,1862514850.0,1846811950.0,36.40691288,30.14106279,4.72713399,7.34779946,34.22353813,1.44953349
2018-11-28,24.73,-1.826121476776,46059992240.5,45671659523.5,1862514850.0,1846811950.0,35.74207842,29.59065036,4.64081078,7.21361972,33.59857475,1.42306325
2018-11-29,24.33,-1.617468661545,45314986300.5,44932934743.5,1862514850.0,1846811950.0,35.16396151,29.11203087,4.56574712,7.09694168,33.05512833,1.40004565
2018-11-30,24.65,1.315248664201,45910991052.5,45523914567.5,1862514850.0,1846811950.0,35.62645504,29.49492647,4.62579805,7.19028411,33.48988547,1.41845973
2018-12-03,25.4,3.042596348884,47307877190.0,46909023530.0,1862514850.0,1846811950.0,36.71042426,30.39233802,4.76654241,7.40905543,34.5088475,1.46161773
2018-12-04,24.05,-5.314960629921,44793482142.5,44415827397.5,1862514850.0,1846811950.0,34.75927966,28.77699722,4.51320256,7.01526706,32.67471584,1.38393333
2018-12-05,23.45,-2.494802494802,43675973232.5,43307740227.5,1862514850.0,1846811950.0,33.89210429,28.05906798,4.40060707,6.84025,31.85954622,1.34940692
2018-12-06,22.92,-2.26012793177,42688840362.0,42328929894.0,1862514850.0,1846811950.0,33.12609937,27.42489714,4.30114772,6.6856516,31.13947971,1.3189086
2018-12-07,23.15,1.003490401396,43117218777.5,42753696642.5,1862514850.0,1846811950.0,33.4585166,27.70010335,4.34430933,6.75274147,31.4519614,1.33214372
2018-12-10,23.02,-0.561555075594,42875091847.0,42513611089.0,1862514850.0,1846811950.0,33.2706286,27.54455202,4.31991364,6.71482111,31.27534132,1.324663
2018-12-11,23.19,0.738488271069,43191719371.5,42827569120.5,1862514850.0,1846811950.0,33.51632829,27.7479653,4.35181569,6.76440927,31.50630604,1.33444548
2018-12-12,22.73,-1.983613626563,42334962540.5,41978035623.5,1862514850.0,1846811950.0,32.85149384,27.19755288,4.26549248,6.63022953,30.88134266,1.30797524
2018-12-13,23.39,2.903651561813,43564222341.5,43196931510.5,1862514850.0,1846811950.0,33.80538675,27.98727505,4.38934752,6.82274829,31.77802925,1.34595428
2018-12-14,23.23,-0.684053014109,43266219965.5,42901441598.5,1862514850.0,1846811950.0,33.57413998,27.79582725,4.35932206,6.77607708,31.56065069,1.33674724
2018-12-17,22.7,-2.281532501076,42279087095.0,41922631265.0,1862514850.0,1846811950.0,32.80813507,27.16165642,4.25986271,6.62147868,30.84058418,1.30624892
2018-12-18,22.56,-0.616740088106,42018335016.0,41664077592.0,1862514850.0,1846811950.0,32.60579415,26.9941396,4.23359043,6.58064136,30.65037794,1.29819276
2018-12-19,22.39,-0.753546099291,41701707491.5,41350119560.5,1862514850.0,1846811950.0,32.36009446,26.79072631,4.20168837,6.5310532,30.41941321,1.28841028
2018-12-20,22.78,1.74184903975,42428088283.0,42070376221.0,1862514850.0,1846811950.0,32.92375845,27.25738032,4.27487544,6.64481428,30.94927347,1.31085244
2018-12-21,22.78,0.0,42428088283.0,42070376221.0,1862514850.0,1846811950.0,32.92375845,27.25738032,4.27487544,6.64481428,30.94927347,1.31085244
2018-12-24,23.69,3.994732221247,44122976796.5,43750975095.5,1862514850.0,1846811950.0,34.23897444,28.34623967,4.44564527,6.91025682,32.18561407,1.36321748
2018-12-25,23.87,0.759814267623,44458229469.5,44083401246.5,1862514850.0,1846811950.0,34.49912705,28.56161845,4.47942391,6.96276194,32.43016495,1.37357541
2018-12-26,23.97,0.418935902807,44644480954.5,44268082441.5,1862514850.0,1846811950.0,34.64365628,28.68127332,4.49818983,6.99193145,32.56602656,1.37932981
2018-12-27,23.5,-1.960784313725,43769098975.0,43400080825.0,1862514850.0,1846811950.0,33.9643689,28.11889541,4.40999003,6.85483475,31.92747702,1.35228412
2018-12-28,22.89,-2.595744680851,42632964916.5,42273525535.5,1862514850.0,1846811950.0,33.0827406,27.38900068,4.29551795,6.67690074,31.09872123,1.31718228
2019-01-02,23.01,0.524246395806,42856468309.2,42495144580.2,1862514920.0,1846812020.0,33.25617693,26.48731375,4.01481419,-2.5212699,31.26175633,1.32408761
2019-01-03,22.72,-1.260321599305,42316338982.4,41959569094.4,1862514920.0,1846812020.0,32.83704215,26.15348842,3.96421462,-2.48949379,30.86775766,1.30739985
2019-01-04,24.99,9.991197183099,46544247850.8,46151832379.8,1862514920.0,1846812020.0,36.11785578,28.76653502,4.36028712,-2.73822402,33.9518162,1.43802475
2019-01-07,24.88,-0.440176070428,46339371209.6,45948683057.6,1862514920.0,1846812020.0,35.95887362,28.63991161,4.34109418,-2.72617101,33.80236843,1.4316949
2019-01-08,24.57,-1.245980707395,45761991584.4,45376171331.4,1862514920.0,1846812020.0,35.51083299,28.28306384,4.28700498,-2.69220345,33.38119744,1.41385626
2019-01-09,24.67,0.407000407,45948243076.4,45560852533.4,1862514920.0,1846812020.0,35.65536223,28.39817602,4.30445311,-2.70316073,33.51705905,1.41961066
2019-01-10,24.43,-0.972841507904,45501239495.6,45117617648.6,1862514920.0,1846812020.0,35.30849206,28.12190678,4.2625776,-2.67686326,33.19099119,1.4058001
2019-01-11,24.83,1.637331150225,46246245463.6,45856342456.6,1862514920.0,1846812020.0,35.886609,28.58235552,4.33237011,-2.72069237,33.73443762,1.4288177
2019-01-14,24.52,-1.248489730165,45668865838.4,45283830730.4,1862514920.0,1846812020.0,35.43856837,28.22550775,4.27828092,-2.68672481,33.31326663,1.41097906
2019-01-15,24.99,1.916802610114,46544247850.8,46151832379.8,1862514920.0,1846812020.0,36.11785578,28.76653502,4.36028712,-2.73822402,33.9518162,1.43802475
2019-01-16,25.0,0.040016006403,46562873000.0,46170300500.0,1862514920.0,1846812020.0,36.1323087,28.77804623,4.36203193,-2.73931975,33.96540236,1.43860019
2019-01-17,24.58,-1.68,45780616733.6,45394639451.6,1862514920.0,1846812020.0,35.52528591,28.29457506,4.28874979,-2.69329918,33.3947836,1.4144317
2019-01-18,25.13,2.237591537836,46804999939.6,46410386062.6,1862514920.0,1846812020.0,36.32019671,28.92769207,4.3847145,-2.75356421,34.14202245,1.44608091
2019-01-21,25.43,1.193792280143,47363754415.6,46964429668.6,1862514920.0,1846812020.0,36.75378441,29.27302863,4.43705888,-2.78643605,34.54960728,1.46334411
2019-01-22,24.12,-5.151395988989,44923859870.4,44545105922.4,1862514920.0,1846812020.0,34.86045143,27.76505901,4.20848841,-2.64289569,32.7698202,1.38796146
2019-01-23,24.85,3.026533996683,46283495762.0,45893278697.0,1862514920.0,1846812020.0,35.91551485,28.60537796,4.33585974,-2.72288383,33.76160994,1.42996858
2019-01-24,25.05,0.804828973843,46655998746.0,46262641101.0,1862514920.0,1846812020.0,36.20457332,28.83560233,4.37075599,-2.74479839,34.03333316,1.44147739
2019-01-25,24.84,-0.838323353293,46264870612.8,45874810576.8,1862514920.0,1846812020.0,35.90106192,28.59386674,4.33411493,-2.7217881,33.74802378,1.42939314
2019-01-28,25.03,0.764895330113,46618748447.6,46225704860.6,1862514920.0,1846812020.0,36.17566747,28.81257989,4.36726637,-2.74260693,34.00616084,1.44032651
2019-01-29,24.67,-1.438274071115,45948243076.4,45560852533.4,1862514920.0,1846812020.0,35.65536223,28.39817602,4.30445311,-2.70316073,33.51705905,1.41961066
2019-01-30,24.79,0.486420753952,46171744866.8,45782469975.8,1862514920.0,1846812020.0,35.82879731,28.53631065,4.32539086,-2.71630946,33.68009298,1.42651594
2019-01-31,24.33,-1.855586930214,45314988003.6,44932936446.6,1862514920.0,1846812020.0,35.16396283,28.00679459,4.24512948,-2.66590598,33.05512958,1.4000457
2019-02-01,24.84,2.09617755857,46264870612.8,45874810576.8,1862514920.0,1846812020.0,35.90106192,28.59386674,4.33411493,-2.7217881,33.74802378,1.42939314
2019-02-11,25.79,3.824476650564,48034259786.8,47629281995.8,1862514920.0,1846812020.0,37.27408966,29.68743249,4.49987214,-2.82588225,35.03870907,1.48405995
2019-02-12,26.25,1.783637068631,48891016650.0,48478815525.0,1862514920.0,1846812020.0,37.93892414,30.21694855,4.58013353,-2.87628574,35.66367248,1.51053019
2019-02-13,26.53,1.066666666667,49412520827.6,48995922890.6,1862514920.0,1846812020.0,38.34360599,30.53926266,4.62898829,-2.90696612,36.04408498,1.52664252
2019-02-14,26.24,-1.093102148511,48872391500.8,48460347404.8,1862514920.0,1846812020.0,37.92447121,30.20543733,4.57838871,-2.87519001,35.65008632,1.50995475
2019-02-15,26.07,-0.647865853659,48555763964.4,48146389361.4,1862514920.0,1846812020.0,37.67877151,30.00974661,4.5487269,-2.85656263,35.41912158,1.50017227
2019-02-18,26.93,3.298810893748,50157526795.6,49734647698.6,1862514920.0,1846812020.0,38.92172293,30.9997114,4.6987808,-2.95079523,36.58753142,1.54966012
2019-02-19,26.79,-0.519866320089,49896774706.8,49476094015.8,1862514920.0,1846812020.0,38.719382,30.83855434,4.67435342,-2.93545504,36.39732517,1.54160396
2019-02-20,26.23,-2.090332213513,48853766351.6,48441879284.6,1862514920.0,1846812020.0,37.91001829,30.19392611,4.5766439,-2.87409428,35.63650016,1.50937931
2019-02-21,26.38,0.571864277545,49133143589.6,48718901087.6,1862514920.0,1846812020.0,38.12681214,30.36659439,4.60281609,-2.8905302,35.84029257,1.51801092
2019-02-22,27.04,2.501895375284,50362403436.8,49937797020.8,1862514920.0,1846812020.0,39.08070509,31.12633481,4.71797374,-2.96284824,36.73697919,1.55598996
2019-02-25,29.55,9.282544378698,55037315886.0,54573295191.0,1862514920.0,1846812020.0,42.70838888,34.01565065,5.15592174,-3.23787594,40.14710559,1.70042542
2019-02-26,29.66,0.372250423012,55242192527.2,54776444513.2,1862514920.0,1846812020.0,42.86737104,34.14227405,5.17511468,-3.24992895,40.29655336,1.70675526
2019-02-27,28.65,-3.405259608901,53361052458.0,52911164373.0,1862514920.0,1846812020.0,41.40762577,32.97964098,4.99888859,-3.13926043,38.9243511,1.64863581
2019-02-28,28.41,-0.837696335079,52914048877.2,52467929488.2,1862514920.0,1846812020.0,41.06075561,32.70337174,4.95701309,-3.11296296,38.59828324,1.63482525
2019-03-01,28.57,0.563181978177,53212051264.4,52763419411.4,1862514920.0,1846812020.0,41.29200238,32.88755124,4.98493009,-3.13049461,38.81566182,1.64403229
2019-03-04,28.45,-0.42002100105,52988549474.0,52541801969.0,1862514920.0,1846812020.0,41.1185673,32.74941661,4.96399234,-3.11734587,38.65262788,1.63712701
2019-03-05,28.45,0.0,52988549474.0,52541801969.0,1862514920.0,1846812020.0,41.1185673,32.74941661,4.96399234,-3.11734587,38.65262788,1.63712701
2019-03-06,27.95,-1.757469244288,52057292014.0,51618395959.0,1862514920.0,1846812020.0,40.39592113,32.17385569,4.8767517,-3.06255948,37.97331984,1.60835501
2019-03-07,30.75,10.017889087657,57272333790.0,56789469615.0,1862514920.0,1846812020.0,44.4427397,35.39699687,5.36529928,-3.36936329,41.7774449,1.76947823
2019-03-08,29.0,-5.691056910569,54012932680.0,53557548580.0,1862514920.0,1846812020.0,41.91347809,33.38253363,5.05995704,-3.17761091,39.39986674,1.66877622
2019-03-11,29.7,2.413793103448,55316693124.0,55028010906.0,1862514920.0,1852794980.0,42.92518274,34.18831893,5.18209393,-3.25431186,40.350898,1.70905702
2019-03-12,30.22,1.750841750842,56285200882.4,55991464295.6,1862514920.0,1852794980.0,43.67673476,34.78690229,5.2728242,-3.31128971,41.05737837,1.7389799
2019-03-13,28.9,-4.367968232958,53826681188.0,53545774922.0,1862514920.0,1852794980.0,41.76894886,33.26742145,5.04250891,-3.16665363,39.26400513,1.66302181
2019-03-14,27.98,-3.18339100346,52113167461.6,51841203540.4,1862514920.0,1852794980.0,40.4392799,32.20838935,4.88198614,-3.06584666,38.01407832,1.61008133
2019-03-15,27.74,-0.857755539671,51666163880.8,51396532745.2,1862514920.0,1852794980.0,40.09240973,31.9321201,4.84011063,-3.03954919,37.68801046,1.59627077
2019-03-18,28.07,1.189617880317,52280793804.4,52007955088.6,1862514920.0,1852794980.0,40.56935621,32.31199031,4.89768945,-3.07570821,38.13635377,1.61526029
2019-03-19,28.19,0.427502671892,52504295594.8,52230290486.2,1862514920.0,1852794980.0,40.74279129,32.45012493,4.91862721,-3.08885695,38.2993877,1.62216557
2019-03-20,28.91,2.554097197588,53845306337.2,53564302871.8,1862514920.0,1852794980.0,41.78340178,33.27893266,5.04425373,-3.16774936,39.27759129,1.66359725
2019-03-21,28.91,0.0,53845306337.2,53564302871.8,1862514920.0,1852794980.0,41.78340178,33.27893266,5.04425373,-3.16774936,39.27759129,1.66359725
2019-03-22,28.36,-1.902455897613,52820923131.2,52545265632.8,1862514920.0,1852794980.0,40.98849099,32.64581565,4.94828902,-3.10748432,38.53035244,1.63194805
2019-03-25,28.9,1.904090267983,53826681188.0,53545774922.0,1862514920.0,1852794980.0,41.76894886,33.26742145,5.04250891,-3.16665363,39.26400513,1.66302181
2019-03-26,27.6,-4.498269896194,51405411792.0,51137141448.0,1862514920.0,1852794980.0,39.89006881,31.77096304,4.81568325,-3.024209,37.4978042,1.5882146
2019-03-27,27.3,-1.086956521739,50846657316.0,50581302954.0,1862514920.0,1852794980.0,39.4564811,31.42562649,4.76333887,-2.99133717,37.09021938,1.5709514
2019-03-28,26.99,-1.135531135531,50269277690.8,50006936510.2,1862514920.0,1852794980.0,39.00844047,31.06877871,4.70924967,-2.9573696,36.66904839,1.55311276
2019-03-29,27.93,3.482771396814,52020041715.6,51748563791.4,1862514920.0,1852794980.0,32.15083325,32.15083325,4.87326207,-3.06036802,26.14056013,1.86184276
2019-04-01,28.9,3.472968134622,53826683182.1,53545776916.1,1862514989.0,1852795049.0,33.26742268,33.26742268,4.80742251,-3.16665375,27.04841446,1.92650404
2019-04-02,29.49,2.041522491349,54925567025.61,54638925995.01,1862514989.0,1852795049.0,33.9465846,33.9465846,4.90556713,-3.2313017,27.60061392,1.96583405
2019-04-03,30.64,3.899626992201,57067459262.96,56769640301.36,1862514989.0,1852795049.0,35.27037477,35.27037477,5.09686595,-3.35731041,28.67693491,2.04249425
2019-04-04,30.05,-1.925587467363,55968575419.45,55676491222.45,1862514989.0,1852795049.0,34.59121285,34.59121285,4.99872133,-3.29266246,28.12473545,2.00316424
2019-04-08,29.54,-1.697171381032,55018692775.06,54731565747.46,1862514989.0,1852795049.0,34.00414069,34.00414069,4.91388447,-3.23678034,27.64741049,1.96916711
2019-04-09,29.37,-0.575490859851,54702065226.93,54416590589.13,1862514989.0,1852795049.0,33.80844997,33.80844997,4.88560551,-3.21815296,27.48830217,1.95783473
2019-04-10,29.24,-0.442628532516,54459938278.36,54175727232.76,1862514989.0,1852795049.0,33.65880412,33.65880412,4.86398043,-3.2039085,27.3666311,1.94916879
2019-04-11,28.38,-2.941176470588,52858175387.82,52582323490.62,1862514989.0,1852795049.0,32.6688393,32.6688393,4.72092218,-3.10967589,26.56173018,1.8918403
2019-04-12,28.5,0.422832980973,53081677186.5,52804658896.5,1862514989.0,1852795049.0,32.80697392,32.80697392,4.74088379,-3.12282463,26.67404194,1.89983963
2019-04-15,27.86,-2.245614035088,51889667593.54,51618870065.14,1862514989.0,1852795049.0,32.07025591,32.07025591,4.63442184,-3.05269804,26.07504591,1.85717656
2019-04-16,28.45,2.117731514716,52988551437.05,52712019144.05,1862514989.0,1852795049.0,32.74941783,32.74941783,4.73256645,-3.11734599,26.62724537,1.89650657
2019-04-17,28.18,-0.949033391916,52485672390.02,52211764480.82,1862514989.0,1852795049.0,32.43861492,32.43861492,4.68765282,-3.08776134,26.37454392,1.87850809
2019-04-18,28.76,2.058197303052,53565931083.64,53286385609.24,1862514989.0,1852795049.0,33.10626561,33.10626561,4.78413396,-3.15131356,26.91738408,1.9171715
2019-04-19,28.19,-1.981919332406,52504297539.91,52230292431.31,1862514989.0,1852795049.0,32.45012614,32.45012614,4.68931629,-3.08885706,26.38390324,1.8791747
2019-04-22,27.98,-0.744945015963,52113169392.22,51841205471.02,1862514989.0,1852795049.0,32.20839054,32.20839054,4.65438346,-3.06584678,26.18735767,1.86517588
2019-04-23,27.63,-1.250893495354,51461289146.07,51192727203.87,1862514989.0,1852795049.0,31.80549788,31.80549788,4.59616208,-3.0274963,25.85978171,1.84184452
2019-04-24,27.81,0.651465798046,51796541844.09,51526230312.69,1862514989.0,1852795049.0,32.01269982,32.01269982,4.6261045,-3.0472194,26.02824935,1.85384351
2019-04-25,26.22,-5.71736785329,48835143011.58,48580286184.78,1862514989.0,1852795049.0,30.18241601,30.18241601,4.36161309,-2.87299866,24.54011858,1.74785246
2019-04-26,25.43,-3.01296720061,47363756170.27,47116578096.07,1862514989.0,1852795049.0,29.27302971,29.27302971,4.23019912,-2.78643615,23.80073286,1.69519023
2019-04-29,25.14,-1.140385371608,46823626823.46,46579267531.86,1862514989.0,1852795049.0,23.07389555,28.93920436,4.18195855,-2.75466004,26.94425589,1.68300487
2019-04-30,25.48,1.352426412092,47456881919.72,47209217848.52,1862514989.0,1852795049.0,23.38595301,29.33058581,4.23851646,-2.79191479,27.30865713,1.70576627
2019-05-06,23.55,-7.574568288854,43862227990.95,43633323403.95,1862514989.0,1852795049.0,21.61456803,27.10892056,3.91746714,-2.5804393,25.24014424,1.57656184
2019-05-07,23.58,0.127388535032,43918103440.62,43688907255.42,1862514989.0,1852795049.0,21.64210251,27.14345421,3.92245754,-2.58372648,25.27229729,1.5785702
2019-05-08,23.42,-0.678541136556,43620101042.38,43392460047.58,1862514989.0,1852795049.0,21.49525194,26.95927471,3.89584205,-2.56619484,25.10081436,1.56785895
2019-05-09,23.21,-0.896669513237,43228972894.69,43003373087.29,1862514989.0,1852795049.0,21.30251057,26.71753911,3.86090922,-2.54318455,24.87574301,1.55380044
2019-05-10,24.22,4.351572598018,45110113033.58,44874696086.78,1862514989.0,1852795049.0,22.22950478,27.88017222,4.02891949,-2.65385307,25.95822903,1.62141519
2019-05-13,23.78,-1.816680429397,44290606438.42,44059466265.22,1862514989.0,1852795049.0,21.82566572,27.37367859,3.9557269,-2.60564104,25.48665096,1.59195926
2019-05-14,23.5,-1.177460050463,43769102241.5,43540683651.5,1862514989.0,1852795049.0,21.56867723,27.05136446,3.9091498,-2.57496066,25.18655583,1.57321457
2019-05-15,23.75,1.063829787234,44234730988.75,44003882413.75,1862514989.0,1852795049.0,21.79813124,27.33914494,3.95073649,-2.60235386,25.45449791,1.5899509
2019-05-16,23.94,0.8,44588608836.66,44355913473.06,1862514989.0,1852795049.0,21.97251629,27.55785809,3.98234239,-2.62317269,25.65813389,1.60267051
2019-05-17,23.06,-3.675856307435,42949595646.34,42725453829.94,1862514989.0,1852795049.0,21.16483816,26.54487083,3.8359572,-2.52674863,24.71497776,1.54375864
2019-05-20,22.9,-0.693842150911,42651593248.1,42429006622.1,1862514989.0,1852795049.0,21.0179876,26.36069133,3.80934172,-2.50921698,24.54349483,1.53304739
2019-05-21,23.3,1.74672489083,43396599243.7,43170124641.7,1862514989.0,1852795049.0,21.38511402,26.82114008,3.87588044,-2.5530461,24.97220216,1.55982551
2019-05-22,23.43,0.557939914163,43638726192.27,43410987998.07,1862514989.0,1852795049.0,21.5044301,26.97078593,3.89750552,-2.56729056,25.11153204,1.5685284
2019-05-23,22.96,-2.005975245412,42763344147.44,42540174325.04,1862514989.0,1852795049.0,21.07305656,26.42975864,3.81932252,-2.51579135,24.60780093,1.53706411
2019-05-24,22.45,-2.221254355401,41813461503.05,41595248850.05,1862514989.0,1852795049.0,20.60497037,25.84268648,3.73448566,-2.45990923,24.06119908,1.50292201
2019-05-27,23.25,3.563474387528,43303473494.25,43077484889.25,1862514989.0,1852795049.0,21.33922321,26.76358399,3.8675631,-2.54756746,24.91861374,1.55647825
2019-05-28,23.3,0.215053763441,43396599243.7,43170124641.7,1862514989.0,1852795049.0,21.38511402,26.82114008,3.87588044,-2.5530461,24.97220216,1.55982551
2019-05-29,23.16,-0.600858369099,43135847145.24,42910733334.84,1862514989.0,1852795049.0,21.25661977,26.65998302,3.85259188,-2.53770591,24.82215459,1.55045317
2019-05-30,23.0,-0.690846286701,42837844747.0,42614286127.0,1862514989.0,1852795049.0,21.1097692,26.47580352,3.8259764,-2.52017426,24.65067166,1.53974192
2019-05-31,22.95,-0.217391304348,42744718997.55,42521646374.55,1862514989.0,1852795049.0,21.0638784,26.41824742,3.81765906,-2.51469562,24.59708324,1.53639466
2019-06-03,22.56,-1.699346405229,42018338151.84,41799056305.44,1862514989.0,1852795049.0,20.70593014,25.96930988,3.7527838,-2.47196223,24.17909359,1.51028599
2019-06-04,22.28,-1.241134751773,41496833954.92,41280273691.72,1862514989.0,1852795049.0,20.44894164,25.64699575,3.7062067,-2.44128185,23.87899846,1.49154131
2019-06-05,22.46,0.8078994614,41832086652.94,41613776800.54,1862514989.0,1852795049.0,20.61414853,25.85419769,3.73614912,-2.46100495,24.07191676,1.50359146
2019-06-06,21.81,-2.894033837934,40621451910.09,40409460018.69,1862514989.0,1852795049.0,20.0175681,25.10596846,3.6280237,-2.38978264,23.37526734,1.46007702
2019-06-10,22.15,1.558917927556,41254707006.35,41039410335.35,1862514989.0,1852795049.0,20.32962556,25.49734991,3.68458162,-2.42703739,23.73966858,1.48283842
2019-06-11,22.81,2.979683972912,42483966899.09,42262255067.69,1862514989.0,1852795049.0,20.93538415,26.25709036,3.7943705,-2.49935543,24.44703568,1.52702232
2019-06-12,22.65,-0.701446733889,42185964500.85,41965807859.85,1862514989.0,1852795049.0,20.78853358,26.07291085,3.76775502,-2.48182378,24.27555274,1.51631107
2019-06-13,23.2,2.42825607064,43210347744.8,42984845136.8,1862514989.0,1852795049.0,21.29333241,26.70602789,3.85924576,-2.54208882,24.86502533,1.55313098
2019-06-14,22.68,-2.241379310345,42241839950.52,42021391711.32,1862514989.0,1852795049.0,20.81606806,26.10744451,3.77274542,-2.48511097,24.30770579,1.51831943
2019-06-17,22.47,-0.925925925926,41850711802.83,41632304751.03,1862514989.0,1852795049.0,20.62332669,25.86570891,3.73781259,-2.46210068,24.08263444,1.50426091
2019-06-18,22.53,0.267022696929,41962462702.17,41743472453.97,1862514989.0,1852795049.0,20.67839566,25.93477623,3.7477934,-2.46867505,24.14694054,1.50827763
2019-06-19,23.09,2.48557478917,43005471096.01,42781037681.41,1862514989.0,1852795049.0,21.19237265,26.57940449,3.84094761,-2.53003581,24.74713081,1.545767
2019-06-20,23.53,1.905586834127,43824977691.17,43596267502.97,1862514989.0,1852795049.0,21.59621171,27.08589812,3.9141402,-2.57824784,25.21870888,1.57522293
2019-06-21,23.34,1.082719792118,43471099843.26,43244236443.66,1862514989.0,1852795049.0,21.42182666,26.86718496,3.88253431,-2.55742901,25.01507289,1.56250333
2019-06-24,23.34,0.0,43471099843.26,43244236443.66,1862514989.0,1852795049.0,21.42182666,26.86718496,3.88253431,-2.55742901,25.01507289,1.56250333
2019-06-25,23.01,-1.413881748072,42856469896.89,42632814077.49,1862514989.0,1852795049.0,21.11894736,26.48731474,3.82763986,-2.52126999,24.66138934,1.54041138
2019-06-26,23.15,0.608431116906,43117221995.35,42892205384.35,1862514989.0,1852795049.0,21.24744161,26.6484718,3.85092842,-2.53661018,24.81143691,1.54978372
2019-06-27,23.24,0.388768898488,43284848344.36,43058956938.76,1862514989.0,1852795049.0,21.33004505,26.75207277,3.86589963,-2.54647173,24.90789606,1.5558088
2019-06-28,23.05,-0.817555938038,42930970496.45,42706925879.45,1862514989.0,1852795049.0,21.15566,26.53335961,3.83429374,-2.5256529,24.70426008,1.54308919
2019-07-01,23.75,3.036876355748,44234732081.25,44003883506.25,1862515035.0,1852795095.0,21.79813178,27.33914561,4.15949827,-2.60235392,25.45449854,1.58995094
2019-07-02,23.75,0.0,44234732081.25,44003883506.25,1862515035.0,1852795095.0,21.79813178,27.33914561,4.15949827,-2.60235392,25.45449854,1.58995094
2019-07-03,23.45,-1.263157894737,43675977570.75,43448044977.75,1862515035.0,1852795095.0,21.52278696,26.99380903,4.10695724,-2.56948208,25.13296803,1.56986735
2019-07-04,23.61,0.682302771855,43973979976.35,43744492192.95,1862515035.0,1852795095.0,21.66963753,27.17798854,4.13497913,-2.58701373,25.30445097,1.5805786
2019-07-05,23.62,0.04235493435,43992605126.7,43763020143.9,1862515035.0,1852795095.0,21.67881569,27.18949976,4.13673049,-2.58810946,25.31516865,1.58124805
2019-07-08,22.7,-3.8950042337,42279091294.5,42058448656.5,1862515035.0,1852795095.0,20.8344249,26.13046759,3.97560467,-2.48730249,24.32914176,1.51965837
2019-07-09,22.54,-0.704845814978,41981088888.9,41762001441.3,1862515035.0,1852795095.0,20.68757433,25.94628809,3.94758278,-2.46977084,24.15765882,1.50894712
2019-07-10,22.43,-0.488021295475,41776212235.05,41558193980.85,1862515035.0,1852795095.0,20.58661456,25.81966468,3.92831774,-2.45771783,24.0397643,1.50158314
2019-07-11,22.25,-0.802496656264,41440959528.75,41224690863.75,1862515035.0,1852795095.0,20.42140767,25.61246273,3.89679312,-2.43799473,23.846846,1.48953298
2019-07-12,22.36,0.494382022472,41645836182.6,41428498324.2,1862515035.0,1852795095.0,20.52236743,25.73908614,3.91605816,-2.45004774,23.96474052,1.49689697
2019-07-15,22.77,1.833631484794,42409467346.95,42188144313.15,1862515035.0,1852795095.0,20.89867203,26.21104613,3.98786424,-2.49497258,24.40416555,1.52434454
2019-07-16,22.81,0.175669740887,42483967948.35,42262256116.95,1862515035.0,1852795095.0,20.93538467,26.25709101,3.99486971,-2.49935549,24.44703628,1.52702235
2019-07-17,22.6,-0.920648838229,42092839791.0,41873169147.0,1862515035.0,1852795095.0,20.74264329,26.0153554,3.95809099,-2.47634521,24.22196493,1.51296384
2019-07-18,22.1,-2.212389380531,41161582273.5,40946771599.5,1862515035.0,1852795095.0,20.28373525,25.43979444,3.8705226,-2.42155881,23.68608075,1.47949119
2019-07-19,22.18,0.361990950226,41310583476.3,41094995207.1,1862515035.0,1852795095.0,20.35716054,25.5318842,3.88453355,-2.43032463,23.77182221,1.48484681
2019-07-22,21.84,-1.532912533814,40677328364.4,40465044874.8,1862515035.0,1852795095.0,20.04510308,25.14050274,3.82498704,-2.39306988,23.40742097,1.46208541
2019-07-23,22.02,0.824175824176,41012581070.7,40798547991.9,1862515035.0,1852795095.0,20.21030997,25.34770469,3.85651166,-2.41279298,23.60033928,1.47413557
2019-07-24,22.4,1.72570390554,41720336784.0,41502610128.0,1862515035.0,1852795095.0,20.55908008,25.78513102,3.92306364,-2.45443065,24.00761125,1.49957478
2019-07-25,22.65,1.116071428571,42185965542.75,41965808901.75,1862515035.0,1852795095.0,20.7885341,26.0729115,3.96684783,-2.48182385,24.27555334,1.51631111
2019-07-26,22.94,1.280353200883,42726094902.9,42503119479.3,1862515035.0,1852795095.0,21.05470076,26.40673685,4.01763749,-2.51359996,24.58636617,1.53572524
2019-07-29,22.95,0.043591979076,42744720053.25,42521647430.25,1862515035.0,1852795095.0,21.06387892,26.41824807,4.01938886,-2.51469569,24.59708385,1.5363947
2019-07-30,22.92,-0.130718954248,42688844602.2,42466063577.4,1862515035.0,1852795095.0,21.03634444,26.38371442,4.01413476,-2.5114085,24.5649308,1.53438634
2019-07-31,22.89,-0.130890052356,42632969151.15,42410479724.55,1862515035.0,1852795095.0,21.00880995,26.34918076,4.00888065,-2.50812132,24.53277775,1.53237798
2019-08-01,22.79,-0.436871996505,42446717647.65,42225200215.05,1862515035.0,1852795095.0,20.91702835,26.23406857,3.99136698,-2.49716404,24.42560091,1.52568345
2019-08-02,22.06,-3.203159280386,41087081672.1,40872659795.7,1862515035.0,1852795095.0,20.24702261,25.39374956,3.86351713,-2.4171759,23.64321001,1.47681338
2019-08-05,21.67,-1.767905711695,40360700808.45,40150069708.65,1862515035.0,1852795095.0,19.88907434,24.94481202,3.79521379,-2.37444251,23.22522035,1.45070471
2019-08-06,20.62,-4.845408398708,38405060021.7,38204634858.9,1862515035.0,1852795095.0,18.92536746,23.736134,3.61132019,-2.25939107,22.09986357,1.38041214
2019-08-07,20.51,-0.533462657614,38200183367.85,38000827398.45,1862515035.0,1852795095.0,18.8244077,23.60951059,3.59205514,-2.24733806,21.98196905,1.37304816
2019-08-08,20.61,0.487567040468,38386434871.35,38186106907.95,1862515035.0,1852795095.0,18.9161893,23.72462278,3.60956882,-2.25829534,22.08914589,1.37974269
2019-08-09,20.18,-2.086365841824,37585553406.3,37389405017.1,1862515035.0,1852795095.0,18.52152839,23.22964035,3.53426001,-2.21117904,21.6282855,1.35095621
2019-08-12,20.71,2.626362735382,38572686374.85,38371386417.45,1862515035.0,1852795095.0,19.00797091,23.83973497,3.62708249,-2.26925262,22.19632273,1.38643722
2019-08-13,20.45,-1.255432158378,38088432465.75,37889659692.75,1862515035.0,1852795095.0,18.76933873,23.54044327,3.58154693,-2.24076369,21.91766295,1.36903144
2019-08-14,20.57,0.586797066015,38311934269.95,38111995104.15,1862515035.0,1852795095.0,18.87947666,23.6785779,3.60256335,-2.25391243,22.04627516,1.37706488
2019-08-15,20.66,0.437530384054,38479560623.1,38278746662.7,1862515035.0,1852795095.0,18.96208011,23.78217888,3.61832566,-2.26377398,22.14273431,1.38308995
2019-08-16,20.78,0.580832526621,38703062427.3,38501082074.1,1862515035.0,1852795095.0,19.07221804,23.92031351,3.63934207,-2.27692272,22.27134651,1.39112339
2019-08-19,22.04,6.063522617902,41049831371.4,40835603893.8,1862515035.0,1852795095.0,20.22866629,25.37072713,3.8600144,-2.41498444,23.62177464,1.47547447
2019-08-20,22.05,0.045372050817,41068456521.75,40854131844.75,1862515035.0,1852795095.0,20.23784445,25.38223835,3.86176577,-2.41608017,23.63249233,1.47614392
2019-08-21,21.94,-0.498866213152,40863579867.9,40650324384.3,1862515035.0,1852795095.0,20.13688468,25.25561493,3.84250072,-2.40402716,23.51459781,1.46877994
2019-08-22,22.17,1.048313582498,41291958325.95,41076467256.15,1862515035.0,1852795095.0,20.34798238,25.52037298,3.88278218,-2.4292289,23.76110453,1.48417736
2019-08-23,22.05,-0.541271989175,41068456521.75,40854131844.75,1862515035.0,1852795095.0,20.23784445,25.38223835,3.86176577,-2.41608017,23.63249233,1.47614392
2019-08-26,21.8,-1.133786848073,40602827763.0,40390933071.0,1862515035.0,1852795095.0,20.00839043,25.09445787,3.81798157,-2.38868697,23.36455024,1.4594076
2019-08-27,21.95,0.688073394495,40882205018.25,40668852335.25,1862515035.0,1852795095.0,20.14606284,25.26712615,3.84425209,-2.40512289,23.52531549,1.46944939
2019-08-28,21.21,-3.371298405467,39503943892.35,39297783964.95,1862515035.0,1852795095.0,20.56203928,24.41529593,3.71465088,-2.32403902,18.92355147,1.62722797
2019-08-29,21.19,-0.0942951438,39466693591.65,39260728063.05,1862515035.0,1852795095.0,20.54265027,24.39227349,3.71114814,-2.32184756,18.90570748,1.62569357
2019-08-30,21.36,0.802265219443,39783321147.6,39575703229.2,1862515035.0,1852795095.0,20.70745681,24.58796422,3.74092139,-2.34047494,19.0573814,1.63873594
2019-09-02,22.31,4.447565543071,41552710430.85,41335858569.45,1862515035.0,1852795095.0,21.62843452,25.68153004,3.90730133,-2.4445691,19.90497093,1.7116198
2019-09-03,22.14,-0.761990138951,41236082874.9,41020883403.3,1862515035.0,1852795095.0,21.46362799,25.48583932,3.87752807,-2.42594172,19.75329701,1.69857742
2019-09-04,22.21,0.316169828365,41366458927.35,41150579059.95,1862515035.0,1852795095.0,21.5314895,25.56641785,3.88978765,-2.43361182,19.81575098,1.70394781
2019-09-05,22.81,2.701485817199,42483967948.35,42262256116.95,1862515035.0,1852795095.0,22.11315964,26.25709101,3.99486971,-2.49935549,20.35107068,1.74997972
2019-09-06,23.07,1.139850942569,42968221857.45,42743982841.65,1862515035.0,1852795095.0,22.36521669,26.5563827,4.04040527,-2.52784442,20.58304255,1.76992688
2019-09-09,23.56,2.123970524491,43880854224.6,43651852438.2,1862515035.0,1852795095.0,22.84024731,27.12043245,4.12622229,-2.58153509,21.02022031,1.80751961
2019-09-10,23.47,-0.382003395586,43713227871.45,43485100879.65,1862515035.0,1852795095.0,22.75299678,27.01683147,4.11045998,-2.57167354,20.93992235,1.80061482
2019-09-11,22.84,-2.684277801449,42539843399.4,42317839969.8,1862515035.0,1852795095.0,22.14224314,26.29162466,4.00012381,-2.50264268,20.37783666,1.75228132
2019-09-12,23.0,0.700525394046,42837845805.0,42614287185.0,1862515035.0,1852795095.0,22.29735518,26.47580417,4.0281457,-2.52017432,20.52058858,1.76455649
2019-09-16,23.21,0.913043478261,43228973962.35,43003374154.95,1862515035.0,1852795095.0,22.50093973,26.71753977,4.06492442,-2.54318461,20.70795048,1.78066766
2019-09-17,22.47,-3.188280913399,41850712836.45,41632305784.65,1862515035.0,1852795095.0,21.78354656,25.86570955,3.93532321,-2.46210074,20.04772285,1.72389497
2019-09-18,22.18,-1.290609701825,41310583476.3,41094995207.1,1862515035.0,1852795095.0,21.50240599,25.5318842,3.88453355,-2.43032463,19.78898499,1.70164622
2019-09-19,22.48,1.352569882777,41869337986.8,41650833735.6,1862515035.0,1852795095.0,21.79324106,25.87722077,3.93707458,-2.46319647,20.05664484,1.72466217
2019-09-20,22.38,-0.444839857651,41683086483.3,41465554226.1,1862515035.0,1852795095.0,21.69629604,25.76210858,3.9195609,-2.45223919,19.96742489,1.71699019
2019-09-23,22.05,-1.474530831099,41068456521.75,40854131844.75,1862515035.0,1852795095.0,21.37637747,25.38223835,3.86176577,-2.41608017,19.67299906,1.69167264
2019-09-24,22.25,0.907029478458,41440959528.75,41224690863.75,1862515035.0,1852795095.0,21.57026751,25.61246273,3.89679312,-2.43799473,19.85143896,1.70701661
2019-09-25,21.74,-2.292134831461,40491076860.9,40279765365.3,1862515035.0,1852795095.0,21.0758479,25.02539055,3.80747337,-2.3821126,19.39641721,1.66788949
2019-09-26,21.1,-2.94388224471,39299067238.5,39093976504.5,1862515035.0,1852795095.0,20.45539975,24.28867252,3.69538583,-2.31198601,18.82540953,1.61878878
2019-09-27,21.17,0.331753554502,39429443290.95,39223672161.15,1862515035.0,1852795095.0,20.52326127,24.36925106,3.70764541,-2.31965611,18.88786349,1.62415917
2019-09-30,20.95,-1.039206424185,39019741855.45,38816109112.45,1862517511.0,1852797571.0,20.31000922,24.11603629,3.50724985,-2.29555314,18.69160445,1.60728294
2019-10-08,20.82,-0.620525059666,38777614579.02,38575245428.22,1862517511.0,1852797571.0,20.18398052,23.96639024,3.48548649,-2.28130866,18.57561836,1.59730935
2019-10-09,21.05,1.104707012488,39205993606.55,39001388869.55,1862517511.0,1852797571.0,20.40695437,24.23114864,3.5239909,-2.30651044,18.78082452,1.61495494
2019-10-10,21.26,0.997624703088,39597122283.86,39390476359.46,1862517511.0,1852797571.0,20.61053919,24.47288456,3.55914711,-2.32952076,18.96818666,1.63106613
2019-10-11,21.17,-0.423330197554,39429495707.87,39223724578.07,1862517511.0,1852797571.0,20.52328855,24.36928345,3.54408016,-2.31965919,18.8878886,1.62416133
2019-10-14,21.58,1.936702881436,40193127887.38,39983371582.18,1862517511.0,1852797571.0,20.92076367,24.84124407,3.61271847,-2.3645841,19.25369088,1.65561651
2019-10-15,21.15,-1.992585727525,39392245357.65,39186668626.65,1862517511.0,1852797571.0,20.50389952,24.34626098,3.54073195,-2.31746773,18.87004459,1.62262693
2019-10-16,21.15,0.0,39392245357.65,39186668626.65,1862517511.0,1852797571.0,20.50389952,24.34626098,3.54073195,-2.31746773,18.87004459,1.62262693
2019-10-17,21.28,0.614657210402,39634372634.08,39427532310.88,1862517511.0,1852797571.0,20.62992822,24.49590703,3.56249532,-2.33171221,18.98603068,1.63260053
2019-10-18,20.85,-2.020676691729,38833490104.35,38630829355.35,1862517511.0,1852797571.0,20.21306407,24.00092395,3.4905088,-2.28459585,18.60238438,1.59961095
2019-10-21,20.48,-1.774580335731,38144358625.28,37945294254.08,1862517511.0,1852797571.0,19.85436701,23.57500827,3.42856692,-2.24405386,18.27227013,1.57122457
2019-10-22,20.62,0.68359375,38405111076.82,38204685914.02,1862517511.0,1852797571.0,19.99009022,23.73616555,3.45200439,-2.25939407,18.39717822,1.58196536
2019-10-23,20.4,-1.066925315228,37995357224.4,37797070448.4,1862517511.0,1852797571.0,19.77681088,23.48291839,3.41517408,-2.23528802,18.20089407,1.56508697
2019-10-24,20.3,-0.490196078431,37809105473.3,37611790691.3,1862517511.0,1852797571.0,19.67986573,23.36780605,3.39843303,-2.22433073,18.111674,1.55741498
2019-10-25,20.39,0.443349753695,37976732049.29,37778542472.69,1862517511.0,1852797571.0,19.76711637,23.47140716,3.41349998,-2.2341923,18.19197206,1.56431977
2019-10-28,22.26,9.171162334478,41459639794.86,41243273930.46,1862517511.0,1852797571.0,21.5799907,25.62400801,3.7265576,-2.4390937,19.86038735,1.70778608
2019-10-29,21.08,-5.300988319856,39261869131.88,39056972796.68,1862517511.0,1852797571.0,20.43603791,24.26568234,3.52901322,-2.30979763,18.80759054,1.61725654
2019-10-30,20.7,-1.80265654649,38554112477.7,38352909719.7,1862517511.0,1852797571.0,20.06764634,23.82825543,3.46539723,-2.26815991,18.46855428,1.58810296
2019-10-31,20.6,-0.48309178744,38367860726.6,38167629962.6,1862517511.0,1852797571.0,20.10349217,23.71314308,3.44865618,-2.25720261,26.00008377,1.59988185
2019-11-01,20.78,0.873786407767,38703113878.58,38501133525.38,1862517511.0,1852797571.0,20.27915375,23.92034531,3.47879007,-2.27692574,26.22726897,1.6138614
2019-11-04,20.88,0.481231953802,38889365629.68,38686413282.48,1862517511.0,1852797571.0,20.37674352,24.03545765,3.49553112,-2.28788304,26.35348297,1.62162782
2019-11-05,21.48,2.873563218391,40006876136.28,39798091825.08,1862517511.0,1852797571.0,20.96228213,24.72613172,3.59597742,-2.3536268,27.11076696,1.66822632
2019-11-06,21.26,-1.024208566108,39597122283.86,39390476359.46,1862517511.0,1852797571.0,20.74758464,24.47288456,3.55914711,-2.32952076,26.83309616,1.6511402
2019-11-07,21.28,0.094073377234,39634372634.08,39427532310.88,1862517511.0,1852797571.0,20.76710259,24.49590703,3.56249532,-2.33171221,26.85833896,1.65269348
2019-11-08,21.4,0.563909774436,39857874735.4,39649868019.4,1862517511.0,1852797571.0,20.88421031,24.63404185,3.58258458,-2.34486097,27.00979576,1.66201318
2019-11-11,20.83,-2.663551401869,38796239754.13,38593773403.93,1862517511.0,1852797571.0,20.32794864,23.97790148,3.48716059,-2.28240439,26.29037597,1.61774461
2019-11-12,20.95,0.576092174748,39019741855.45,38816109112.45,1862517511.0,1852797571.0,20.44505636,24.11603629,3.50724985,-2.29555314,26.44183277,1.62706431
2019-11-13,20.77,-0.859188544153,38684488703.47,38482605549.67,1862517511.0,1852797571.0,20.26939478,23.90883407,3.47711596,-2.27583001,26.21464757,1.61308476
2019-11-14,21.43,3.177660086663,39913750260.73,39705451946.53,1862517511.0,1852797571.0,20.91348724,24.66857555,3.58760689,-2.34814816,27.04765996,1.66434311
2019-11-15,21.1,-1.539897340177,39299119482.1,39094028748.1,1862517511.0,1852797571.0,20.59144101,24.28870481,3.53236143,-2.31198908,26.63115376,1.63871393
2019-11-18,21.22,0.568720379147,39522621583.42,39316364456.62,1862517511.0,1852797571.0,20.70854873,24.42683962,3.55245069,-2.32513784,26.78261056,1.64803363
2019-11-19,21.48,1.225259189444,40006876136.28,39798091825.08,1862517511.0,1852797571.0,20.96228213,24.72613172,3.59597742,-2.3536268,27.11076696,1.66822632
2019-11-20,21.11,-1.722532588454,39317744657.21,39112556723.81,1862517511.0,1852797571.0,20.60119999,24.30021604,3.53403553,-2.31308481,26.64377516,1.63949058
2019-11-21,21.01,-0.473709142586,39131492906.11,38927276966.71,1862517511.0,1852797571.0,20.50361022,24.1851037,3.51729448,-2.30212752,26.51756117,1.63172416
2019-11-22,20.91,-0.475963826749,38945241155.01,38741997209.61,1862517511.0,1852797571.0,20.40602045,24.06999135,3.50055343,-2.29117023,26.39134717,1.62395774
2019-11-25,20.56,-1.673840267814,38293360026.16,38093518059.76,1862517511.0,1852797571.0,20.06445626,23.66709815,3.44195976,-2.2528197,25.94959817,1.59677528
2019-11-26,20.92,1.750972762646,38963866330.12,38760525185.32,1862517511.0,1852797571.0,20.41577943,24.08150259,3.50222754,-2.29226596,26.40396857,1.62473438
2019-11-27,20.79,-0.621414913958,38721739053.69,38519661501.09,1862517511.0,1852797571.0,20.28891273,23.93185654,3.48046417,-2.27802147,26.23989037,1.61463804
2019-11-28,20.69,-0.481000481,38535487302.59,38334381743.99,1862517511.0,1852797571.0,20.19132296,23.8167442,3.46372313,-2.26706418,26.11367637,1.60687162
2019-11-29,20.65,-0.193330111165,38460986602.15,38260269841.15,1862517511.0,1852797571.0,20.15228705,23.77069926,3.45702671,-2.26268126,26.06319077,1.60376506
2019-12-02,20.69,0.193704600484,38535487302.59,38334381743.99,1862517511.0,1852797571.0,20.19132296,23.8167442,3.46372313,-2.26706418,26.11367637,1.60687162
2019-12-03,20.9,1.014983083615,38926615979.9,38723469233.9,1862517511.0,1852797571.0,20.39626147,24.05848012,3.49887933,-2.2900745,26.37872577,1.6231811
2019-12-04,20.89,-0.047846889952,38907990804.79,38704941258.19,1862517511.0,1852797571.0,20.3865025,24.04696889,3.49720522,-2.28897877,26.36610437,1.62240446
2019-12-05,21.08,0.909526089038,39261869131.88,39056972796.68,1862517511.0,1852797571.0,20.57192306,24.26568234,3.52901322,-2.30979763,26.60591096,1.63716065
2019-12-06,21.08,0.0,39261869131.88,39056972796.68,1862517511.0,1852797571.0,20.57192306,24.26568234,3.52901322,-2.30979763,26.60591096,1.63716065
2019-12-09,21.15,0.332068311195,39392245357.65,39186668626.65,1862517511.0,1852797571.0,20.64023589,24.34626098,3.54073195,-2.31746773,26.69426076,1.64259714
2019-12-10,21.87,3.404255319149,40733257965.57,40520682877.77,1862517511.0,1852797571.0,21.34288222,25.17506987,3.66126751,-2.39636025,27.60300156,1.69851534
2019-12-11,21.7,-0.777320530407,40416629988.7,40205707290.7,1862517511.0,1852797571.0,21.17697962,24.97937888,3.63280772,-2.37773285,27.38843776,1.68531243
2019-12-12,21.7,0.0,40416629988.7,40205707290.7,1862517511.0,1852797571.0,21.17697962,24.97937888,3.63280772,-2.37773285,27.38843776,1.68531243
2019-12-13,21.9,0.921658986175,40789133490.9,40576266804.9,1862517511.0,1852797571.0,21.37215915,25.20960357,3.66628982,-2.39964744,27.64086576,1.70084527
2019-12-16,22.24,1.552511415525,41422389444.64,41206217979.04,1862517511.0,1852797571.0,21.70396436,25.60098554,3.72320939,-2.43690224,28.06999335,1.72725108
2019-12-17,22.53,1.303956834532,41962519522.83,41743529274.63,1862517511.0,1852797571.0,21.98697469,25.93481134,3.77175843,-2.46867839,28.43601395,1.74977369
2019-12-18,22.33,-0.887705281846,41590016020.63,41372969760.43,1862517511.0,1852797571.0,21.79179515,25.70458665,3.73827634,-2.4467638,28.18358595,1.73424086
2019-12-19,22.31,-0.089565606807,41552765670.41,41335913809.01,1862517511.0,1852797571.0,21.7722772,25.68156419,3.73492813,-2.44457234,28.15834315,1.73268758
2019-12-20,21.87,-1.972209771403,40733257965.57,40520682877.77,1862517511.0,1852797571.0,21.34288222,25.17506987,3.66126751,-2.39636025,27.60300156,1.69851534
2019-12-23,21.49,-1.737540009145,40025501311.39,39816619800.79,1862517511.0,1852797571.0,20.9720411,24.73764296,3.59765152,-2.35472253,27.12338836,1.66900296
2019-12-24,21.7,0.977198697068,40416629988.7,40205707290.7,1862517511.0,1852797571.0,21.17697962,24.97937888,3.63280772,-2.37773285,27.38843776,1.68531243
2019-12-25,21.71,0.046082949309,40435255163.81,40224235266.41,1862517511.0,1852797571.0,21.18673859,24.99089012,3.63448183,-2.37882858,27.40105916,1.68608908
2019-12-26,22.36,2.994011976048,41645891545.96,41428553687.56,1862517511.0,1852797571.0,21.82107208,25.73912036,3.74329865,-2.45005099,28.22145015,1.73657078
2019-12-27,22.16,-0.894454382826,41273388043.76,41057994173.36,1862517511.0,1852797571.0,21.62589255,25.50889567,3.70981655,-2.4281364,27.96902215,1.72103795
2019-12-30,22.82,2.978339350181,42502649601.02,42280840570.22,1862517511.0,1852797571.0,22.26998502,26.26863715,3.82030748,-2.50045455,28.80203455,1.7722963
2019-12-31,23.17,1.533742331288,43154616204.0,42790780011.0,1862521200.0,1846818300.0,22.61159399,30.28398254,3.75596563,-2.5388101,29.24384146,1.79948232
2020-01-02,23.19,0.086318515322,43191866628.0,42827716377.0,1862521200.0,1846818300.0,22.63111198,30.31012322,3.75920772,-1.52148309,29.26908431,1.80103561
2020-01-03,23.72,2.285467874084,44179002864.0,43806530076.0,1862521200.0,1846818300.0,23.14833878,31.00285135,3.8451232,-1.5562561,29.93801983,1.8421977
2020-01-06,23.53,-0.801011804384,43825123836.0,43455634599.0,1862521200.0,1846818300.0,22.96291785,30.75451485,3.81432331,-1.5437903,29.69821276,1.82744148
2020-01-07,24.15,2.634934126647,44979886980.0,44600661945.0,1862521200.0,1846818300.0,23.56797561,31.56487606,3.91482822,-1.58446816,30.4807411,1.87559336
2020-01-08,23.71,-1.821946169772,44160377652.0,43788061893.0,1862521200.0,1846818300.0,23.13857978,30.98978101,3.84350216,-1.5556,29.92539841,1.84142106
2020-01-09,24.0,1.223112610713,44700508800.0,44323639200.0,1862521200.0,1846818300.0,23.42159067,31.36882093,3.89051252,-1.57462674,30.29141973,1.86394371
2020-01-10,23.7,-1.25,44141752440.0,43769593710.0,1862521200.0,1846818300.0,23.12882078,30.97671066,3.84188111,-1.55494391,29.91277698,1.84064441
2020-01-13,24.0,1.26582278481,44700508800.0,44323639200.0,1862521200.0,1846818300.0,23.42159067,31.36882093,3.89051252,-1.57462674,30.29141973,1.86394371
2020-01-14,23.76,-1.0,44253503712.0,43880402808.0,1862521200.0,1846818300.0,23.18737476,31.05513272,3.85160739,-1.55888048,29.98850553,1.84530427
2020-01-15,23.81,0.210437710438,44346629772.0,43972743723.0,1862521200.0,1846818300.0,23.23616974,31.12048443,3.85971263,-1.56216095,30.05161266,1.84918749
2020-01-16,24.06,1.04997900042,44812260072.0,44434448298.0,1862521200.0,1846818300.0,23.48014464,31.44724298,3.9002388,-1.57856331,30.36714828,1.86860357
2020-01-17,23.92,-0.581878636741,44551507104.0,44175893736.0,1862521200.0,1846818300.0,23.3435187,31.26425819,3.87754414,-1.56937799,30.19044833,1.85773057
2020-01-20,24.58,2.759197324415,45780771096.0,45394793814.0,1862521200.0,1846818300.0,23.98761244,32.12690076,3.98453324,-1.61268022,31.02346237,1.90898902
2020-01-21,23.59,-4.027664768104,43936875108.0,43566443697.0,1862521200.0,1846818300.0,23.02147183,30.8329369,3.82404959,-1.54772687,29.77394131,1.83210134
2020-01-22,23.75,0.678253497245,44234878500.0,43861934625.0,1862521200.0,1846818300.0,23.17761576,31.04206237,3.84998634,-1.55822438,29.97588411,1.84452763
2020-01-23,22.9,-3.578947368421,42651735480.0,42292139070.0,1862521200.0,1846818300.0,22.34810109,29.9310833,3.71219736,-1.50245635,28.90306299,1.77851296
2020-02-03,20.61,-10.0,38386561932.0,38062925163.0,1862521200.0,1846818300.0,20.11329098,26.93797497,3.34097762,-1.35221072,26.01275669,1.60066166
2020-02-04,21.62,4.900533721494,40267708344.0,39928211646.0,1862521200.0,1846818300.0,21.09894959,28.25807952,3.50470336,-1.41847626,27.28752061,1.67910263
2020-02-05,21.75,0.601295097132,40509836100.0,40168298025.0,1862521200.0,1846818300.0,21.22581654,28.42799396,3.52577697,-1.42700549,27.45159913,1.68919899
2020-02-06,22.33,2.666666666667,41590098396.0,41239452639.0,1862521200.0,1846818300.0,21.79183832,29.1860738,3.61979769,-1.46505897,28.18364177,1.73424429
2020-02-07,22.56,1.03000447828,42018478272.0,41664220848.0,1862521200.0,1846818300.0,22.01629523,29.48669167,3.65708177,-1.48014914,28.47393455,1.75210709
2020-02-10,22.41,-0.664893617021,41739100092.0,41387198103.0,1862521200.0,1846818300.0,21.86991028,29.29063654,3.63276606,-1.47030772,28.28461317,1.74045744
2020-02-11,22.11,-1.338688085676,41180343732.0,40833152613.0,1862521200.0,1846818300.0,21.5771404,28.89852628,3.58413466,-1.45062489,27.90597043,1.71715814
2020-02-12,22.56,2.035278154681,42018478272.0,41664220848.0,1862521200.0,1846818300.0,22.01629523,29.48669167,3.65708177,-1.48014914,28.47393455,1.75210709
2020-02-13,22.97,1.817375886525,42782111964.0,42421416351.0,1862521200.0,1846818300.0,22.41641407,30.02257569,3.72354469,-1.50704901,28.99141297,1.78394946
2020-02-14,23.0,0.130605137135,42837987600.0,42476820900.0,1862521200.0,1846818300.0,22.44569106,30.06178672,3.72840783,-1.5090173,29.02927724,1.78627939
2020-02-17,23.57,2.478260869565,43899624684.0,43529507331.0,1862521200.0,1846818300.0,23.00195383,30.80679622,3.8208075,-1.54641468,29.74869846,1.83054805
2020-02-18,23.65,0.33941450997,44048626380.0,43677252795.0,1862521200.0,1846818300.0,23.0800258,30.91135895,3.83377588,-1.55166344,29.84966986,1.8367612
2020-02-19,23.3,-1.479915433404,43396743960.0,43030866390.0,1862521200.0,1846818300.0,22.73846094,30.45389698,3.77703923,-1.52870013,29.40791999,1.80957869
2020-02-20,23.51,0.901287553648,43787873412.0,43418698233.0,1862521200.0,1846818300.0,22.94339986,30.72837417,3.81108122,-1.54247811,29.67296991,1.82588819
2020-02-21,24.2,2.934921310081,45073013040.0,44693002860.0,1862521200.0,1846818300.0,23.61677059,31.63022777,3.92293345,-1.58774863,30.54384823,1.87947658
2020-02-24,24.6,1.652892561983,45818021520.0,45431730180.0,1862521200.0,1846818300.0,24.00713043,32.15304145,3.98777533,-1.61399241,31.04870522,1.9105423
2020-02-25,23.95,-2.642276422764,44607382740.0,44231298285.0,1862521200.0,1846818300.0,23.37279569,31.30346922,3.88240728,-1.57134627,30.2283126,1.86006049
2020-02-26,23.53,-1.753653444676,43825123836.0,43455634599.0,1862521200.0,1846818300.0,22.96291785,30.75451485,3.81432331,-1.5437903,29.69821276,1.82744148
2020-02-27,25.2,7.097322566936,46935534240.0,46539821160.0,1862521200.0,1846818300.0,24.5926702,32.93726197,4.08503814,-1.65335808,31.80599072,1.9571409
2020-02-28,23.6,-6.349206349206,43955500320.0,43584911880.0,1862521200.0,1846818300.0,23.03123082,30.84600724,3.82567064,-1.54838296,29.78656273,1.83287798
2020-03-02,24.42,3.474576271186,45482767704.0,45099302886.0,1862521200.0,1846818300.0,23.8314685,31.91777529,3.95859649,-1.60218271,30.82151957,1.89656273
2020-03-03,24.47,0.20475020475,45575893764.0,45191643801.0,1862521200.0,1846818300.0,23.88026348,31.983127,3.96670172,-1.60546318,30.8846267,1.90044594
2020-03-04,24.3,-0.69472823866,45259265160.0,44877684690.0,1862521200.0,1846818300.0,23.71436055,31.76093119,3.93914392,-1.59430958,30.67006248,1.88724301
2020-03-05,24.33,0.123456790123,45315140796.0,44933089239.0,1862521200.0,1846818300.0,23.74363754,31.80014221,3.94400706,-1.59627786,30.70792675,1.88957294
2020-03-06,23.66,-2.75380189067,44067251592.0,43695720978.0,1862521200.0,1846818300.0,23.0897848,30.9244293,3.83539692,-1.55231953,29.86229128,1.83753784
2020-03-09,22.29,-5.790363482671,41515597548.0,41165579907.0,1862521200.0,1846818300.0,21.75280233,29.13379243,3.6133135,-1.46243459,28.13315607,1.73113772
2020-03-10,22.85,2.512337371018,42558609420.0,42199798155.0,1862521200.0,1846818300.0,22.29930611,29.86573159,3.70409213,-1.49917588,28.83995587,1.77462974
2020-03-11,22.32,-2.319474835886,41571473184.0,41220984456.0,1862521200.0,1846818300.0,21.78207932,29.17300346,3.61817664,-1.46440287,28.17102035,1.73346765
2020-03-12,21.85,-2.105734767025,40696088220.0,40352979855.0,1862521200.0,1846818300.0,21.3234065,28.55869738,3.54198744,-1.43356643,27.57781338,1.69696542
2020-03-13,21.59,-1.189931350114,40211832708.0,39872807097.0,1862521200.0,1846818300.0,21.0696726,28.21886849,3.49984022,-1.41650797,27.24965633,1.6767727
2020-03-16,20.73,-3.98332561371,38610064476.0,38284543359.0,1862521200.0,1846818300.0,20.23039894,27.09481907,3.36043019,-1.36008385,26.16421379,1.60998138
2020-03-17,20.8,0.337674867342,38740440960.0,38413820640.0,1862521200.0,1846818300.0,20.29871191,27.18631147,3.37177751,-1.36467651,26.25256377,1.61541788
2020-03-18,20.21,-2.836538461538,37641553452.0,37324197843.0,1862521200.0,1846818300.0,19.72293114,26.41516129,3.27613575,-1.32596694,25.5078997,1.56959593
2020-03-19,20.48,1.335972290945,38144434176.0,37822838784.0,1862521200.0,1846818300.0,19.98642404,26.76806052,3.31990401,-1.34368149,25.84867817,1.5905653
2020-03-20,20.64,0.78125,38442437568.0,38118329712.0,1862521200.0,1846818300.0,20.14256797,26.977186,3.34584076,-1.354179,26.05062097,1.60299159
2020-03-23,20.03,-2.955426356589,37306299636.0,36991770549.0,1862521200.0,1846818300.0,19.54726921,26.17989513,3.2469569,-1.31415724,25.28071405,1.55561636
2020-03-24,20.39,1.797304043934,37976807268.0,37656625137.0,1862521200.0,1846818300.0,19.89859307,26.65042744,3.30531459,-1.33777664,25.73508534,1.58357551
2020-03-25,20.61,1.078960274644,38386561932.0,38062925163.0,1862521200.0,1846818300.0,20.11329098,26.93797497,3.34097762,-1.35221072,26.01275669,1.60066166
2020-03-26,20.44,-0.824842309558,38069933328.0,37748966052.0,1862521200.0,1846818300.0,19.94738805,26.71577915,3.31341983,-1.34105711,25.79819247,1.58745873
2020-03-27,20.4,-0.195694716243,37995432480.0,37675093320.0,1862521200.0,1846818300.0,19.90835207,26.66349779,3.30693564,-1.33843273,25.74770677,1.58435215
2020-03-30,19.36,-5.098039215686,36058410432.0,35754402288.0,1862521200.0,1846818300.0,18.89341647,25.30418221,3.13834676,-1.27019891,24.43507858,1.50358126
2020-03-31,19.09,-1.394628099174,35555680232.65,35370126578.05,1862529085.0,1852809145.0,18.63000245,24.95138861,3.20960593,-1.25248966,24.09440211,1.48261817
2020-04-01,19.03,-0.314300680985,35443928487.55,35258958029.35,1862529085.0,1852809145.0,18.57144822,24.87296623,3.19951811,-1.24855307,24.01867324,1.47795829
2020-04-02,19.27,1.261166579086,35890935467.95,35703632224.15,1862529085.0,1852809145.0,18.80566512,25.18665576,3.23986937,-1.26429941,24.32158872,1.49659781
2020-04-03,19.02,-1.297353399066,35425303196.7,35240429937.9,1862529085.0,1852809145.0,18.56168918,24.85989583,3.19783681,-1.24789698,24.00605176,1.47718164
2020-04-07,19.5,2.523659305994,36319317157.5,36129778327.5,1862529085.0,1852809145.0,19.03012298,25.4872749,3.27853932,-1.27938964,24.61188272,1.51446068
2020-04-08,19.62,0.615384615385,36542820647.7,36352115424.9,1862529085.0,1852809145.0,19.14723143,25.64411967,3.29871494,-1.28726281,24.76334046,1.52378043
2020-04-09,19.67,0.254841997961,36635947101.95,36444755882.15,1862529085.0,1852809145.0,19.19602662,25.70947166,3.30712145,-1.2905433,24.82644786,1.52766367
2020-04-10,19.56,-0.559227249619,36431068902.6,36240946876.2,1862529085.0,1852809145.0,19.0886772,25.56569729,3.28862713,-1.28332623,24.68761159,1.51912056
2020-04-13,19.14,-2.147239263804,35648806686.9,35462767035.3,1862529085.0,1852809145.0,18.67879763,25.0167406,3.21801244,-1.25577014,24.1575095,1.4865014
2020-04-14,19.39,1.306165099269,36114438958.15,35925969321.55,1862529085.0,1852809145.0,18.92277357,25.34350053,3.26004499,-1.27217257,24.47304646,1.50591757
2020-04-15,19.14,-1.289324394018,35648806686.9,35462767035.3,1862529085.0,1852809145.0,18.67879763,25.0167406,3.21801244,-1.25577014,24.1575095,1.4865014
2020-04-16,19.28,0.73145245559,35909560758.8,35722160315.6,1862529085.0,1852809145.0,18.81542416,25.19972616,3.24155067,-1.26495551,24.3342102,1.49737445
2020-04-17,19.22,-0.311203319502,35797809013.7,35610991766.9,1862529085.0,1852809145.0,18.75686993,25.12130378,3.23146286,-1.26101892,24.25848133,1.49271457
2020-04-20,19.3,0.416233090531,35946811340.5,35759216498.5,1862529085.0,1852809145.0,18.83494223,25.22586695,3.24491327,-1.2662677,24.35945316,1.49892775
2020-04-21,19.84,2.79792746114,36952577046.4,36759733436.8,1862529085.0,1852809145.0,19.36193025,25.93166841,3.33570359,-1.30169695,25.04101299,1.54086666
2020-04-22,19.72,-0.604838709677,36729073556.2,36537396339.4,1862529085.0,1852809145.0,19.2448218,25.77482364,3.31552797,-1.29382378,24.88955525,1.5315469
2020-04-23,19.43,-1.470588235294,36188940121.55,36000081687.35,1862529085.0,1852809145.0,18.96180972,25.39578212,3.2667702,-1.27479696,24.52353238,1.50902415
2020-04-24,19.13,-1.544004117344,35630181396.05,35444238943.85,1862529085.0,1852809145.0,18.6690386,25.0036702,3.21633114,-1.25511405,24.14488803,1.48572476
2020-04-27,18.17,-5.018295870361,33842153474.45,33665542164.65,1862529085.0,1852809145.0,23.74891205,23.74891205,3.05492612,-1.19212871,22.57148827,0.99817354
2020-04-28,17.38,-4.347826086957,32370755497.3,32201822940.1,1862529085.0,1852809145.0,22.71635066,22.71635066,2.92210325,-1.14029703,21.59011922,0.95477469
2020-04-29,17.39,0.05753739931,32389380788.15,32220351031.55,1862529085.0,1852809145.0,22.72942105,22.72942105,2.92378455,-1.14095312,21.60254161,0.95532404
2020-04-30,17.17,-1.265094882116,31979624389.45,31812733019.65,1862529085.0,1852809145.0,65.50368771,22.44187231,2.8867959,-1.12651898,17.4679059,0.98470892
2020-05-06,17.47,1.747233546884,32538383114.95,32368575763.15,1862529085.0,1852809145.0,66.64819012,22.83398423,2.93723497,-1.1462019,17.77311102,1.00191409
2020-05-07,17.22,-1.431024613623,32072750843.7,31905373476.9,1862529085.0,1852809145.0,65.69443811,22.5072243,2.89520241,-1.12979947,17.51877342,0.98757645
2020-05-08,17.42,1.16144018583,32445256660.7,32275935305.9,1862529085.0,1852809145.0,66.45743971,22.76863225,2.92882846,-1.14292142,17.7222435,0.99904656
2020-05-11,17.31,-0.631458094145,32240378461.35,32072126299.95,1862529085.0,1852809145.0,66.03778883,22.62485787,2.91033413,-1.13570435,17.61033496,0.992738
2020-05-12,17.14,-0.982091276719,31923748516.9,31757148745.3,1862529085.0,1852809145.0,65.38923747,22.40266112,2.88175199,-1.12455069,17.43738539,0.98298841
2020-05-13,17.28,0.816802800467,32184502588.8,32016542025.6,1862529085.0,1852809145.0,65.92333859,22.58564668,2.90529023,-1.13373605,17.57981445,0.99101748
2020-05-14,16.92,-2.083333333333,31513992118.2,31349530733.4,1862529085.0,1852809145.0,64.5499357,22.11511238,2.84476335,-1.11011655,17.21356831,0.97037129
2020-05-15,17.01,0.531914893617,31681619735.85,31516283556.45,1862529085.0,1852809145.0,64.89328643,22.23274595,2.85989507,-1.11602143,17.30512985,0.97553284
2020-05-18,17.17,0.940623162845,31979624389.45,31812733019.65,1862529085.0,1852809145.0,65.50368771,22.44187231,2.8867959,-1.12651898,17.4679059,0.98470892
2020-05-19,17.26,0.524170064065,32147252007.1,31979485842.7,1862529085.0,1852809145.0,65.84703843,22.55950589,2.90192762,-1.13242386,17.55946744,0.98987047
2020-05-20,17.11,-0.869061413673,31867872644.35,31701564470.95,1862529085.0,1852809145.0,65.27478723,22.36344993,2.87670809,-1.1225824,17.40686488,0.98126789
2020-05-21,16.63,-2.805376972531,30973858683.55,30812216081.35,1862529085.0,1852809145.0,63.44358338,21.73607085,2.79600558,-1.09108973,16.9185367,0.95373963
2020-05-22,16.3,-1.98436560433,30359224085.5,30200789063.5,1862529085.0,1852809145.0,62.18463073,21.30474774,2.74052261,-1.06943852,16.58281108,0.93481395
2020-05-25,15.87,-2.638036809816,29558336578.95,29404081131.15,1862529085.0,1852809145.0,60.54417728,20.74272065,2.66822661,-1.04122634,16.14535042,0.91015321
2020-05-26,16.06,1.19722747322,29912217105.1,29756114868.7,1862529085.0,1852809145.0,61.26902881,20.9910582,2.70017136,-1.05369219,16.33864699,0.92104981
2020-05-27,15.91,-0.93399750934,29632837742.35,29478193496.95,1862529085.0,1852809145.0,60.6967776,20.79500224,2.67495182,-1.04385073,16.18604443,0.91244723
2020-05-28,15.69,-1.382778126964,29223081343.65,29070575485.05,1862529085.0,1852809145.0,59.85747584,20.5074535,2.63796317,-1.02941659,15.96222735,0.89983011
2020-05-29,15.95,1.657106437221,29707338905.75,29552305862.75,1862529085.0,1852809145.0,60.84937792,20.84728383,2.68167703,-1.04647512,16.22673845,0.91474125
2020-06-01,16.49,3.385579937304,30713104611.65,30552822801.05,1862529085.0,1852809145.0,62.90948226,21.55308529,2.77246735,-1.08190437,16.77610765,0.94571055
2020-06-02,16.55,0.363856882959,30824856356.75,30663991349.75,1862529085.0,1852809145.0,63.13838274,21.63150767,2.78255516,-1.08584095,16.83714867,0.94915158
2020-06-03,16.35,-1.208459214502,30452350539.75,30293429520.75,1862529085.0,1852809145.0,62.37538113,21.37009973,2.74892912,-1.07271901,16.6336786,0.93768147
2020-06-04,16.29,-0.366972477064,30340598794.65,30182260972.05,1862529085.0,1852809145.0,62.14648065,21.29167734,2.73884131,-1.06878243,16.57263758,0.93424044
2020-06-05,16.35,0.36832412523,30452350539.75,30293429520.75,1862529085.0,1852809145.0,62.37538113,21.37009973,2.74892912,-1.07271901,16.6336786,0.93768147
2020-06-08,16.23,-0.733944954128,30228847049.55,30071092423.35,1862529085.0,1852809145.0,61.91758017,21.21325496,2.72875349,-1.06484584,16.51159655,0.93079941
2020-06-09,16.67,2.711028958718,31048359846.95,30886328447.15,1862529085.0,1852809145.0,63.5961837,21.78835244,2.80273079,-1.09371412,16.95923072,0.95603365
2020-06-10,16.82,0.899820035993,31327739209.7,31164249818.9,1862529085.0,1852809145.0,64.1684349,21.9844084,2.82795032,-1.10355558,17.11183327,0.96463623
2020-06-11,16.49,-1.961950059453,30713104611.65,30552822801.05,1862529085.0,1852809145.0,62.90948226,21.55308529,2.77246735,-1.08190437,16.77610765,0.94571055
2020-06-12,16.38,-0.667070952092,30508227149.4,30349014532.2,1862529130.0,1852809190.0,62.48983288,21.40931144,2.75397309,-1.07468733,16.66419951,0.93940201
2020-06-15,16.68,1.831501831502,31066985888.4,30904857289.2,1862529130.0,1852809190.0,63.63433532,21.80142337,2.80441216,-1.09437025,16.96940463,0.95660718
2020-06-16,16.72,0.239808153477,31057273095.2,30978969656.8,1857492410.0,1852809190.0,63.61444066,21.79460736,2.80353539,-1.0940281,16.96409931,0.9563081
2020-06-17,16.98,1.555023923445,31540221121.8,31460700046.2,1857492410.0,1852809190.0,64.60366043,22.13351872,2.84713103,-1.1110405,17.22789511,0.97117892
2020-06-18,16.86,-0.706713780919,31317322032.6,31238362943.4,1857492410.0,1852809190.0,64.14709746,21.97709809,2.82700997,-1.10318862,17.10614321,0.96431547
2020-06-19,16.84,-0.11862396204,31280172184.4,31201306759.6,1857492410.0,1852809190.0,64.07100363,21.95102799,2.82365646,-1.10187998,17.08585122,0.96317156
2020-06-22,16.78,-0.356294536817,31168722639.8,31090138208.2,1857492410.0,1852809190.0,63.84272214,21.87281768,2.81359592,-1.09795404,17.02497527,0.95973983
2020-06-23,16.63,-0.893921334923,30890098778.3,30812216829.7,1857492410.0,1852809190.0,63.27201843,21.67729189,2.78844459,-1.08813919,16.87278538,0.95116051
2020-06-24,16.63,0.0,30890098778.3,30812216829.7,1857492410.0,1852809190.0,63.27201843,21.67729189,2.78844459,-1.08813919,16.87278538,0.95116051
2020-06-29,16.12,-3.066746843055,29942777649.2,29867284142.8,1857492410.0,1852809190.0,61.3316258,21.01250423,2.70293005,-1.05476872,16.35533977,0.92199083
2020-06-30,16.24,0.744416873449,30165676738.4,30089621245.6,1857492410.0,1852809190.0,61.78818877,21.16892485,2.70592685,-1.0626206,16.47709168,0.92885428
2020-07-01,16.31,0.431034482759,30295701207.1,30219317888.9,1857492410.0,1852809190.0,62.05451717,21.26017022,2.71759033,-1.06720086,16.54811362,0.93285797
2020-07-02,17.94,9.993868792152,33323413835.4,33239396868.6,1857492410.0,1852809190.0,68.2561642,23.38488374,2.98918274,-1.17385551,18.20191039,1.02608657
2020-07-03,18.23,1.616499442586,33862086634.3,33776711533.7,1857492410.0,1852809190.0,69.35952471,23.76290025,3.03750286,-1.19283088,18.49614417,1.04267325
2020-07-06,19.08,4.662643993417,35440955182.8,35351599345.2,1857492410.0,1852809190.0,72.59351242,24.87087969,3.17913081,-1.24844834,19.35855352,1.09128939
2020-07-07,18.8,-1.46750524109,34920857308.0,34832812772.0,1857492410.0,1852809190.0,71.52819882,24.50589823,3.1324769,-1.23012729,19.07446573,1.07527466
2020-07-08,19.17,1.968085106383,35608129499.7,35518352172.3,1857492410.0,1852809190.0,72.93593465,24.98819516,3.19412671,-1.25433724,19.44986745,1.09643698
2020-07-09,19.69,2.712571726656,36574025552.9,36481812951.1,1857492410.0,1852809190.0,74.91437419,25.66601788,3.28076969,-1.28836204,19.97745906,1.12617862
2020-07-10,19.22,-2.386998476384,35701004120.2,35610992631.8,1857492410.0,1852809190.0,73.12616922,25.05337042,3.20245776,-1.25760886,19.50059741,1.09929676
2020-07-13,19.47,1.300728407908,36165377222.7,36074872485.3,1857492410.0,1852843990.0,74.07734208,25.37924673,3.24411304,-1.27396693,19.75424722,1.11359562
2020-07-14,18.99,-2.465331278891,35273780865.9,35185507370.1,1857492410.0,1852843990.0,72.2510902,24.75356422,3.16413491,-1.24255943,19.26723959,1.0861418
2020-07-15,18.43,-2.948920484466,34233585116.3,34147914735.7,1857492410.0,1852843990.0,70.120463,24.0236013,3.07082709,-1.20591734,18.69906401,1.05411234
2020-07-16,17.67,-4.123711340206,32821890884.7,32739753303.3,1857492410.0,1852843990.0,67.22889751,23.03293733,2.94419504,-1.15618879,17.92796859,1.01064379
2020-07-17,17.88,1.188455008489,33211964290.8,33128850541.2,1857492410.0,1852843990.0,68.02788271,23.30667342,2.97918547,-1.16992957,18.14103443,1.02265484
2020-07-20,18.27,3.512747875354,33936386330.7,33851459697.3,1857492410.0,1852843990.0,69.51171237,23.81504046,3.04416771,-1.19544817,18.53672814,1.04496107
2020-07-21,18.67,2.189381499726,34679383294.7,34592597293.3,1857492410.0,1852843990.0,71.03358894,24.33644255,3.11081615,-1.22162109,18.94256783,1.06783925
2020-07-22,18.56,-0.589180503482,34475059129.6,34388784454.4,1857492410.0,1852843990.0,70.61507288,24.19305698,3.09248783,-1.21442354,18.83096192,1.06154775
2020-07-23,18.06,-2.693965517241,33546312924.6,33462362459.4,1857492410.0,1852843990.0,68.71272717,23.54130436,3.00917727,-1.18170739,18.32366229,1.03295002
2020-07-24,17.49,-3.156146179402,32487542250.9,32406241385.1,1857492410.0,1852843990.0,66.54405306,22.79830638,2.91420324,-1.14441097,17.74534073,1.00034861
2020-07-27,17.25,-1.372212692967,32041744072.5,31961558827.5,1857492410.0,1852843990.0,65.63092711,22.48546513,2.87421417,-1.12870722,17.50183691,0.9866217
2020-07-28,17.41,0.927536231884,32338942858.1,32258013865.9,1857492410.0,1852843990.0,66.23967774,22.69402597,2.90087355,-1.13917639,17.66417279,0.99577297
2020-07-29,17.63,1.263641585296,32747591188.3,32665639543.7,1857492410.0,1852843990.0,67.07670985,22.98079712,2.9375302,-1.1535715,17.88738462,1.00835597
2020-07-30,17.42,-1.191151446398,32357517782.2,32276542305.8,1857492410.0,1852843990.0,66.27772466,22.70706102,2.90253976,-1.13983071,17.67431878,0.99634493
2020-07-31,17.49,0.401836969001,32487542250.9,32406241385.1,1857492410.0,1852843990.0,66.54405306,22.79830638,2.91420324,-1.14441097,17.74534073,1.00034861
2020-08-03,18.37,5.031446540881,34122135571.7,34036744096.3,1857492410.0,1852843990.0,69.89218151,23.94539098,3.06082982,-1.2019914,18.63818806,1.05068061
2020-08-04,18.11,-1.41535111595,33639187545.1,33555004658.9,1857492410.0,1852843990.0,68.90296174,23.60647962,3.01750833,-1.184979,18.37439226,1.03580979
2020-08-05,18.23,0.662617338487,33862086634.3,33777345937.7,1857492410.0,1852843990.0,69.35952471,23.76290025,3.03750286,-1.19283088,18.49614417,1.04267325
2020-08-06,18.33,0.548546352167,34047835875.3,33962630336.7,1857492410.0,1852843990.0,69.73999385,23.89325077,3.05416497,-1.19937411,18.59760409,1.0483928
2020-08-07,17.93,-2.182214948172,33304838911.3,33221492740.7,1857492410.0,1852843990.0,68.21811728,23.37184868,2.98751653,-1.17320119,18.19176439,1.02551461
2020-08-10,18.25,1.784718349136,33899236482.5,33814402817.5,1857492410.0,1852843990.0,69.43561854,23.78897036,3.04083529,-1.19413952,18.51643615,1.04381716
2020-08-11,17.88,-2.027397260274,33211964290.8,33128850541.2,1857492410.0,1852843990.0,68.02788271,23.30667342,2.97918547,-1.16992957,18.14103443,1.02265484
2020-08-12,17.47,-2.293064876957,32450392402.7,32369184505.3,1857492410.0,1852843990.0,66.46795923,22.77223628,2.91087082,-1.14310233,17.72504874,0.9992047
2020-08-13,17.41,-0.34344590727,32338942858.1,32258013865.9,1857492410.0,1852843990.0,66.23967774,22.69402597,2.90087355,-1.13917639,17.66417279,0.99577297
2020-08-14,17.75,1.952900631821,32970490277.5,32887980822.5,1857492410.0,1852843990.0,67.53327283,23.13721774,2.95752473,-1.16142337,18.00913653,1.01521943
2020-08-17,18.21,2.591549295775,33824936786.1,33740289057.9,1857492410.0,1852843990.0,69.28343088,23.73683015,3.03417044,-1.19152223,18.47585218,1.04152934
2020-08-18,18.22,0.054914881933,33843511710.2,33758817497.8,1857492410.0,1852843990.0,69.3214778,23.7498652,3.03583665,-1.19217656,18.48599817,1.0421013
2020-08-19,17.78,-2.414928649835,33026215049.8,32943566142.2,1857492410.0,1852843990.0,67.64741357,23.1763229,2.96252336,-1.16338634,18.03957451,1.01693529
2020-08-20,17.5,-1.574803149606,32506117175.0,32424769825.0,1857492410.0,1852843990.0,66.58209997,22.81134144,2.91586945,-1.1450653,17.75548672,1.00092056
2020-08-21,17.64,0.8,32766166112.4,32684167983.6,1857492410.0,1852843990.0,67.11475677,22.99383217,2.93919641,-1.15422582,17.89753061,1.00892793
2020-08-24,17.97,1.87074829932,33379138607.7,33295606500.3,1857492410.0,1852843990.0,40.45283494,23.42398889,2.99418137,-1.17581848,14.65463417,1.08338579
2020-08-25,17.86,-0.612131329994,33174814442.6,33091793661.4,1857492410.0,1852843990.0,40.20521046,23.28060332,2.97585305,-1.16862093,14.56492856,1.07675405
2020-08-26,17.59,-1.511758118701,32673291491.9,32591525784.1,1857492410.0,1852843990.0,39.59740493,22.92865691,2.93086535,-1.1509542,14.34474207,1.06047613
2020-08-27,17.66,0.397953382604,32803315960.6,32721224863.4,1857492410.0,1852843990.0,39.75498414,23.01990227,2.94252883,-1.15553447,14.40182746,1.06469633
2020-08-28,18.0,1.925254813137,33434863380.0,33351191820.0,1857492410.0,1852843990.0,40.52036889,23.46309405,2.99918001,-1.17778145,14.67909933,1.08519445
2020-08-31,18.01,0.055555555556,33453438304.1,33369720259.9,1857492410.0,1852843990.0,40.5428802,23.4761291,3.00084622,-1.17843577,14.68725439,1.08579734
2020-09-01,18.08,0.388672959467,33583462772.8,33499419339.2,1857492410.0,1852843990.0,40.70045941,23.56737447,3.0125097,-1.18301603,14.74433978,1.09001754
2020-09-02,18.25,0.940265486726,33899236482.5,33814402817.5,1857492410.0,1852843990.0,41.08315179,23.78897036,3.04083529,-1.19413952,14.88297571,1.10026659
2020-09-03,17.89,-1.972602739726,33230539214.9,33147378981.1,1857492410.0,1852843990.0,40.27274441,23.31970847,2.98085169,-1.1705839,14.58939373,1.07856271
2020-09-04,17.66,-1.285634432644,32803315960.6,32721224863.4,1857492410.0,1852843990.0,39.75498414,23.01990227,2.94252883,-1.15553447,14.40182746,1.06469633
2020-09-07,17.25,-2.321630804077,32041744072.5,31961558827.5,1857492410.0,1852843990.0,38.83202018,22.48546513,2.87421417,-1.12870722,14.0674702,1.03997801
2020-09-08,17.33,0.463768115942,32190343465.3,32109786346.7,1857492410.0,1852843990.0,39.01211071,22.58974555,2.88754386,-1.13394181,14.13271064,1.0448011
2020-09-09,16.84,-2.827466820542,31280172184.4,31201892791.6,1857492410.0,1852843990.0,37.90905623,21.95102799,2.80589952,-1.10187998,13.73311293,1.0152597
2020-09-10,16.36,-2.850356294537,30388575827.6,30312527676.4,1857492410.0,1852843990.0,36.82851305,21.32534548,2.72592138,-1.07047247,13.34167028,0.98632118
2020-09-11,16.43,0.427872860636,30518600296.3,30442226755.7,1857492410.0,1852843990.0,36.98609227,21.41659085,2.73758486,-1.07505273,13.39875567,0.99054138
2020-09-14,16.52,0.547778454047,30685774613.2,30608982714.8,1857492410.0,1852843990.0,37.18869411,21.53390632,2.75258076,-1.08094164,13.47215117,0.99596735
2020-09-15,16.5,-0.121065375303,30648624765.0,30571925835.0,1857492410.0,1852843990.0,37.14367148,21.50783621,2.74924834,-1.07963299,13.45584106,0.99476158
2020-09-16,16.34,-0.969696969697,30351425979.4,30275470796.6,1857492410.0,1852843990.0,36.78349042,21.29927538,2.72258896,-1.06916383,13.32536017,0.98511541
2020-09-17,16.37,0.183598531212,30407150751.7,30331056116.3,1857492410.0,1852843990.0,36.85102437,21.33838053,2.7275876,-1.0711268,13.34982534,0.98692406
2020-09-18,16.56,1.160659743433,30760074309.6,30683096474.4,1857492410.0,1852843990.0,37.27873938,21.58604653,2.75924561,-1.08355893,13.50477139,0.99837889
2020-09-21,16.57,0.06038647343,30778649233.7,30701624914.3,1857492410.0,1852843990.0,37.30125069,21.59908158,2.76091182,-1.08421326,13.51292644,0.99898178
2020-09-22,16.25,-1.9312009656,30184251662.5,30108714837.5,1857492410.0,1852843990.0,36.58088858,21.18195991,2.70759306,-1.06327492,13.25196468,0.97968943
2020-09-23,16.11,-0.861538461538,29924202725.1,29849316678.9,1857492410.0,1852843990.0,36.26573015,20.99946917,2.68426611,-1.0541144,13.1377939,0.97124903
2020-09-24,15.67,-2.731222842955,29106906064.7,29034065323.3,1857492410.0,1852843990.0,35.27523225,20.42592688,2.61095282,-1.02532418,12.77897148,0.94472206
2020-09-25,15.69,0.127632418634,29144055912.9,29071122203.1,1857492410.0,1852843990.0,35.32025488,20.45199698,2.61428524,-1.02663283,12.79528159,0.94592783
2020-09-28,15.79,0.6373486297,29329805153.9,29256406602.1,1857492410.0,1852843990.0,35.54536804,20.5823475,2.63094735,-1.03317606,12.87683214,0.95195669
2020-09-29,15.89,0.633312222926,29515554394.9,29441691001.1,1857492410.0,1852843990.0,35.7704812,20.71269802,2.64760946,-1.03971929,12.95838269,0.95798554
2020-09-30,15.77,-0.755191944619,29292728446.96,29219422863.56,1857497048.0,1852848628.0,35.50043405,20.55632873,2.5381576,-1.03186999,12.86055414,0.95075329
2020-10-09,16.04,1.712111604312,29794252649.92,29719691993.12,1857497048.0,1852848628.0,36.1082411,20.90827601,2.58161369,-1.04953676,13.08074118,0.96703125
2020-10-12,16.32,1.745635910224,30314351823.36,30238489608.96,1857497048.0,1852848628.0,36.73855952,21.27325839,2.62667927,-1.06785785,13.30908329,0.98391209
2020-10-13,16.27,-0.30637254902,30221476970.96,30145847177.56,1857497048.0,1852848628.0,36.62600266,21.20808297,2.61863184,-1.06458622,13.26830792,0.98089765
2020-10-14,16.15,-0.737553779963,29998577325.2,29923505342.2,1857497048.0,1852848628.0,36.35586619,21.05166195,2.59931803,-1.05673433,13.17044701,0.97366301
2020-10-15,15.98,-1.052631578947,29682802827.04,29608521075.44,1857497048.0,1852848628.0,35.97317287,20.83006551,2.57195678,-1.04561081,13.03181073,0.96341392
2020-10-16,15.91,-0.438047559449,29552778033.68,29478821671.48,1857497048.0,1852848628.0,35.81559326,20.73881991,2.56069039,-1.04103054,12.9747252,0.95919371
2020-10-19,15.94,0.188560653677,29608502945.12,29534407130.32,1857497048.0,1852848628.0,35.88312738,20.77792517,2.56551884,-1.04299351,12.99919042,0.96100237
2020-10-20,15.93,-0.062735257215,29589927974.64,29515878644.04,1857497048.0,1852848628.0,35.86061601,20.76489008,2.56390936,-1.04233918,12.99103535,0.96039949
2020-10-21,15.75,-1.129943502825,29255578506.0,29182365891.0,1857497048.0,1852848628.0,35.4554113,20.53025856,2.53493863,-1.03056134,12.84424399,0.94954751
2020-10-22,15.93,1.142857142857,29589927974.64,29515878644.04,1857497048.0,1852848628.0,35.86061601,20.76489008,2.56390936,-1.04233918,12.99103535,0.96039949
2020-10-23,15.95,0.125549278092,29627077915.6,29552935616.6,1857497048.0,1852848628.0,35.90563875,20.79096025,2.56712833,-1.04364783,13.0073455,0.96160526
2020-10-26,15.79,-1.003134796238,29329878387.92,29256479836.12,1857497048.0,1852848628.0,35.54545679,20.58239889,2.54137657,-1.03317864,12.87686429,0.95195906
2020-10-27,15.73,-0.379987333756,29218428565.04,29145308918.44,1857497048.0,1852848628.0,35.41038856,20.50418839,2.53171966,-1.02925269,12.82793384,0.94834174
2020-10-28,15.66,-0.445009535919,29088403771.68,29015609514.48,1857497048.0,1852848628.0,35.25280895,20.41294279,2.52045327,-1.02467242,12.77084831,0.94412153
2020-10-29,15.48,-1.149425287356,28754054303.04,28682096761.44,1857497048.0,1852848628.0,34.84760425,20.17831127,2.49148254,-1.01289458,12.62405695,0.93326956
2020-10-30,15.52,0.258397932817,28828354184.96,28756210706.56,1857497048.0,1852848628.0,34.93764974,20.23045161,2.49792048,-1.01551187,12.65667725,0.93568111
2020-11-02,13.97,-9.987113402062,25949233760.56,25884295333.16,1857497048.0,1852848628.0,56.87159679,18.21001346,2.24845033,-0.91409155,8.03306084,1.01261692
2020-11-03,13.96,-0.071581961346,25930658790.08,25865766846.88,1857497048.0,1852848628.0,56.83088698,18.19697838,2.24684084,-0.91343723,8.02731062,1.01189207
2020-11-04,13.74,-1.575931232092,25522009439.52,25458140148.72,1857497048.0,1852848628.0,55.93527129,17.91020651,2.21143218,-0.89904208,7.90080573,0.99594534
2020-11-05,13.91,1.237263464338,25837783937.68,25773124415.48,1857497048.0,1852848628.0,56.62733796,18.13180295,2.23879342,-0.9101656,7.99855951,1.00826781
2020-11-06,13.91,0.0,25837783937.68,25773124415.48,1857497048.0,1852848628.0,56.62733796,18.13180295,2.23879342,-0.9101656,7.99855951,1.00826781
2020-11-09,14.24,2.372393961179,26450757963.52,26384564462.72,1857497048.0,1852848628.0,57.97076151,18.56196075,2.29190642,-0.93175832,8.18831685,1.03218789
2020-11-10,14.15,-0.63202247191,26283583229.2,26217808086.2,1857497048.0,1852848628.0,57.60437327,18.44464499,2.27742106,-0.9258694,8.13656485,1.02566424
2020-11-11,13.9,-1.766784452297,25819208967.2,25754595929.2,1857497048.0,1852848628.0,56.58662816,18.11876787,2.23718394,-0.90951128,7.99280929,1.00754296
2020-11-12,13.9,0.0,25819208967.2,25754595929.2,1857497048.0,1852848628.0,56.58662816,18.11876787,2.23718394,-0.90951128,7.99280929,1.00754296
2020-11-13,13.89,-0.071942446043,25800633996.72,25736067442.92,1857497048.0,1852848628.0,56.54591835,18.10573278,2.23557445,-0.90885695,7.98705906,1.00681811
2020-11-16,13.91,0.143988480922,25837783937.68,25773124415.48,1857497048.0,1852848628.0,56.62733796,18.13180295,2.23879342,-0.9101656,7.99855951,1.00826781
2020-11-17,13.67,-1.725377426312,25391984646.16,25328440744.76,1857497048.0,1852848628.0,55.65030266,17.81896092,2.20016578,-0.89446181,7.86055417,0.99087138
2020-11-18,13.84,1.243599122165,25707759144.32,25643425011.52,1857497048.0,1852848628.0,56.34236933,18.04055736,2.22752703,-0.90558533,7.95830795,1.00319385
2020-11-19,13.94,0.722543352601,25893508849.12,25828709874.32,1857497048.0,1852848628.0,56.74946738,18.17090821,2.24362187,-0.91212858,8.01581018,1.01044236
2020-11-20,13.95,0.071736011478,25912083819.6,25847238360.6,1857497048.0,1852848628.0,56.79017718,18.18394329,2.24523136,-0.9127829,8.0215604,1.01116721
2020-11-23,13.93,-0.143369175627,25874933878.64,25810181388.04,1857497048.0,1852848628.0,56.70875757,18.15787312,2.24201239,-0.91147425,8.01005995,1.00971751
2020-11-24,14.17,1.722900215363,26320733170.16,26254865058.76,1857497048.0,1852848628.0,57.68579288,18.47071516,2.28064003,-0.92717804,8.1480653,1.02711394
2020-11-25,13.95,-1.552575864502,25912083819.6,25847238360.6,1857497048.0,1852848628.0,56.79017718,18.18394329,2.24523136,-0.9127829,8.0215604,1.01116721
2020-11-26,13.89,-0.430107526882,25800633996.72,25736067442.92,1857497048.0,1852848628.0,56.54591835,18.10573278,2.23557445,-0.90885695,7.98705906,1.00681811
2020-11-27,13.9,0.071994240461,25819208967.2,25754595929.2,1857497048.0,1852848628.0,56.58662816,18.11876787,2.23718394,-0.90951128,7.99280929,1.00754296
2020-11-30,13.85,-0.359712230216,25726334114.8,25661953497.8,1857497048.0,1852848628.0,56.38307914,18.05359244,2.22913651,-0.90623966,7.96405817,1.0039187
2020-12-01,14.05,1.4440433213,26097833524.4,26032523223.4,1857497048.0,1852848628.0,57.19727522,18.31429414,2.26132621,-0.91932615,8.07906263,1.01841572
2020-12-02,14.15,0.711743772242,26283583229.2,26217808086.2,1857497048.0,1852848628.0,57.60437327,18.44464499,2.27742106,-0.9258694,8.13656485,1.02566424
2020-12-03,14.18,0.212014134276,26339308140.64,26273393545.04,1857497048.0,1852848628.0,57.72650268,18.48375024,2.28224951,-0.92783237,8.15381552,1.02783879
2020-12-04,14.06,-0.846262341326,26116408494.88,26051051709.68,1857497048.0,1852848628.0,57.23798503,18.32732922,2.26293569,-0.91998047,8.08481285,1.01914058
2020-12-07,13.99,-0.49786628734,25986383701.52,25921352305.72,1857497048.0,1852848628.0,56.9530164,18.23608363,2.2516693,-0.9154002,8.04456129,1.01406662
2020-12-08,13.87,-0.857755539671,25763484055.76,25699010470.36,1857497048.0,1852848628.0,56.46449874,18.07966261,2.23235548,-0.9075483,7.97555862,1.00536841
2020-12-09,13.42,-3.244412400865,24927610384.16,24865228587.76,1857497048.0,1852848628.0,54.63255754,17.4930838,2.15992866,-0.87810369,7.71679861,0.97275011
2020-12-10,13.12,-2.235469448584,24370361269.76,24309373999.36,1857497048.0,1852848628.0,53.41126341,17.10203125,2.11164412,-0.85847396,7.54429193,0.95100458
2020-12-11,12.09,-7.850609756098,22457139310.32,22400939912.52,1857497048.0,1852848628.0,49.21815356,15.75941752,1.94586718,-0.79107852,6.95201901,0.87634492
2020-12-14,12.6,4.218362282878,23404468059.0,23345897967.0,1857497465.0,1852849045.0,51.2943651,16.42421053,2.02795136,-0.82444926,7.24528199,0.91331253
2020-12-15,12.52,-0.634920634921,23255868261.8,23197670043.4,1857497465.0,1852849045.0,50.96868659,16.31992983,2.01507548,-0.81921466,7.1992802,0.90751372
2020-12-16,12.48,-0.319488817891,23123556081.6,23123556081.6,1852849045.0,1852849045.0,50.67870481,16.22707905,2.00361089,-0.81455381,7.15832054,0.9023505
2020-12-17,12.55,0.560897435897,23253255514.75,23253255514.75,1852849045.0,1852849045.0,50.96296037,16.31809632,2.01484909,-0.81912262,7.19847137,0.90741176
2020-12-18,12.55,0.0,23253255514.75,23253255514.75,1852849045.0,1852849045.0,50.96296037,16.31809632,2.01484909,-0.81912262,7.19847137,0.90741176
2020-12-21,12.56,0.0796812749,23271784005.2,23271784005.2,1852849045.0,1852849045.0,51.0035683,16.33109879,2.01645455,-0.81977531,7.20420721,0.9081348
2020-12-22,12.46,-0.796178343949,23086499100.7,23086499100.7,1852849045.0,1852849045.0,50.59748894,16.20107412,2.00039997,-0.81324844,7.14684887,0.90090443
2020-12-23,12.29,-1.364365971108,22771514763.05,22771514763.05,1852849045.0,1852849045.0,49.90715402,15.98003217,1.9731072,-0.80215275,7.0493397,0.88861279
2020-12-24,12.14,-1.220504475183,22493587406.3,22493587406.3,1852849045.0,1852849045.0,49.29803497,15.78499517,1.94902533,-0.79236244,6.96330219,0.87776723
2020-12-25,12.22,0.658978583196,22641815329.9,22641815329.9,1852849045.0,1852849045.0,49.62289846,15.8890149,1.96186899,-0.79758394,7.00918886,0.88355153
2020-12-28,12.16,-0.490998363339,22530644387.2,22530644387.2,1852849045.0,1852849045.0,49.37925084,15.8110001,1.95223625,-0.79366782,6.97477386,0.87921331
2020-12-29,12.37,1.726973684211,22919742686.65,22919742686.65,1852849045.0,1852849045.0,50.23201751,16.08405191,1.98595086,-0.80737425,7.09522637,0.89439709
2020-12-30,12.3,-0.565885206144,22790043253.5,22790043253.5,1852849045.0,1852849045.0,49.94776195,15.99303464,1.97471265,-0.80280544,7.05507553,0.88933583
2020-12-31,12.6,2.439024390244,23345909647.2,23345909647.2,1852849972.0,1852849972.0,51.16602565,22.58628808,1.92108287,-0.82238647,7.22715416,0.9110274
2021-01-04,12.86,2.063492063492,23827650639.92,23827650639.92,1852849972.0,1852849972.0,52.22183253,23.05235434,1.96072426,-26.97930374,7.37628591,0.92982638
2021-01-05,12.84,-0.155520995334,23790593640.48,23790593640.48,1852849972.0,1852849972.0,52.14061661,23.01650309,1.95767493,-26.93734526,7.36481424,0.92838031
2021-01-06,13.24,3.115264797508,24531733629.28,24531733629.28,1852849972.0,1852849972.0,53.76493489,23.73352811,2.01866168,-27.7765149,7.5942477,0.95730181
2021-01-07,12.88,-2.719033232628,23864707639.36,23864707639.36,1852849972.0,1852849972.0,52.30304844,23.0882056,1.9637736,-27.02126222,7.38775758,0.93127246
2021-01-08,13.39,3.959627329193,24809661125.08,24809661125.08,1852849972.0,1852849972.0,54.37405424,24.00241249,2.04153172,-28.09120351,7.68028525,0.96814737
2021-01-11,13.02,-2.763256161314,24124106635.44,24124106635.44,1852849972.0,1852849972.0,52.87155984,23.33916435,1.98511897,-27.3149716,7.4680593,0.94139498
2021-01-12,13.39,2.84178187404,24809661125.08,24809661125.08,1852849972.0,1852849972.0,54.37405424,24.00241249,2.04153172,-28.09120351,7.68028525,0.96814737
2021-01-13,13.33,-0.448095593727,24698490126.76,24698490126.76,1852849972.0,1852849972.0,54.1304065,23.89485874,2.0323837,-27.96532806,7.64587023,0.96380915
2021-01-14,13.05,-2.100525131283,24179692134.6,24179692134.6,1852849972.0,1852849972.0,52.99338371,23.39294123,1.98969297,-27.37790932,7.48526681,0.9435641
2021-01-15,12.84,-1.609195402299,23790593640.48,23790593640.48,1852849972.0,1852849972.0,52.14061661,23.01650309,1.95767493,-26.93734526,7.36481424,0.92838031
2021-01-18,13.08,1.869158878505,24235277633.76,24235277633.76,1852849972.0,1852849972.0,53.11520758,23.4467181,1.99426698,-27.44084704,7.50247432,0.94573321
2021-01-19,12.92,-1.223241590214,23938821638.24,23938821638.24,1852849972.0,1852849972.0,52.46548027,23.1599081,1.96987228,-27.10517919,7.41070093,0.93416461
2021-01-20,12.78,-1.083591331269,23679422642.16,23679422642.16,1852849972.0,1852849972.0,51.89696887,22.90894934,1.94852691,-26.81146982,7.33039922,0.92404208
2021-01-21,12.74,-0.312989045383,23605308643.28,23605308643.28,1852849972.0,1852849972.0,51.73453704,22.83724684,1.94242824,-26.72755285,7.30745587,0.92114993
2021-01-22,12.41,-2.590266875981,22993868152.52,22993868152.52,1852849972.0,1852849972.0,50.39447447,22.2457012,1.89211416,-26.0352379,7.11817326,0.89728969
2021-01-25,12.11,-2.417405318292,22438013160.92,22438013160.92,1852849972.0,1852849972.0,49.17623576,21.70793244,1.84637409,-25.40586068,6.94609816,0.87559856
2021-01-26,12.13,0.165152766309,22475070160.36,22475070160.36,1852849972.0,1852849972.0,49.25745167,21.74378369,1.84942343,-25.44781916,6.95756984,0.87704463
2021-01-27,12.09,-0.329760923331,22400956161.48,22400956161.48,1852849972.0,1852849972.0,49.09501985,21.67208118,1.84332475,-25.3639022,6.93462649,0.87415248
2021-01-28,11.95,-1.157981803143,22141557165.4,22141557165.4,1852849972.0,1852849972.0,48.52650845,21.42112243,1.82197939,-25.07019282,6.85432478,0.86402996
2021-01-29,11.45,-4.18410041841,21215132179.4,21215132179.4,1852849972.0,1852849972.0,46.49611061,20.52484115,1.74574594,-24.02123078,6.56753295,0.82787808
2021-02-01,11.48,0.262008733624,21270717678.56,21270717678.56,1852849972.0,1852849972.0,46.61793448,20.57861803,1.75031995,-24.0841685,6.58474046,0.83004719
2021-02-02,11.28,-1.742160278746,20900147684.16,20900147684.16,1852849972.0,1852849972.0,45.80577534,20.22010552,1.71982657,-23.66458369,6.47002372,0.81558644
2021-02-03,10.74,-4.787234042553,19899608699.28,19899608699.28,1852849972.0,1852849972.0,43.61294567,19.25212175,1.63749445,-22.53170468,6.16028854,0.77654241
2021-02-04,10.56,-1.675977653631,19566095704.32,19566095704.32,1852849972.0,1852849972.0,42.88200245,18.92946049,1.61005041,-22.15407835,6.05704349,0.76352773
2021-02-05,10.36,-1.893939393939,19195525709.92,19195525709.92,1852849972.0,1852849972.0,42.06984331,18.57094798,1.57955703,-21.73449353,5.94232675,0.74906698
2021-02-08,10.34,-0.19305019305,19158468710.48,19158468710.48,1852849972.0,1852849972.0,41.9886274,18.53509673,1.57650769,-21.69253505,5.93085508,0.7476209
2021-02-09,10.41,0.676982591876,19288168208.52,19288168208.52,1852849972.0,1852849972.0,42.27288309,18.66057611,1.58718037,-21.83938973,5.97100594,0.75268216
2021-02-10,10.51,0.960614793468,19473453205.72,19473453205.72,1852849972.0,1852849972.0,42.67896266,18.83983236,1.60242706,-22.04918214,6.0283643,0.75991254
2021-02-18,10.99,4.567078972407,20362821192.28,20362821192.28,1852849972.0,1852849972.0,44.62814459,19.70026238,1.67561117,-23.0561857,6.30368446,0.79461835
2021-02-19,11.42,3.912647861692,21159546680.24,21159546680.24,1852849972.0,1852849972.0,46.37428674,20.47106428,1.74117194,-23.95829306,6.55032544,0.82570896
2021-02-22,11.38,-0.350262697023,21085432681.36,21085432681.36,1852849972.0,1852849972.0,46.21185491,20.39936178,1.73507326,-23.8743761,6.52738209,0.82281681
2021-02-23,11.33,-0.439367311072,20992790182.76,20992790182.76,1852849972.0,1852849972.0,46.00881513,20.30973365,1.72744991,-23.76947989,6.49870291,0.81920162
2021-02-24,11.52,1.676963812886,21344831677.44,21344831677.44,1852849972.0,1852849972.0,46.78036631,20.65032053,1.75641862,-24.16808547,6.6076838,0.83293934
2021-02-25,11.45,-0.607638888889,21215132179.4,21215132179.4,1852849972.0,1852849972.0,46.49611061,20.52484115,1.74574594,-24.02123078,6.56753295,0.82787808
2021-02-26,11.32,-1.135371179039,20974261683.04,20974261683.04,1852849972.0,1852849972.0,45.96820717,20.29180802,1.72592525,-23.74850065,6.49296707,0.81847859
2021-03-01,11.51,1.678445229682,21326303177.72,21326303177.72,1852849972.0,1852849972.0,46.73975835,20.63239491,1.75489396,-24.14710623,6.60194797,0.8322163
2021-03-02,11.39,-1.042571676803,21103961181.08,21103961181.08,1852849972.0,1852849972.0,46.25246287,20.4172874,1.73659793,-23.89535534,6.53311793,0.82353985
2021-03-03,11.46,0.614574187884,21233660679.12,21233660679.12,1852849972.0,1852849972.0,46.53671856,20.54276678,1.74727061,-24.04221002,6.57326878,0.82860111
2021-03-04,11.47,0.087260034904,21252189178.84,21252189178.84,1852849972.0,1852849972.0,46.57732652,20.56069241,1.74879528,-24.06318926,6.57900462,0.82932415
2021-03-05,11.57,0.871839581517,21437474176.04,21437474176.04,1852849972.0,1852849972.0,46.98340609,20.73994866,1.76404197,-24.27298167,6.63636299,0.83655453
2021-03-08,11.53,-0.345721694036,21363360177.16,21363360177.16,1852849972.0,1852849972.0,46.82097426,20.66824616,1.75794329,-24.18906471,6.61341964,0.83366238
2021-03-09,11.2,-2.862098872507,20751919686.4,20751919686.4,1852849972.0,1852849972.0,45.48091169,20.07670052,1.70762922,-23.49674976,6.42413703,0.80980214
2021-03-10,10.84,-3.214285714286,20084893696.48,20084893696.48,1852849972.0,1852849972.0,44.01902524,19.431378,1.65274114,-22.74149709,6.21764691,0.78377278
2021-03-11,11.1,2.39852398524,20566634689.2,20566634689.2,1852849972.0,1852849972.0,45.07483212,19.89744426,1.69238253,-23.28695735,6.36677866,0.80257176
2021-03-12,10.98,-1.081081081081,20344292692.56,20344292692.56,1852849972.0,1852849972.0,44.58753664,19.68233676,1.6740865,-23.03520646,6.29794862,0.79389531
2021-03-15,10.95,-0.273224043716,20288707193.4,20288707193.4,1852849972.0,1852849972.0,44.46571276,19.62855988,1.66951249,-22.97226874,6.28074111,0.7917262
2021-03-16,11.01,0.547945205479,20399878191.72,20399878191.72,1852849972.0,1852849972.0,44.70936051,19.73611363,1.67866051,-23.09814418,6.31515613,0.79606442
2021-03-17,11.37,3.269754768392,21066904181.64,21066904181.64,1852849972.0,1852849972.0,46.17124695,20.38143615,1.73354859,-23.85339686,6.52164625,0.82209378
2021-03-18,11.31,-0.527704485488,20955733183.32,20955733183.32,1852849972.0,1852849972.0,45.92759921,20.2738824,1.72440058,-23.72752141,6.48723123,0.81775555
2021-03-19,11.26,-0.442086648983,20863090684.72,20863090684.72,1852849972.0,1852849972.0,45.72455943,20.18425427,1.71677723,-23.62262521,6.45855205,0.81414036
2021-03-22,11.43,1.509769094139,21178075179.96,21178075179.96,1852849972.0,1852849972.0,46.41489469,20.4889899,1.7426966,-23.9792723,6.55606127,0.826432
2021-03-23,11.61,1.574803149606,21511588174.92,21511588174.92,1852849972.0,1852849972.0,47.14583792,20.81165116,1.77014064,-24.35689864,6.65930633,0.83944668
2021-03-24,11.38,-1.98105081826,21085432681.36,21085432681.36,1852849972.0,1852849972.0,46.21185491,20.39936178,1.73507326,-23.8743761,6.52738209,0.82281681
2021-03-25,11.9,4.569420035149,22048914666.8,22048914666.8,1852849972.0,1852849972.0,48.32346867,21.3314943,1.81435604,-24.96529662,6.82564559,0.86041477
2021-03-26,11.89,-0.084033613445,22030386167.08,22030386167.08,1852849972.0,1852849972.0,48.28286071,21.31356867,1.81283138,-24.94431738,6.81990976,0.85969173
2021-03-29,12.07,1.513877207738,22363899162.04,22363899162.04,1852849972.0,1852849972.0,49.01380393,21.63622993,1.84027542,-25.32194372,6.92315482,0.87270641
2021-03-30,11.94,-1.077050538525,22123028665.68,22123028665.68,1852849972.0,1852849972.0,48.48590049,21.4031968,1.82045472,-25.04921358,6.84858894,0.86330692
2021-03-31,12.67,6.113902847571,23475612072.01,23475612072.01,1852850203.0,1852850203.0,22.71177029,22.71177029,1.88373608,-26.58070148,7.5257345,1.07623633
2021-04-01,12.68,0.078926598264,23494140574.04,23494140574.04,1852850203.0,1852850203.0,22.72969592,22.72969592,1.88522285,-26.60168072,7.53167431,1.07708577
2021-04-02,12.7,0.157728706625,23531197578.1,23531197578.1,1852850203.0,1852850203.0,22.76554718,22.76554718,1.88819639,-26.64363921,7.54355392,1.07878464
2021-04-06,12.86,1.259842519685,23827653610.58,23827653610.58,1852850203.0,1852850203.0,23.05235722,23.05235722,1.91198469,-26.97930711,7.63859082,1.09237563
2021-04-07,12.62,-1.866251944012,23382969561.86,23382969561.86,1852850203.0,1852850203.0,22.62214215,22.62214215,1.87630224,-26.47580526,7.49603547,1.07198915
2021-04-08,12.44,-1.426307448494,23049456525.32,23049456525.32,1852850203.0,1852850203.0,22.29948086,22.29948086,1.8495404,-26.09817888,7.38911896,1.05669929
2021-04-09,12.31,-1.04501607717,22808585998.93,22808585998.93,1852850203.0,1852850203.0,22.0664477,22.0664477,1.8302124,-25.82544872,7.31190148,1.04565661
2021-04-12,12.2,-0.89358245329,22604772476.6,22604772476.6,1852850203.0,1852850203.0,21.86926579,21.86926579,1.81385795,-25.59467704,7.24656361,1.03631281
2021-04-13,12.29,0.737704918033,22771528994.87,22771528994.87,1852850203.0,1852850203.0,22.03059644,22.03059644,1.82723886,-25.78349023,7.30002187,1.04395774
2021-04-14,12.34,0.406834825061,22864171505.02,22864171505.02,1852850203.0,1852850203.0,22.12022458,22.12022458,1.83467271,-25.88838645,7.3297209,1.04820492
2021-04-15,12.39,0.405186385737,22956814015.17,22956814015.17,1852850203.0,1852850203.0,22.20985272,22.20985272,1.84210655,-25.99328266,7.35941993,1.05245211
2021-04-16,12.62,1.856335754641,23382969561.86,23382969561.86,1852850203.0,1852850203.0,22.62214215,22.62214215,1.87630224,-26.47580526,7.49603547,1.07198915
2021-04-19,12.73,0.871632329635,23586783084.19,23586783084.19,1852850203.0,1852850203.0,22.81932406,22.81932406,1.89265669,-26.70657694,7.56137334,1.08133295
2021-04-20,12.48,-1.963864886096,23123570533.44,23123570533.44,1852850203.0,1852850203.0,22.37118337,22.37118337,1.85548747,-26.18209585,7.41287819,1.06009704
2021-04-21,12.45,-0.240384615385,23067985027.35,23067985027.35,1852850203.0,1852850203.0,22.31740648,22.31740648,1.85102717,-26.11915812,7.39505877,1.05754873
2021-04-22,12.52,0.562248995984,23197684541.56,23197684541.56,1852850203.0,1852850203.0,22.44288588,22.44288588,1.86143455,-26.26601283,7.43663741,1.06349478
2021-04-23,12.19,-2.635782747604,22586243974.57,22586243974.57,1852850203.0,1852850203.0,21.85134016,21.85134016,1.81237118,-25.57369779,7.24062381,1.03546337
2021-04-26,12.08,-0.90237899918,22382430452.24,22382430452.24,1852850203.0,1852850203.0,21.65415826,21.65415826,1.79601672,-25.34292612,7.17528594,1.02611957
2021-04-27,11.99,-0.745033112583,22215673933.97,22215673933.97,1852850203.0,1852850203.0,21.49282761,21.49282761,1.7826358,-25.15411292,7.12182768,1.01847464
2021-04-28,12.08,0.750625521268,22382430452.24,22382430452.24,1852850203.0,1852850203.0,21.65415826,21.65415826,1.79601672,-25.34292612,7.17528594,1.02611957
2021-04-29,12.33,2.069536423841,22845643002.99,22845643002.99,1852850203.0,1852850203.0,22.10229895,22.10229895,1.83318594,-25.8674072,7.32378109,1.04735549
2021-04-30,11.85,-3.892944038929,21956274905.55,21956274905.55,1852850203.0,1852850203.0,12.58533975,21.24186882,1.76182104,-24.86040352,6.34201442,1.01582289
2021-05-06,11.58,-2.278481012658,21456005350.74,21456005350.74,1852850203.0,1852850203.0,12.29858518,20.75787687,1.72167828,-24.29396394,6.19751283,0.99267756
2021-05-07,11.63,0.431778929188,21548647860.89,21548647860.89,1852850203.0,1852850203.0,12.35168787,20.84750501,1.72911212,-24.39886016,6.22427238,0.99696373
2021-05-10,12.79,9.974204643164,23697954096.37,23697954096.37,1852850203.0,1852850203.0,13.5836705,22.92687782,1.90157731,-26.8324524,6.84509405,1.09640293
2021-05-11,13.28,3.831118060985,24605850695.84,24605850695.84,1852850203.0,1852850203.0,14.10407695,23.80523358,1.97442898,-27.86043533,7.10733768,1.13840742
2021-05-12,13.08,-1.506024096386,24235280655.24,24235280655.24,1852850203.0,1852850203.0,13.89166616,23.44672103,1.9446936,-27.44085046,7.00029946,1.12126273
2021-05-13,13.37,2.217125382263,24772607214.11,24772607214.11,1852850203.0,1852850203.0,14.19966181,23.96656423,1.9878099,-28.04924852,7.15550488,1.14612254
2021-05-14,13.22,-1.12191473448,24494679683.66,24494679683.66,1852850203.0,1852850203.0,14.04035372,23.69767982,1.96550836,-27.73455987,7.07522622,1.13326402
2021-05-17,13.03,-1.43721633888,24142638145.09,24142638145.09,1852850203.0,1852850203.0,13.83856346,23.35709289,1.93725976,-27.33595425,6.97353991,1.11697656
2021-05-18,13.03,0.0,24142638145.09,24142638145.09,1852850203.0,1852850203.0,13.83856346,23.35709289,1.93725976,-27.33595425,6.97353991,1.11697656
2021-05-19,12.84,-1.458173445894,23790596606.52,23790596606.52,1852850203.0,1852850203.0,13.6367732,23.01650596,1.90901115,-26.93734862,6.8718536,1.10068911
2021-05-20,12.66,-1.401869158879,23457083569.98,23457083569.98,1852850203.0,1852850203.0,13.44560348,22.69384466,1.88224931,-26.55972224,6.7755192,1.08525889
2021-05-21,12.45,-1.658767772512,23067985027.35,23067985027.35,1852850203.0,1852850203.0,13.22257214,22.31740648,1.85102717,-26.11915812,6.66312908,1.06725696
2021-05-24,12.73,2.248995983936,23586783084.19,23586783084.19,1852850203.0,1852850203.0,13.51994726,22.81932406,1.89265669,-26.70657694,6.81298258,1.09125953
2021-05-25,12.78,0.392772977219,23679425594.34,23679425594.34,1852850203.0,1852850203.0,13.57304996,22.9089522,1.90009054,-26.81147316,6.83974214,1.0955457
2021-05-26,12.75,-0.234741784038,23623840088.25,23623840088.25,1852850203.0,1852850203.0,13.54118834,22.85517531,1.89563023,-26.74853543,6.8236864,1.092974
2021-05-27,12.8,0.392156862745,23716482598.4,23716482598.4,1852850203.0,1852850203.0,13.59429104,22.94480345,1.90306407,-26.85343165,6.85044596,1.09726017
2021-05-28,12.52,-2.1875,23197684541.56,23197684541.56,1852850203.0,1852850203.0,13.29691592,22.44288588,1.86143455,-26.26601283,6.70059245,1.0732576
2021-05-31,13.09,4.552715654952,24253809157.27,24253809157.27,1852850203.0,1852850203.0,13.9022867,23.46464666,1.94618037,-27.46182971,7.00565137,1.12211997
2021-06-01,12.93,-1.22230710466,23957353124.79,23957353124.79,1852850203.0,1852850203.0,13.73235806,23.17783661,1.92239207,-27.12616181,6.9200208,1.10840422
2021-06-02,12.62,-2.397525135344,23382969561.86,23382969561.86,1852850203.0,1852850203.0,13.40312132,22.62214215,1.87630224,-26.47580526,6.75411156,1.08182995
2021-06-03,12.69,0.554675118859,23512669076.07,23512669076.07,1852850203.0,1852850203.0,13.4774651,22.74762155,1.88670962,-26.62265997,6.79157494,1.08783059
2021-06-04,12.72,0.236406619385,23568254582.16,23568254582.16,1852850203.0,1852850203.0,13.50932672,22.80139843,1.89116992,-26.6855977,6.80763067,1.09040229
2021-06-07,13.08,2.830188679245,24235280655.24,24235280655.24,1852850203.0,1852850203.0,13.89166616,23.44672103,1.9446936,-27.44085046,7.00029946,1.12126273
2021-06-08,13.04,-0.305810397554,24161166647.12,24161166647.12,1852850203.0,1852850203.0,13.849184,23.37501852,1.93874653,-27.35693349,6.97889182,1.1178338
2021-06-09,13.31,2.070552147239,24661436201.93,24661436201.93,1852850203.0,1852850203.0,14.13593857,23.85901047,1.97888928,-27.92337306,7.12339341,1.14097913
2021-06-10,13.9,4.432757325319,25754617821.7,25754617821.7,1852850203.0,1852850203.0,14.76255043,24.9166225,2.06660864,-29.16114843,7.43915616,1.19155596
2021-06-11,13.7,-1.438848920863,25384519540.6,25384519540.6,1852884638.0,1852884638.0,14.55041004,24.55856635,2.03691112,-28.74209772,7.33225421,1.1744331
2021-06-15,13.02,-4.963503649635,24124557986.76,24124557986.76,1852884638.0,1852884638.0,13.82819991,23.33960102,1.93580896,-27.31548265,6.9683175,1.11614007
2021-06-16,13.14,0.921658986175,24346904143.32,24346904143.32,1852884638.0,1852884638.0,13.95564876,23.55471255,1.95365052,-27.56723825,7.03254162,1.12642708
2021-06-17,13.24,0.76103500761,24532192607.12,24532192607.12,1852884638.0,1852884638.0,14.06185613,23.73397216,1.96851849,-27.77703458,7.08606173,1.13499958
2021-06-18,13.15,-0.679758308157,24365432989.7,24365432989.7,1852884638.0,1852884638.0,13.96626949,23.57263851,1.95513732,-27.58821788,7.03789363,1.12728433
2021-06-21,13.55,3.041825095057,25106586844.9,25106586844.9,1852884638.0,1852884638.0,14.39109898,24.28967694,2.01460918,-28.42740322,7.25197405,1.16157434
2021-06-22,13.66,0.811808118081,25310404155.08,25310404155.08,1852884638.0,1852884638.0,14.50792709,24.48686251,2.03096394,-28.65817918,7.31084616,1.1710041
2021-06-23,13.61,-0.366032210835,25217759923.18,25217759923.18,1852884638.0,1852884638.0,14.45482341,24.39723271,2.02352995,-28.55328102,7.28408611,1.16671785
2021-06-24,13.27,-2.498163115356,24587779146.26,24587779146.26,1852884638.0,1852884638.0,14.09371834,23.78775004,1.97297888,-27.83997348,7.10211776,1.13757133
2021-06-25,13.4,0.979653353429,24828654149.2,24828654149.2,1852884638.0,1852884638.0,14.23178792,24.02078753,1.99230723,-28.11270872,7.17169389,1.14871559
2021-06-28,13.2,-1.492537313433,24458077221.6,24458077221.6,1852884638.0,1852884638.0,14.01937318,23.66226831,1.9625713,-27.69311605,7.06465369,1.13157058
2021-06-29,12.97,-1.742424242424,24031913754.86,24031913754.86,1852884638.0,1852884638.0,13.77509622,23.24997121,1.92837498,-27.21058448,6.94155745,1.11185382
2021-06-30,13.03,0.462606013878,24143086833.14,24143086833.14,1852884638.0,1852884638.0,13.83882065,23.35752698,1.90695135,-27.33646228,6.97366951,1.11699732
2021-07-01,12.83,-1.534919416731,23772509905.54,23772509905.54,1852884638.0,1852884638.0,13.6264059,22.99900776,1.87768118,-26.91686961,6.8666293,1.09985231
2021-07-02,12.49,-2.650038971161,23142529128.62,23142529128.62,1852884638.0,1852884638.0,13.26530083,22.38952509,1.8279219,-26.20356208,6.68466095,1.0707058
2021-07-05,12.6,0.880704563651,23346346438.8,23346346438.8,1852884638.0,1852884638.0,13.38212894,22.58671066,1.84402049,-26.43433805,6.74353306,1.08013555
2021-07-06,12.72,0.952380952381,23568692595.36,23568692595.36,1852884638.0,1852884638.0,13.50957779,22.80182219,1.86158259,-26.68609365,6.80775719,1.09042256
2021-07-07,12.72,0.0,23568692595.36,23568692595.36,1852884638.0,1852884638.0,13.50957779,22.80182219,1.86158259,-26.68609365,6.80775719,1.09042256
2021-07-08,12.61,-0.864779874214,23364875285.18,23364875285.18,1852884638.0,1852884638.0,13.39274968,22.60463662,1.845484,-26.45531768,6.74888507,1.0809928
2021-07-09,12.48,-1.030927835052,23124000282.24,23124000282.24,1852884638.0,1852884638.0,13.2546801,22.37159913,1.82645839,-26.18258245,6.67930894,1.06984855
2021-07-12,12.88,3.205128205128,23865154137.44,23865154137.44,1852884638.0,1852884638.0,13.67950959,23.08863757,1.88499873,-27.02176778,6.89338935,1.10413856
2021-07-13,13.3,3.260869565217,24643365685.4,24643365685.4,1852884638.0,1852884638.0,14.12558055,23.84152792,1.94646608,-27.90291238,7.11817379,1.14014308
2021-07-14,13.11,-1.428571428571,24291317604.18,24291317604.18,1852884638.0,1852884638.0,13.92378654,23.50093467,1.91865942,-27.50429935,7.01648559,1.12385532
2021-07-15,13.16,0.381388253242,24383961836.08,24383961836.08,1852884638.0,1852884638.0,13.97689023,23.59056447,1.92597696,-27.60919751,7.04324565,1.12814158
2021-07-16,13.42,1.975683890578,24865711841.96,24865711841.96,1852884638.0,1852884638.0,14.2530294,24.05663945,1.96402818,-28.15466798,7.18239791,1.15043009
2021-07-19,12.97,-2.11320754717,24031913754.86,24031913754.86,1852884638.0,1852884638.0,13.77509622,23.24997121,1.8981703,-27.21058448,6.94155745,1.11185382
2021-07-20,12.91,-0.462606013878,23920740676.58,23920740676.58,1852884638.0,1852884638.0,13.7113718,23.14241545,1.88938925,-27.08470668,6.90944539,1.10671032
2021-07-21,12.99,0.619674670798,24068971447.62,24068971447.62,1852884638.0,1852884638.0,13.7963377,23.28582314,1.90109732,-27.25254375,6.95226147,1.11356832
2021-07-22,12.65,-2.61739799846,23438990670.7,23438990670.7,1852884638.0,1852884638.0,13.43523263,22.67634047,1.85133803,-26.53923621,6.77029312,1.0844218
2021-07-23,12.56,-0.711462450593,23272231053.28,23272231053.28,1852884638.0,1852884638.0,13.33964599,22.51500682,1.83816646,-26.35041951,6.72212502,1.07670655
2021-07-26,12.39,-1.353503184713,22957240664.82,22957240664.82,1852884638.0,1852884638.0,13.15909346,22.21026548,1.81328682,-25.99376575,6.63114085,1.06213329
2021-07-27,12.47,0.645682001614,23105471435.86,23105471435.86,1852884638.0,1852884638.0,13.24405936,22.35367317,1.82499488,-26.16160281,6.67395693,1.0689913
2021-07-28,12.08,-3.127506014435,22382846427.04,22382846427.04,1852884638.0,1852884638.0,12.82985061,21.6545607,1.76791806,-25.34339711,6.46522853,1.03555853
2021-07-29,12.16,0.662251655629,22531077198.08,22531077198.08,1852884638.0,1852884638.0,12.9148165,21.79796839,1.77962613,-25.51123418,6.50804461,1.04241653
2021-07-30,12.02,-1.151315789474,22271673348.76,22271673348.76,1852884638.0,1852884638.0,12.76612618,21.54700493,1.75913701,-25.21751931,6.43311646,1.03041503
2021-08-02,12.25,1.913477537438,22697836815.5,22697836815.5,1852884638.0,1852884638.0,13.01040314,21.95930203,1.7927977,-25.70005088,6.5562127,1.05013179
2021-08-03,12.32,0.571428571429,22827538740.16,22827538740.16,1852884638.0,1852884638.0,13.0847483,22.08478376,1.80304226,-25.84690831,6.59367677,1.05613254
2021-08-04,12.22,-0.811688311688,22642250276.36,22642250276.36,1852884638.0,1852884638.0,12.97854093,21.90552415,1.78840718,-25.63711198,6.54015667,1.04756004
2021-08-05,12.31,0.736497545008,22809009893.78,22809009893.78,1852884638.0,1852884638.0,13.07412756,22.0668578,1.80157875,-25.82592868,6.58832476,1.05527529
2021-08-06,12.29,-0.162469536962,22771952201.02,22771952201.02,1852884638.0,1852884638.0,13.05288609,22.03100588,1.79865173,-25.78396941,6.57762074,1.05356079
2021-08-09,12.34,0.406834825061,22864596432.92,22864596432.92,1852884638.0,1852884638.0,13.10598977,22.12063568,1.80596928,-25.88886758,6.60438079,1.05784704
2021-08-10,12.44,0.810372771475,23049884896.72,23049884896.72,1852884638.0,1852884638.0,13.21219715,22.29989529,1.82060436,-26.09866391,6.6579009,1.06641955
2021-08-11,12.33,-0.88424437299,22846067586.54,22846067586.54,1852884638.0,1852884638.0,13.09536904,22.10270972,1.80450577,-25.86788795,6.59902878,1.05698979
2021-08-12,12.26,-0.567721005677,22716365661.88,22716365661.88,1852884638.0,1852884638.0,13.02102388,21.97722799,1.79426121,-25.72103051,6.56156471,1.05098904
2021-08-13,12.06,-1.63132137031,22345788734.28,22345788734.28,1852884638.0,1852884638.0,12.80860913,21.61870878,1.76499104,-25.30143784,6.4545245,1.03384403
2021-08-16,12.28,1.824212271973,22753423354.64,22753423354.64,1852884638.0,1852884638.0,13.04226535,22.01307992,1.79718823,-25.76298978,6.57226873,1.05270354
2021-08-17,12.0,-2.28013029316,22234615656.0,22234615656.0,1852884638.0,1852884638.0,12.74488471,21.51115301,1.75620999,-25.17556004,6.42241244,1.02870053
2021-08-18,12.19,1.583333333333,22586663737.22,22586663737.22,1852884638.0,1852884638.0,12.94667872,21.85174627,1.78401665,-25.57417308,6.52410064,1.04498828
2021-08-19,12.01,-1.476620180476,22253144502.38,22253144502.38,1852884638.0,1852884638.0,12.75550545,21.52907897,1.7576735,-25.19653968,6.42776445,1.02955778
2021-08-20,11.85,-1.332223147377,21956682960.3,21956682960.3,1852884638.0,1852884638.0,12.58557365,21.2422636,1.73425737,-24.86086554,6.34213229,1.01584177
2021-08-23,12.08,1.940928270042,22382846427.04,22382846427.04,1852884638.0,1852884638.0,12.82985061,21.6545607,1.76791806,-25.34339711,6.46522853,1.03555853
2021-08-24,12.1,0.165562913907,22419904119.8,22419904119.8,1852884638.0,1852884638.0,12.85109208,21.69041262,1.77084508,-25.38535638,6.47593255,1.03727303
2021-08-25,12.06,-0.330578512397,22345788734.28,22345788734.28,1852884638.0,1852884638.0,12.80860913,21.61870878,1.76499104,-25.30143784,6.4545245,1.03384403
2021-08-26,11.88,-1.492537313433,22012269499.44,22012269499.44,1852884638.0,1852884638.0,12.61743586,21.29604148,1.73864789,-24.92380444,6.35818832,1.01841352
2021-08-27,11.8,-0.673400673401,21864038728.4,21864038728.4,1852884638.0,1852884638.0,12.53246996,21.15263379,1.72693983,-24.75596738,6.31537224,1.01155552
2021-08-30,12.04,2.033898305085,22308731041.52,22308731041.52,1852884638.0,1852884638.0,16.98014093,21.58285685,1.76206403,-25.25947858,8.28559478,1.00576965
2021-08-31,12.02,-0.166112956811,22271673348.76,22271673348.76,1852884638.0,1852884638.0,16.95193472,21.54700493,1.75913701,-25.21751931,8.27183134,1.00409894
2021-09-01,12.23,1.747088186356,22660779122.74,22660779122.74,1852884638.0,1852884638.0,17.24809997,21.92345011,1.78987068,-25.65809161,8.41634753,1.02164143
2021-09-02,12.38,1.226492232216,22938711818.44,22938711818.44,1852884638.0,1852884638.0,17.45964657,22.19233952,1.81182331,-25.97278611,8.51957337,1.03417178
2021-09-03,12.36,-0.16155088853,22901654125.68,22901654125.68,1852884638.0,1852884638.0,17.43144036,22.1564876,1.80889629,-25.93082685,8.50580993,1.03250107
2021-09-06,12.39,0.242718446602,22957240664.82,22957240664.82,1852884638.0,1852884638.0,17.47374968,22.21026548,1.81328682,-25.99376575,8.5264551,1.03500714
2021-09-07,12.54,1.210653753027,23235173360.52,23235173360.52,1852884638.0,1852884638.0,17.68529629,22.4791549,1.83523944,-26.30846025,8.62968095,1.04753749
2021-09-08,12.77,1.834130781499,23661336827.26,23661336827.26,1852884638.0,1852884638.0,18.00966775,22.891452,1.86890013,-26.79099181,8.78796058,1.0667507
2021-09-09,12.81,0.313234142522,23735452212.78,23735452212.78,1852884638.0,1852884638.0,18.06608018,22.96315584,1.87475417,-26.87491035,8.81548747,1.07009213
2021-09-10,12.63,-1.405152224824,23401932977.94,23401932977.94,1852884638.0,1852884638.0,17.81222425,22.64048854,1.84841102,-26.49727695,8.69161646,1.05505571
2021-09-13,12.83,1.583531274743,23772509905.54,23772509905.54,1852884638.0,1852884638.0,18.09428639,22.99900776,1.87768118,-26.91686961,8.82925092,1.07176284
2021-09-14,12.59,-1.870615744349,23327817592.42,23327817592.42,1852884638.0,1852884638.0,17.75581182,22.5687847,1.84255698,-26.41335841,8.66408956,1.05171428
2021-09-15,12.54,-0.397140587768,23235173360.52,23235173360.52,1852884638.0,1852884638.0,17.68529629,22.4791549,1.83523944,-26.30846025,8.62968095,1.04753749
2021-09-16,12.51,-0.239234449761,23179586821.38,23179586821.38,1852884638.0,1852884638.0,17.64298697,22.42537701,1.83084892,-26.24552135,8.60903578,1.04503142
2021-09-17,12.31,-1.598721023181,22809009893.78,22809009893.78,1852884638.0,1852884638.0,17.36092482,22.0668578,1.80157875,-25.82592868,8.47140131,1.02832429
2021-09-22,12.25,-0.487408610885,22697836815.5,22697836815.5,1852884638.0,1852884638.0,17.27630618,21.95930203,1.7927977,-25.70005088,8.43011097,1.02331215
2021-09-23,12.42,1.387755102041,23012827203.96,23012827203.96,1852884638.0,1852884638.0,17.516059,22.26404337,1.81767734,-26.05670465,8.54710027,1.03751321
2021-09-24,12.46,0.322061191626,23086942589.48,23086942589.48,1852884638.0,1852884638.0,17.57247143,22.33574721,1.82353138,-26.14062318,8.57462716,1.04085464
2021-09-27,12.31,-1.203852327448,22809009893.78,22809009893.78,1852884638.0,1852884638.0,17.36092482,22.0668578,1.80157875,-25.82592868,8.47140131,1.02832429
2021-09-28,12.15,-1.299756295695,22512548351.7,22512548351.7,1852884638.0,1852884638.0,17.13527511,21.78004242,1.77816262,-25.49025454,8.36129374,1.01495858
2021-09-29,11.9,-2.057613168724,22049327192.2,22049327192.2,1852884638.0,1852884638.0,16.78269743,21.3318934,1.74157491,-24.96576371,8.18925066,0.99407466
2021-09-30,11.91,0.084033613445,22067856038.58,22067856038.58,1852884638.0,1852884638.0,16.79680054,21.34981936,1.72004478,-24.98674334,8.19613238,0.99491001
2021-10-08,12.04,1.091519731318,22308731041.52,22308731041.52,1852884638.0,1852884638.0,16.98014093,21.58285685,1.73881941,-25.25947858,8.28559478,1.00576965
2021-10-11,12.09,0.415282392027,22401375273.42,22401375273.42,1852884638.0,1852884638.0,17.05065647,21.67248666,1.74604042,-25.36437674,8.3200034,1.00994644
2021-10-12,11.9,-1.571546732837,22049327192.2,22049327192.2,1852884638.0,1852884638.0,16.78269743,21.3318934,1.71860058,-24.96576371,8.18925066,0.99407466
2021-10-13,12.1,1.680672268908,22419904119.8,22419904119.8,1852884638.0,1852884638.0,17.06475958,21.69041262,1.74748462,-25.38535638,8.32688512,1.01078179
2021-10-14,12.04,-0.495867768595,22308731041.52,22308731041.52,1852884638.0,1852884638.0,16.98014093,21.58285685,1.73881941,-25.25947858,8.28559478,1.00576965
2021-10-15,11.94,-0.830564784053,22123442577.72,22123442577.72,1852884638.0,1852884638.0,16.83910986,21.40359725,1.72437739,-25.04968224,8.21677755,0.99741608
2021-10-18,11.95,0.083752093802,22141971424.1,22141971424.1,1852884638.0,1852884638.0,16.85321297,21.42152321,1.72582159,-25.07066188,8.22365927,0.99825144
2021-10-19,11.96,0.083682008368,22160500270.48,22160500270.48,1852884638.0,1852884638.0,16.86731608,21.43944917,1.72726579,-25.09164151,8.230541,0.9990868
2021-10-20,11.96,0.0,22160500270.48,22160500270.48,1852884638.0,1852884638.0,16.86731608,21.43944917,1.72726579,-25.09164151,8.230541,0.9990868
2021-10-21,11.79,-1.421404682274,21845509882.02,21845509882.02,1852884638.0,1852884638.0,16.62756326,21.13470783,1.70271436,-24.73498774,8.1135517,0.98488573
2021-10-22,11.71,-0.678541136556,21697279110.98,21697279110.98,1852884638.0,1852884638.0,16.5147384,20.99130015,1.69116074,-24.56715068,8.05849792,0.97820288
2021-10-25,11.58,-1.110162254483,21456404108.04,21456404108.04,1852884638.0,1852884638.0,16.33139801,20.75826266,1.67238611,-24.29441544,7.96903551,0.96734324
2021-10-26,11.61,0.259067357513,21511990647.18,21511990647.18,1852884638.0,1852884638.0,16.37370733,20.81204054,1.67671872,-24.35735434,7.98968068,0.96984931
2021-10-27,11.26,-3.014642549526,20863481023.88,20863481023.88,1852884638.0,1852884638.0,15.88009858,20.18463191,1.62617164,-23.62306717,7.74882037,0.94061182
2021-10-28,11.29,0.266429840142,20919067563.02,20919067563.02,1852884638.0,1852884638.0,15.9224079,20.23840979,1.63050425,-23.68600607,7.76946554,0.94311789
2021-10-29,11.46,1.505757307352,21234057951.48,21234057951.48,1852884638.0,1852884638.0,16.16216072,20.54315113,1.65505568,-24.04265984,7.88645484,0.95731895
2021-11-01,11.93,4.101221640489,22104913731.34,22104913731.34,1852884638.0,1852884638.0,15.93270506,21.38567129,1.72293319,-25.02870261,12.27757939,0.88070627
2021-11-02,12.08,1.257334450964,22382846427.04,22382846427.04,1852884638.0,1852884638.0,16.13303245,21.6545607,1.74459622,-25.34339711,12.43194962,0.89177969
2021-11-03,12.08,0.0,22382846427.04,22382846427.04,1852884638.0,1852884638.0,16.13303245,21.6545607,1.74459622,-25.34339711,12.43194962,0.89177969
2021-11-04,12.25,1.407284768212,22697836815.5,22697836815.5,1852884638.0,1852884638.0,16.36007016,21.95930203,1.76914766,-25.70005088,12.60690256,0.90432957
2021-11-05,12.24,-0.081632653061,22679307969.12,22679307969.12,1852884638.0,1852884638.0,16.346715,21.94137607,1.76770345,-25.67907124,12.59661121,0.90359134
2021-11-08,12.24,0.0,22679307969.12,22679307969.12,1852884638.0,1852884638.0,16.346715,21.94137607,1.76770345,-25.67907124,12.59661121,0.90359134
2021-11-09,12.41,1.388888888889,22994298357.58,22994298357.58,1852884638.0,1852884638.0,16.57375271,22.24611741,1.79225489,-26.03572501,12.77156414,0.91614122
2021-11-10,12.45,0.322320709106,23068413743.1,23068413743.1,1852884638.0,1852884638.0,16.62717334,22.31782125,1.7980317,-26.11964355,12.81272954,0.91909413
2021-11-11,12.38,-0.562248995984,22938711818.44,22938711818.44,1852884638.0,1852884638.0,16.53368723,22.19233952,1.78792228,-25.97278611,12.74069009,0.91392654
2021-11-12,12.41,0.242326332795,22994298357.58,22994298357.58,1852884638.0,1852884638.0,16.57375271,22.24611741,1.79225489,-26.03572501,12.77156414,0.91614122
2021-11-15,12.54,1.047542304593,23235173360.52,23235173360.52,1852884638.0,1852884638.0,16.74736978,22.4791549,1.81102952,-26.30846025,12.90535168,0.92573819
2021-11-16,12.47,-0.558213716108,23105471435.86,23105471435.86,1852884638.0,1852884638.0,16.65388366,22.35367317,1.8009201,-26.16160281,12.83331223,0.92057059
2021-11-17,12.41,-0.481154771451,22994298357.58,22994298357.58,1852884638.0,1852884638.0,16.57375271,22.24611741,1.79225489,-26.03572501,12.77156414,0.91614122
2021-11-18,12.33,-0.644641418211,22846067586.54,22846067586.54,1852884638.0,1852884638.0,16.46691143,22.10270972,1.78070127,-25.86788795,12.68923335,0.9102354
2021-11-19,12.46,1.054339010543,23086942589.48,23086942589.48,1852884638.0,1852884638.0,16.6405285,22.33574721,1.7994759,-26.14062318,12.82302089,0.91983236
2021-11-22,12.41,-0.401284109149,22994298357.58,22994298357.58,1852884638.0,1852884638.0,16.57375271,22.24611741,1.79225489,-26.03572501,12.77156414,0.91614122
2021-11-23,12.31,-0.805801772764,22809009893.78,22809009893.78,1852884638.0,1852884638.0,16.44020111,22.0668578,1.77781287,-25.82592868,12.66865065,0.90875894
2021-11-24,12.26,-0.406173842405,22716365661.88,22716365661.88,1852884638.0,1852884638.0,16.37342532,21.97722799,1.77059186,-25.72103051,12.61719391,0.9050678
2021-11-25,12.2,-0.489396411093,22605192583.6,22605192583.6,1852884638.0,1852884638.0,16.29329436,21.86967223,1.76192664,-25.59515271,12.55544581,0.90063843
2021-11-26,12.33,1.065573770492,22846067586.54,22846067586.54,1852884638.0,1852884638.0,16.46691143,22.10270972,1.78070127,-25.86788795,12.68923335,0.9102354
2021-11-29,12.1,-1.865369018654,22419904119.8,22419904119.8,1852884638.0,1852884638.0,16.15974277,21.69041262,1.74748462,-25.38535638,12.45253232,0.89325615
2021-11-30,13.31,10.0,24661894531.78,24661894531.78,1852884638.0,1852884638.0,17.77571704,23.85945388,1.92223309,-27.92389202,13.69778555,0.98258176
2021-12-01,13.29,-0.15026296018,24624836839.02,24624836839.02,1852884638.0,1852884638.0,17.74900673,23.82360196,1.91934468,-27.88193275,13.67720285,0.98110531
2021-12-02,12.88,-3.085026335591,23865154137.44,23865154137.44,1852884638.0,1852884638.0,17.20144519,23.08863757,1.86013239,-27.02176778,13.25525754,0.95083795
2021-12-03,12.94,0.465838509317,23976327215.72,23976327215.72,1852884638.0,1852884638.0,17.28157615,23.19619333,1.8687976,-27.14764558,13.31700564,0.95526732
2021-12-06,12.75,-1.468315301391,23624279134.5,23624279134.5,1852884638.0,1852884638.0,17.02782812,22.85560007,1.84135776,-26.74903255,13.12147001,0.94124098
2021-12-07,12.74,-0.078431372549,23605750288.12,23605750288.12,1852884638.0,1852884638.0,17.01447296,22.83767411,1.83991356,-26.72805291,13.11117866,0.94050275
2021-12-08,12.97,1.805337519623,24031913754.86,24031913754.86,1852884638.0,1852884638.0,17.32164163,23.24997121,1.87313021,-27.21058448,13.34787969,0.957482
2021-12-09,12.9,-0.539707016191,23902211830.2,23902211830.2,1852884638.0,1852884638.0,17.22815551,23.12448949,1.8630208,-27.06372705,13.27584024,0.9523144
2021-12-10,12.8,-0.77519379845,23716923366.4,23716923366.4,1852884638.0,1852884638.0,17.09460392,22.94522988,1.84857877,-26.85393071,13.17292675,0.94493212
2021-12-13,12.77,-0.234375,23661336827.26,23661336827.26,1852884638.0,1852884638.0,17.05453844,22.891452,1.84424617,-26.79099181,13.14205271,0.94271744
2021-12-14,12.81,0.313234142522,23735452212.78,23735452212.78,1852884638.0,1852884638.0,17.10795908,22.96315584,1.85002298,-26.87491035,13.1832181,0.94567035
2021-12-15,12.94,1.014832162373,23976327215.72,23976327215.72,1852884638.0,1852884638.0,17.28157615,23.19619333,1.8687976,-27.14764558,13.31700564,0.95526732
2021-12-16,13.16,1.700154559505,24383961836.08,24383961836.08,1852884638.0,1852884638.0,17.57538965,23.59056447,1.90057005,-27.60919751,13.54341532,0.97150834
2021-12-17,13.11,-0.379939209726,24291317604.18,24291317604.18,1852884638.0,1852884638.0,17.50861386,23.50093467,1.89334904,-27.50429935,13.49195857,0.9678172
2021-12-20,13.0,-0.839054157132,24087500294.0,24087500294.0,1852884638.0,1852884638.0,17.36170711,23.3037491,1.87746282,-27.27352338,13.37875373,0.95969669
2021-12-21,13.33,2.538461538462,24698952224.54,24698952224.54,1852884638.0,1852884638.0,17.80242736,23.8953058,1.92512149,-27.96585128,13.71836825,0.98405822
2021-12-22,13.0,-2.475618904726,24087500294.0,24087500294.0,1852884638.0,1852884638.0,17.36170711,23.3037491,1.87746282,-27.27352338,13.37875373,0.95969669
2021-12-23,13.0,0.0,24087500294.0,24087500294.0,1852884638.0,1852884638.0,17.36170711,23.3037491,1.87746282,-27.27352338,13.37875373,0.95969669
2021-12-24,12.86,-1.076923076923,23828096444.68,23828096444.68,1852884638.0,1852884638.0,17.17473487,23.05278564,1.85724399,-26.97980851,13.23467485,0.94936149
2021-12-27,12.71,-1.166407465008,23550163748.98,23550163748.98,1852884638.0,1852884638.0,16.97440749,22.78389623,1.83558095,-26.66511401,13.08030461,0.93828807
2021-12-28,13.05,2.675059008655,24180144525.9,24180144525.9,1852884638.0,1852884638.0,17.4284829,23.3933789,1.88468383,-27.37842155,13.43021048,0.96338783
2021-12-29,13.11,0.459770114943,24291317604.18,24291317604.18,1852884638.0,1852884638.0,17.50861386,23.50093467,1.89334904,-27.50429935,13.49195857,0.9678172
2021-12-30,13.34,1.754385964912,24717481070.92,24717481070.92,1852884638.0,1852884638.0,17.81578252,23.91323176,1.92656569,-27.98683092,13.7286596,0.98479645
2021-12-31,13.39,0.374812593703,24810125302.82,24810125302.82,1852884638.0,1852884638.0,17.88255832,24.21153452,1.85831691,-28.09172908,13.78011634,0.98848759
2022-01-04,13.65,1.941747572816,25291875308.7,25291875308.7,1852884638.0,1852884638.0,18.22979246,24.6816614,1.89440073,4.42519078,14.04769142,1.00768152
2022-01-05,13.63,-0.14652014652,25254817615.94,25254817615.94,1852884638.0,1852884638.0,18.20308214,24.6454978,1.89162505,4.41870698,14.02710872,1.00620507
2022-01-06,13.62,-0.073367571533,25236288769.56,25236288769.56,1852884638.0,1852884638.0,18.18972698,24.627416,1.89023721,4.41546508,14.01681737,1.00546684
2022-01-07,13.32,-2.202643171806,24680423378.16,24680423378.16,1852884638.0,1852884638.0,17.7890722,24.0849619,1.84860203,4.31820814,13.7080769,0.98331999
2022-01-10,13.45,0.975975975976,24921298381.1,24921298381.1,1852884638.0,1852884638.0,17.96268927,24.32002534,1.86664395,4.36035282,13.84186444,0.99291696
2022-01-11,13.23,-1.635687732342,24513663760.74,24513663760.74,1852884638.0,1852884638.0,17.66887577,23.92222567,1.83611148,4.28903106,13.61545476,0.97667594
2022-01-12,13.42,1.436130007559,24865711841.96,24865711841.96,1852884638.0,1852884638.0,17.9226238,24.26577993,1.86248043,4.35062712,13.81099039,0.99070227
2022-01-13,13.42,0.0,24865711841.96,24865711841.96,1852884638.0,1852884638.0,17.9226238,24.26577993,1.86248043,4.35062712,13.81099039,0.99070227
2022-01-14,13.27,-1.117734724292,24587779146.26,24587779146.26,1852884638.0,1852884638.0,17.72229641,23.99455288,1.84166284,4.30199865,13.65662016,0.97962885
2022-01-17,13.91,4.82290881688,25773625314.58,25773625314.58,1852884638.0,1852884638.0,18.5770266,25.15178829,1.93048456,4.50948013,14.31526649,1.02687546
2022-01-18,13.78,-0.934579439252,25532750311.64,25532750311.64,1852884638.0,1852884638.0,18.40340953,24.91672485,1.91244264,4.46733545,14.18147896,1.01727849
2022-01-19,14.18,2.902757619739,26273904166.84,26273904166.84,1852884638.0,1852884638.0,18.9376159,25.63999698,1.96795622,4.59701137,14.59313292,1.04680762
2022-01-20,14.09,-0.634696755994,26107144549.42,26107144549.42,1852884638.0,1852884638.0,18.81741947,25.47726075,1.95546566,4.56783429,14.50051078,1.04016356
2022-01-21,13.99,-0.709723207949,25921856085.62,25921856085.62,1852884638.0,1852884638.0,18.68386788,25.29644271,1.94158727,4.53541531,14.39759729,1.03278128
2022-01-24,13.91,-0.571837026447,25773625314.58,25773625314.58,1852884638.0,1852884638.0,18.5770266,25.15178829,1.93048456,4.50948013,14.31526649,1.02687546
2022-01-25,13.45,-3.306973400431,24921298381.1,24921298381.1,1852884638.0,1852884638.0,17.96268927,24.32002534,1.86664395,4.36035282,13.84186444,0.99291696
2022-01-26,13.29,-1.189591078067,24624836839.02,24624836839.02,1852884638.0,1852884638.0,17.74900673,24.03071649,1.84443852,4.30848245,13.67720285,0.98110531
2022-01-27,12.53,-5.718585402558,23216644514.14,23216644514.14,1852884638.0,1852884638.0,16.73401462,22.65649944,1.73896272,4.0620982,12.89506033,0.92499996
2022-01-28,12.94,3.272146847566,23976327215.72,23976327215.72,1852884638.0,1852884638.0,17.28157615,23.39785338,1.79586414,4.19501602,13.31700564,0.95526732
2022-02-07,13.07,1.004636785162,24217202218.66,24217202218.66,1852884638.0,1852884638.0,17.45519322,23.63291682,1.81390605,4.23716069,13.45079318,0.96486428
2022-02-08,13.52,3.442999234889,25051000305.76,25051000305.76,1852884638.0,1852884638.0,18.05617539,24.44659796,1.87635882,4.3830461,13.91390388,0.99808455
2022-02-09,14.12,4.437869822485,26162731088.56,26162731088.56,1852884638.0,1852884638.0,18.85748495,25.53150616,1.95962918,4.57755998,14.53138482,1.04237825
2022-02-10,14.01,-0.779036827195,25958913778.38,25958913778.38,1852884638.0,1852884638.0,18.7105782,25.33260632,1.94436295,4.54189911,14.41817998,1.03425774
2022-02-11,14.13,0.856531049251,26181259934.94,26181259934.94,1852884638.0,1852884638.0,18.87084011,25.54958796,1.96101702,4.58080188,14.54167617,1.04311648
2022-02-14,14.09,-0.283085633404,26107144549.42,26107144549.42,1852884638.0,1852884638.0,18.81741947,25.47726075,1.95546566,4.56783429,14.50051078,1.04016356
2022-02-15,14.02,-0.496806245564,25977442624.76,25977442624.76,1852884638.0,1852884638.0,18.72393336,25.35068812,1.94575079,4.545141,14.42847133,1.03499597
2022-02-16,13.83,-1.355206847361,25625394543.54,25625394543.54,1852884638.0,1852884638.0,18.47018533,25.00713386,1.91938184,4.48354494,14.2329357,1.02096963
2022-02-17,13.81,-0.144613159798,25588336850.78,25588336850.78,1852884638.0,1852884638.0,18.44347501,24.97097026,1.91660616,4.47706115,14.212353,1.01949317
2022-02-18,13.97,1.158580738595,25884798392.86,25884798392.86,1852884638.0,1852884638.0,18.65715756,25.26027911,1.93881159,4.52893151,14.37701459,1.03130482
2022-02-21,14.52,3.937007874016,26903884943.76,26903884943.76,1852884638.0,1852884638.0,19.39169132,26.25477829,2.01514276,4.7072359,14.94303878,1.07190738
2022-02-22,14.39,-0.895316804408,26663009940.82,26663009940.82,1852884638.0,1852884638.0,19.21807425,26.01971484,1.99710085,4.66509123,14.80925125,1.06231041
2022-02-23,14.4,0.069492703266,26681538787.2,26681538787.2,1852884638.0,1852884638.0,19.23142941,26.03779665,1.99848869,4.66833313,14.8195426,1.06304864
2022-02-24,13.74,-4.583333333333,25458634926.12,25458634926.12,1852884638.0,1852884638.0,18.34998889,24.84439763,1.90689129,4.45436786,14.14031356,1.01432558
2022-02-25,13.73,-0.072780203785,25440106079.74,25440106079.74,1852884638.0,1852884638.0,18.33663374,24.82631583,1.90550345,4.45112596,14.13002221,1.01358735
2022-02-28,13.98,1.820830298616,25903327239.24,25903327239.24,1852884638.0,1852884638.0,18.67051272,25.27836091,1.94019943,4.53217341,14.38730594,1.03204305
2022-03-01,13.92,-0.429184549356,25792154160.96,25792154160.96,1852884638.0,1852884638.0,18.59038176,25.16987009,1.9318724,4.51272202,14.32555784,1.02761368
2022-03-02,13.86,-0.431034482759,25680981082.68,25680981082.68,1852884638.0,1852884638.0,18.51025081,25.06137927,1.92354536,4.49327064,14.26380975,1.02318431
2022-03-03,14.19,2.380952380952,26292433013.22,26292433013.22,1852884638.0,1852884638.0,18.95097106,25.65807878,1.96934406,4.60025327,14.60342427,1.04754585
2022-03-04,13.6,-4.15785764623,25199231076.8,25199231076.8,1852884638.0,1852884638.0,18.16301666,24.59125239,1.88746154,4.40898129,13.99623467,1.00399038
2022-03-07,13.13,-3.455882352941,24328375296.94,24328375296.94,1852884638.0,1852884638.0,17.53532418,23.74140764,1.82223309,4.25661208,13.51254127,0.96929365
2022-03-08,12.95,-1.370906321401,23994856062.1,23994856062.1,1852884638.0,1852884638.0,17.29493131,23.41593518,1.79725198,4.19825792,13.32729699,0.95600555
2022-03-09,12.79,-1.235521235521,23698394520.02,23698394520.02,1852884638.0,1852884638.0,17.08124876,23.12662633,1.77504655,4.14638755,13.1626354,0.94419389
2022-03-10,12.81,0.156372165754,23735452212.78,23735452212.78,1852884638.0,1852884638.0,17.10795908,23.16278993,1.77782223,4.15287135,13.1832181,0.94567035
2022-03-11,12.94,1.014832162373,23976327215.72,23976327215.72,1852884638.0,1852884638.0,17.28157615,23.39785338,1.79586414,4.19501602,13.31700564,0.95526732
2022-03-14,13.12,1.391035548686,24309846450.56,24309846450.56,1852884638.0,1852884638.0,17.52196902,23.72332583,1.82084525,4.25337018,13.50224992,0.96855543
2022-03-15,12.47,-4.954268292683,23105471435.86,23105471435.86,1852884638.0,1852884638.0,16.65388366,22.54800862,1.73063569,4.04264681,12.83331223,0.92057059
2022-03-16,13.15,5.453087409783,24365432989.7,24365432989.7,1852884638.0,1852884638.0,17.5620345,23.77757124,1.82500876,4.26309588,13.53312397,0.97077011
2022-03-17,13.12,-0.228136882129,24309846450.56,24309846450.56,1852884638.0,1852884638.0,17.52196902,23.72332583,1.82084525,4.25337018,13.50224992,0.96855543
2022-03-18,13.04,-0.609756097561,24161615679.52,24161615679.52,1852884638.0,1852884638.0,17.41512774,23.57867141,1.80974253,4.227435,13.41991913,0.9626496
2022-03-21,12.86,-1.38036809816,23828096444.68,23828096444.68,1852884638.0,1852884638.0,17.17473487,23.25319895,1.78476142,4.16908084,13.23467485,0.94936149
2022-03-22,12.82,-0.311041990669,23753981059.16,23753981059.16,1852884638.0,1852884638.0,17.12131424,23.18087174,1.77921007,4.15611324,13.19350945,0.94640858
2022-03-23,12.87,0.390015600624,23846625291.06,23846625291.06,1852884638.0,1852884638.0,17.18809003,23.27128075,1.78614926,4.17232273,13.2449662,0.95009972
2022-03-24,12.43,-3.418803418803,23031356050.34,23031356050.34,1852884638.0,1852884638.0,16.60046302,22.47568141,1.72508433,4.02967922,12.79214684,0.91761768
2022-03-25,12.42,-0.080450522928,23012827203.96,23012827203.96,1852884638.0,1852884638.0,16.58710787,22.45759961,1.72369649,4.02643732,12.78185549,0.91687945
2022-03-28,12.47,0.402576489533,23105471435.86,23105471435.86,1852884638.0,1852884638.0,16.65388366,22.54800862,1.73063569,4.04264681,12.83331223,0.92057059
2022-03-29,12.24,-1.844426623897,22679307969.12,22679307969.12,1852884638.0,1852884638.0,16.346715,22.13212715,1.69871538,3.96808316,12.59661121,0.90359134
2022-03-30,12.54,2.450980392157,23235173360.52,23235173360.52,1852884638.0,1852884638.0,16.74736978,22.67458125,1.74035056,4.0653401,12.90535168,0.92573819
2022-03-31,12.57,0.239234449761,23290759899.66,23290759899.66,1852884638.0,1852884638.0,22.72882666,22.72882666,1.7351492,4.07506579,12.42479591,0.99044103
2022-04-01,12.48,-0.715990453461,23124000282.24,23124000282.24,1852884638.0,1852884638.0,22.56609043,22.56609043,1.72272569,4.04588871,12.33583555,0.98334957
2022-04-06,12.48,0.0,23124000282.24,23124000282.24,1852884638.0,1852884638.0,22.56609043,22.56609043,1.72272569,4.04588871,12.33583555,0.98334957
2022-04-07,11.95,-4.246794871795,22141971424.1,22141971424.1,1852884638.0,1852884638.0,21.60775486,21.60775486,1.64956507,3.87406812,11.81195792,0.94158873
2022-04-08,11.77,-1.506276150628,21808452189.26,21808452189.26,1852884638.0,1852884638.0,21.2822824,21.2822824,1.62471806,3.81571395,11.63403722,0.9274058
2022-04-11,11.34,-3.653355989805,21011711794.92,21011711794.92,1852884638.0,1852884638.0,20.50476486,20.50476486,1.56536133,3.67631234,11.20900442,0.89352437
2022-04-12,11.72,3.350970017637,21715807957.36,21715807957.36,1852884638.0,1852884638.0,21.19187338,21.19187338,1.61781612,3.79950446,11.5846148,0.9234661
2022-04-13,11.4,-2.730375426621,21122884873.2,21122884873.2,1852884638.0,1852884638.0,20.61325568,20.61325568,1.57364366,3.69576373,11.26831132,0.89825201
2022-04-14,11.44,0.350877192982,21197000258.72,21197000258.72,1852884638.0,1852884638.0,20.68558289,20.68558289,1.57916522,3.70873132,11.30784926,0.90140377
2022-04-15,11.27,-1.486013986014,20882009870.26,20882009870.26,1852884638.0,1852884638.0,20.37819224,20.37819224,1.5556986,3.65361905,11.13981303,0.88800879
2022-04-18,11.37,0.887311446318,21067298334.06,21067298334.06,1852884638.0,1852884638.0,20.55901027,20.55901027,1.56950249,3.68603803,11.23865787,0.89588819
2022-04-19,11.39,0.175901495163,21104356026.82,21104356026.82,1852884638.0,1852884638.0,20.59517388,20.59517388,1.57226327,3.69252183,11.25842684,0.89746407
2022-04-20,11.29,-0.877963125549,20919067563.02,20919067563.02,1852884638.0,1852884638.0,20.41435584,20.41435584,1.55845938,3.66010285,11.159582,0.88958467
2022-04-21,10.86,-3.808680248007,20122327168.68,20122327168.68,1852884638.0,1852884638.0,19.6368383,19.6368383,1.49910265,3.52070123,10.73454921,0.85570323
2022-04-22,10.8,-0.552486187845,20011154090.4,20011154090.4,1852884638.0,1852884638.0,19.52834749,19.52834749,1.49082031,3.50124985,10.67524231,0.85097559
2022-04-25,10.16,-5.925925925926,18825307922.08,18825307922.08,1852884638.0,1852884638.0,18.37111208,18.37111208,1.4024754,3.29376837,10.04263535,0.80054741
2022-04-26,9.83,-3.248031496063,18213855991.54,18213855991.54,1852884638.0,1852884638.0,17.77441257,17.77441257,1.35692256,3.18678574,9.71644739,0.77454537
2022-04-27,10.09,2.64496439471,18695605997.42,18695605997.42,1852884638.0,1852884638.0,18.24453946,18.24453946,1.39281268,3.27107509,9.97344397,0.79503182
2022-04-28,9.83,-2.576808721506,18213855991.54,18213855991.54,1852884638.0,1852884638.0,17.77441257,17.77441257,1.35692256,3.18678574,9.71644739,0.77454537
2022-04-29,10.19,3.662258392675,18880894461.22,18880894461.22,1852884638.0,1852884638.0,18.42535749,18.42535749,1.40661657,3.30349407,10.0722888,0.80291123
2022-05-05,10.12,-0.686947988224,18751192536.56,18751192536.56,1852884638.0,1852884638.0,23.49135909,18.29878487,1.39695385,3.28080078,16.5009335,0.78070626
2022-05-06,9.86,-2.569169960474,18269442530.68,18269442530.68,1852884638.0,1852884638.0,22.88782615,17.82865798,1.36106373,3.19651143,16.07699647,0.76064859
2022-05-09,10.01,1.521298174442,18547375226.38,18547375226.38,1852884638.0,1852884638.0,23.23601823,18.09988503,1.38176957,3.2451399,16.32157553,0.77222032
2022-05-10,10.1,0.899100899101,18714134843.8,18714134843.8,1852884638.0,1852884638.0,23.44493348,18.26262126,1.39419307,3.27431699,16.46832296,0.77916336
2022-05-11,10.08,-0.19801980198,18677077151.04,18677077151.04,1852884638.0,1852884638.0,23.39850787,18.22645765,1.39143229,3.26783319,16.43571242,0.77762047
2022-05-12,10.12,0.396825396825,18751192536.56,18751192536.56,1852884638.0,1852884638.0,23.49135909,18.29878487,1.39695385,3.28080078,16.5009335,0.78070626
2022-05-13,10.14,0.197628458498,18788250229.32,18788250229.32,1852884638.0,1852884638.0,23.5377847,18.33494847,1.39971463,3.28728458,16.53354404,0.78224916
2022-05-16,10.09,-0.493096646943,18695605997.42,18695605997.42,1852884638.0,1852884638.0,23.42172068,18.24453946,1.39281268,3.27107509,16.45201769,0.77839192
2022-05-17,10.12,0.297324083251,18751192536.56,18751192536.56,1852884638.0,1852884638.0,23.49135909,18.29878487,1.39695385,3.28080078,16.5009335,0.78070626
2022-05-18,10.15,0.296442687747,18806779075.7,18806779075.7,1852884638.0,1852884638.0,23.56099751,18.35303028,1.40109501,3.29052648,16.54984931,0.78302061
2022-05-19,10.09,-0.591133004926,18695605997.42,18695605997.42,1852884638.0,1852884638.0,23.42172068,18.24453946,1.39281268,3.27107509,16.45201769,0.77839192
2022-05-20,10.28,1.883052527255,19047654078.64,19047654078.64,1852884638.0,1852884638.0,23.86276398,18.58809372,1.41904007,3.33267115,16.76181782,0.79304944
2022-05-23,10.35,0.68093385214,19177356003.3,19177356003.3,1852884638.0,1852884638.0,24.02525362,18.71466634,1.4287028,3.35536444,16.87595472,0.79844959
2022-05-24,9.87,-4.63768115942,18287971377.06,18287971377.06,1852884638.0,1852884638.0,22.91103896,17.84673979,1.36244412,3.19975333,16.09330174,0.76142004
2022-05-25,10.07,2.026342451874,18658548304.66,18658548304.66,1852884638.0,1852884638.0,23.37529506,18.20837585,1.3900519,3.26459129,16.41940715,0.77684902
2022-05-26,10.25,1.787487586892,18992067539.5,18992067539.5,1852884638.0,1852884638.0,23.79312556,18.53384831,1.41489891,3.32294546,16.71290201,0.7907351
2022-05-27,10.38,1.268292682927,19232942542.44,19232942542.44,1852884638.0,1852884638.0,24.09489203,18.76891175,1.43284397,3.36509013,16.92487053,0.80076393
2022-05-30,11.2,7.899807321773,20752307945.6,20752307945.6,1852884638.0,1852884638.0,25.99834208,20.25161961,1.54603588,3.63092577,18.26190269,0.86402274
2022-05-31,11.1,-0.892857142857,20567019481.8,20567019481.8,1852884638.0,1852884638.0,25.76621402,20.07080158,1.53223199,3.59850679,18.09884999,0.85630825
2022-06-01,11.02,-0.720720720721,20418788710.76,20418788710.76,1852884638.0,1852884638.0,25.58051158,19.92614716,1.52118887,3.5725716,17.96840782,0.85013666
2022-06-02,11.18,1.451905626134,20715250252.84,20715250252.84,1852884638.0,1852884638.0,25.95191647,20.21545601,1.5432751,3.62444197,18.22929215,0.86247984
2022-06-06,11.26,0.715563506261,20863481023.88,20863481023.88,1852884638.0,1852884638.0,26.13761891,20.36011043,1.55431821,3.65037715,18.35973431,0.86865143
2022-06-07,11.22,-0.355239786856,20789365638.36,20789365638.36,1852884638.0,1852884638.0,26.04476769,20.28778322,1.54879666,3.63740956,18.29451323,0.86556564
2022-06-08,11.2,-0.17825311943,20752307945.6,20752307945.6,1852884638.0,1852884638.0,25.99834208,20.25161961,1.54603588,3.63092577,18.26190269,0.86402274
2022-06-09,11.34,1.25,21011711794.92,21011711794.92,1852884638.0,1852884638.0,26.32332135,20.50476486,1.56536133,3.67631234,18.49017647,0.87482303
2022-06-10,11.25,-0.793650793651,20844952177.5,20844952177.5,1852884638.0,1852884638.0,26.1144061,20.34202863,1.55293782,3.64713526,18.34342904,0.86787999
2022-06-13,11.25,0.0,20844952177.5,20844952177.5,1852884638.0,1852884638.0,26.1144061,20.34202863,1.55293782,3.64713526,18.34342904,0.86787999
2022-06-14,11.27,0.177777777778,20882009870.26,20882009870.26,1852884638.0,1852884638.0,26.16083172,20.37819224,1.5556986,3.65361905,18.37603958,0.86942288
2022-06-15,11.37,0.887311446318,21067298334.06,21067298334.06,1852884638.0,1852884638.0,26.39295977,20.55901027,1.56950249,3.68603803,18.53909228,0.87713737
2022-06-16,11.23,-1.231310466139,20807894484.74,20807894484.74,1852884638.0,1852884638.0,26.06798049,20.30586502,1.55017705,3.64065146,18.3108185,0.86633709
2022-06-17,11.17,-0.53428317008,20696721406.46,20696721406.46,1852884638.0,1852884638.0,25.92870366,20.1973742,1.54189471,3.62120007,18.21298688,0.86170839
2022-06-20,11.18,0.089525514772,20715250252.84,20715250252.84,1852884638.0,1852884638.0,25.95191647,20.21545601,1.5432751,3.62444197,18.22929215,0.86247984
2022-06-21,11.12,-0.536672629696,20604077174.56,20604077174.56,1852884638.0,1852884638.0,25.81263963,20.10696519,1.53499276,3.60499058,18.13146053,0.85785115
2022-06-22,10.84,-2.517985611511,20085269475.92,20085269475.92,1852884638.0,1852884638.0,25.16268108,19.6006747,1.49634187,3.51421744,17.67491296,0.83625058
2022-06-23,10.98,1.291512915129,20344673325.24,20344673325.24,1852884638.0,1852884638.0,25.48766036,19.85381994,1.51566732,3.55960401,17.90318674,0.84705087
2022-06-24,10.95,1.295097132285,20289086786.1,20289086786.1,1852884638.0,1852884638.0,25.41802194,19.79957453,1.51152615,3.54987832,17.85427093,0.84473652
2022-06-27,10.85,-0.913242009132,20103798322.3,20103798322.3,1852884638.0,1852884638.0,25.18589389,19.6187565,1.49772226,3.51745934,17.69121823,0.83702203
2022-06-28,11.11,2.396313364055,20585548328.18,20585548328.18,1852884638.0,1852884638.0,25.78942683,20.08888339,1.53361238,3.60174868,18.11515526,0.8570797
2022-06-29,10.97,-1.260126012601,20326144478.86,20326144478.86,1852884638.0,1852884638.0,25.46444755,19.83573814,1.51428693,3.55636211,17.88688147,0.84627942
2022-06-30,10.94,-0.273473108478,20270557939.72,20270557939.72,1852884638.0,1852884638.0,25.39480914,19.78149273,1.51683073,3.54663642,17.83796566,0.84396507
2022-07-01,10.93,-0.091407678245,20252029093.34,20252029093.34,1852884638.0,1852884638.0,25.37159633,19.76341093,1.51544423,3.54339452,17.82166039,0.84319362
2022-07-04,10.97,0.365965233303,20326144478.86,20326144478.86,1852884638.0,1852884638.0,25.46444755,19.83573814,1.52099023,3.55636211,17.88688147,0.84627942
2022-07-05,10.82,-1.367365542388,20048211783.16,20048211783.16,1852884638.0,1852884638.0,25.11625547,19.56451109,1.50019273,3.50773364,17.64230242,0.83470768
2022-07-06,10.64,-1.663585951941,19714692548.32,19714692548.32,1852884638.0,1852884638.0,24.69842497,19.23903863,1.47523574,3.44937948,17.34880755,0.8208216
2022-07-07,10.72,0.751879699248,19862923319.36,19862923319.36,1852884638.0,1852884638.0,24.88412742,19.38369306,1.48632773,3.47531466,17.47924972,0.8269932
2022-07-08,10.77,0.466417910448,19955567551.26,19955567551.26,1852884638.0,1852884638.0,25.00019144,19.47410208,1.49326023,3.49152415,17.56077607,0.83085044
2022-07-11,10.62,-1.392757660167,19677634855.56,19677634855.56,1852884638.0,1852884638.0,24.65199936,19.20287503,1.47246274,3.44289568,17.31619701,0.81927871
2022-07-12,10.48,-1.318267419962,19418231006.24,19418231006.24,1852884638.0,1852884638.0,24.32702009,18.94972978,1.45305174,3.39750911,17.08792323,0.80847842
2022-07-13,10.5,0.190839694656,19455288699.0,19455288699.0,1852884638.0,1852884638.0,24.3734457,18.98589339,1.45582474,3.40399291,17.12053377,0.81002132
2022-07-14,10.53,0.285714285714,19510875238.14,19510875238.14,1852884638.0,1852884638.0,24.44308411,19.0401388,1.45998424,3.4137186,17.16944958,0.81233567
2022-07-15,10.29,-2.279202279202,19066182925.02,19066182925.02,1852884638.0,1852884638.0,23.88597678,18.60617552,1.42670824,3.33591305,16.77812309,0.79382089
2022-07-18,10.52,2.2351797862,19492346391.76,19492346391.76,1852884638.0,1852884638.0,24.41987131,19.02205699,1.45859774,3.4104767,17.15314431,0.81156422
2022-07-19,10.69,1.615969581749,19807336780.22,19807336780.22,1852884638.0,1852884638.0,24.814489,19.32944765,1.48216823,3.46558897,17.4303339,0.82467885
2022-07-20,10.89,1.870907390084,20177913707.82,20177913707.82,1852884638.0,1852884638.0,25.27874511,19.69108371,1.50989823,3.53042693,17.75643931,0.84010783
2022-07-21,10.83,-0.550964187328,20066740629.54,20066740629.54,1852884638.0,1852884638.0,25.13946828,19.58259289,1.50157923,3.51097554,17.65860769,0.83547913
2022-07-22,10.73,-0.923361034164,19881452165.74,19881452165.74,1852884638.0,1852884638.0,24.90734022,19.40177486,1.48771423,3.47855656,17.49555499,0.82776464
2022-07-25,10.64,-0.838769804287,19714692548.32,19714692548.32,1852884638.0,1852884638.0,24.69842497,19.23903863,1.47523574,3.44937948,17.34880755,0.8208216
2022-07-26,10.81,1.597744360902,20029682936.78,20029682936.78,1852884638.0,1852884638.0,25.09304267,19.54642929,1.49880623,3.50449174,17.62599715,0.83393624
2022-07-27,10.83,0.185013876041,20066740629.54,20066740629.54,1852884638.0,1852884638.0,25.13946828,19.58259289,1.50157923,3.51097554,17.65860769,0.83547913
2022-07-28,10.84,0.092336103416,20085269475.92,20085269475.92,1852884638.0,1852884638.0,25.16268108,19.6006747,1.50296573,3.51421744,17.67491296,0.83625058
2022-07-29,10.71,-1.19926199262,19844394472.98,19844394472.98,1852884638.0,1852884638.0,24.86091461,19.36561126,1.48494123,3.47207276,17.46294445,0.82622175
2022-08-01,10.83,1.120448179272,20066740629.54,20066740629.54,1852884638.0,1852884638.0,25.13946828,19.58259289,1.50157923,3.51097554,17.65860769,0.83547913
2022-08-02,10.42,-3.785780240074,19307057927.96,19307057927.96,1852884638.0,1852884638.0,24.18774325,18.84123896,1.44473274,3.37805772,16.99009161,0.80384973
2022-08-03,10.59,1.631477927063,19622048316.42,19622048316.42,1852884638.0,1852884638.0,24.58236095,19.14862962,1.46830324,3.43316999,17.2672812,0.81696436
2022-08-04,10.74,1.416430594901,19899981012.12,19899981012.12,1852884638.0,1852884638.0,24.93055303,19.41985667,1.48910073,3.48179846,17.51186026,0.82853609
2022-08-05,10.93,1.769087523277,20252029093.34,20252029093.34,1852884638.0,1852884638.0,25.37159633,19.76341093,1.51544423,3.54339452,17.82166039,0.84319362
2022-08-08,10.89,-0.365965233303,20177913707.82,20177913707.82,1852884638.0,1852884638.0,25.27874511,19.69108371,1.50989823,3.53042693,17.75643931,0.84010783
2022-08-09,10.85,-0.367309458219,20103798322.3,20103798322.3,1852884638.0,1852884638.0,25.18589389,19.6187565,1.50435223,3.51745934,17.69121823,0.83702203
2022-08-10,10.88,0.276497695853,20159384861.44,20159384861.44,1852884638.0,1852884638.0,25.2555323,19.67300191,1.50851173,3.52718503,17.74013404,0.83933638
2022-08-11,10.99,1.011029411765,20363202171.62,20363202171.62,1852884638.0,1852884638.0,25.51087316,19.87190175,1.52376323,3.56284591,17.91949201,0.84782231
2022-08-12,10.95,-0.363967242948,20289086786.1,20289086786.1,1852884638.0,1852884638.0,25.41802194,19.79957453,1.51821723,3.54987832,17.85427093,0.84473652
2022-08-15,10.94,-0.091324200913,20270557939.72,20270557939.72,1852884638.0,1852884638.0,25.39480914,19.78149273,1.51683073,3.54663642,17.83796566,0.84396507
2022-08-16,10.86,-0.73126142596,20122327168.68,20122327168.68,1852884638.0,1852884638.0,25.20910669,19.6368383,1.50573873,3.52070123,17.7075235,0.83779348
2022-08-17,10.87,0.092081031308,20140856015.06,20140856015.06,1852884638.0,1852884638.0,25.2323195,19.65492011,1.50712523,3.52394313,17.72382877,0.83856493
2022-08-18,10.79,-0.735970561178,19992625244.02,19992625244.02,1852884638.0,1852884638.0,25.04661706,19.51026568,1.49603323,3.49800795,17.59338661,0.83239334
2022-08-19,10.65,-1.29749768304,19733221394.7,19733221394.7,1852884638.0,1852884638.0,24.72163778,19.25712044,1.47662224,3.45262138,17.36511282,0.82159305
2022-08-22,10.7,0.469483568075,19825865626.6,19825865626.6,1852884638.0,1852884638.0,20.76058729,19.34752945,1.48355473,3.46883087,10.43099391,0.84272382
2022-08-23,10.59,-1.028037383178,19622048316.42,19622048316.42,1852884638.0,1852884638.0,20.54716069,19.14862962,1.46830324,3.43316999,10.32375939,0.8340603
2022-08-24,10.38,-1.983002832861,19232942542.44,19232942542.44,1852884638.0,1852884638.0,20.13970991,18.76891175,1.43918674,3.36509013,10.11903895,0.81752086
2022-08-25,10.44,0.578034682081,19344115620.72,19344115620.72,1852884638.0,1852884638.0,20.25612442,18.87740257,1.44750574,3.38454152,10.17753051,0.82224642
2022-08-26,10.4,-0.383141762452,19270000235.2,19270000235.2,1852884638.0,1852884638.0,20.17851475,18.80507536,1.44195974,3.37157393,10.13853614,0.81909605
2022-08-29,10.35,-0.480769230769,19177356003.3,19177356003.3,1852884638.0,1852884638.0,20.08150266,18.71466634,1.43502724,3.35536444,10.08979318,0.81515808
2022-08-30,10.46,1.062801932367,19381173313.48,19381173313.48,1852884638.0,1852884638.0,20.29492926,18.91356618,1.45027874,3.39102531,10.19702769,0.8238216
2022-08-31,10.49,0.286806883365,19436759852.62,19436759852.62,1852884638.0,1852884638.0,20.35313651,18.96781159,1.45443824,3.40075101,10.22627347,0.82618438
2022-09-01,10.43,-0.571973307912,19325586774.34,19325586774.34,1852884638.0,1852884638.0,20.236722,18.85932077,1.44611924,3.38129962,10.16778192,0.82145882
2022-09-02,10.57,1.342281879195,19584990623.66,19584990623.66,1852884638.0,1852884638.0,20.50835586,19.11246601,1.46553024,3.42668619,10.30426221,0.83248512
2022-09-05,10.52,-0.473036896878,19492346391.76,19492346391.76,1852884638.0,1852884638.0,20.41134377,19.02205699,1.45859774,3.4104767,10.25551925,0.82854715
2022-09-06,10.57,0.475285171103,19584990623.66,19584990623.66,1852884638.0,1852884638.0,20.50835586,19.11246601,1.46553024,3.42668619,10.30426221,0.83248512
2022-09-07,10.52,-0.473036896878,19492346391.76,19492346391.76,1852884638.0,1852884638.0,20.41134377,19.02205699,1.45859774,3.4104767,10.25551925,0.82854715
2022-09-08,10.47,-0.475285171103,19399702159.86,19399702159.86,1852884638.0,1852884638.0,20.31433168,18.93164798,1.45166524,3.39426721,10.20677628,0.82460919
2022-09-09,10.55,0.764087870105,19547932930.9,19547932930.9,1852884638.0,1852884638.0,20.46955102,19.0763024,1.46275724,3.4202024,10.28476502,0.83090993
2022-09-13,10.69,1.327014218009,19807336780.22,19807336780.22,1852884638.0,1852884638.0,20.74118487,19.32944765,1.48216823,3.46558897,10.42124532,0.84193622
2022-09-14,10.56,-1.216089803555,19566461777.28,19566461777.28,1852884638.0,1852884638.0,20.48895344,19.09438421,1.46414374,3.42344429,10.29451362,0.83169752
2022-09-15,10.49,-0.662878787879,19436759852.62,19436759852.62,1852884638.0,1852884638.0,20.35313651,18.96781159,1.45443824,3.40075101,10.22627347,0.82618438
2022-09-16,10.34,-1.429933269781,19158827156.92,19158827156.92,1852884638.0,1852884638.0,20.06210024,18.69658454,1.43364074,3.35212254,10.08004458,0.81437049
2022-09-19,10.08,-2.514506769826,18677077151.04,18677077151.04,1852884638.0,1852884638.0,19.55763737,18.22645765,1.39759175,3.26783319,9.82658118,0.79389309
2022-09-20,10.05,-0.297619047619,18621490611.9,18621490611.9,1852884638.0,1852884638.0,19.49943012,18.17221224,1.39343225,3.2581075,9.7973354,0.79153031
2022-09-21,10.14,0.89552238806,18788250229.32,18788250229.32,1852884638.0,1852884638.0,19.67405188,18.33494847,1.40591075,3.28728458,9.88507273,0.79861864
2022-09-22,10.13,-0.098619329389,18769721382.94,18769721382.94,1852884638.0,1852884638.0,19.65464946,18.31686667,1.40452425,3.28404268,9.87532414,0.79783105
2022-09-23,10.02,-1.085883514314,18565904072.76,18565904072.76,1852884638.0,1852884638.0,19.44122286,18.11796683,1.38927275,3.2483818,9.76808963,0.78916754
2022-09-26,9.8,-2.195608782435,18158269452.4,18158269452.4,1852884638.0,1852884638.0,19.01436967,17.72016716,1.35876976,3.17706005,9.55362059,0.7718405
2022-09-27,9.98,1.836734693878,18491788687.24,18491788687.24,1852884638.0,1852884638.0,19.36361319,18.04563962,1.38372675,3.23541421,9.72909526,0.78601717
2022-09-28,9.85,-1.302605210421,18250913684.3,18250913684.3,1852884638.0,1852884638.0,19.11138176,17.81057618,1.36570226,3.19326954,9.60236355,0.77577847
2022-09-29,9.8,-0.507614213198,18158269452.4,18158269452.4,1852884638.0,1852884638.0,19.01436967,17.72016716,1.35876976,3.17706005,9.55362059,0.7718405
2022-09-30,9.76,-0.408163265306,18084154066.88,18084154066.88,1852884638.0,1852884638.0,18.93676,17.64783995,1.34552405,3.16409245,9.51462622,0.76869014
2022-10-10,9.83,0.717213114754,18213855991.54,18213855991.54,1852884638.0,1852884638.0,19.07257692,17.77441257,1.35517432,3.18678574,9.58286637,0.77420328
2022-10-11,9.86,0.30518819939,18269442530.68,18269442530.68,1852884638.0,1852884638.0,19.13078418,17.82865798,1.35931016,3.19651143,9.61211215,0.77656606
2022-10-12,10.18,3.245436105477,18862365614.84,18862365614.84,1852884638.0,1852884638.0,19.75166155,18.40727569,1.4034257,3.30025217,9.9240671,0.80176901
2022-10-13,10.31,1.277013752456,19103240617.78,19103240617.78,1852884638.0,1852884638.0,20.00389299,18.64233913,1.42134764,3.34239684,10.05079881,0.81200771
2022-10-14,10.34,0.290979631426,19158827156.92,19158827156.92,1852884638.0,1852884638.0,20.06210024,18.69658454,1.42548347,3.35212254,10.08004458,0.81437049
2022-10-17,10.49,1.450676982592,19436759852.62,19436759852.62,1852884638.0,1852884638.0,20.35313651,18.96781159,1.44616263,3.40075101,10.22627347,0.82618438
2022-10-18,10.5,0.095328884652,19455288699.0,19455288699.0,1852884638.0,1852884638.0,20.37253893,18.98589339,1.44754124,3.40399291,10.23602206,0.82697197
2022-10-19,10.41,-0.857142857143,19288529081.58,19288529081.58,1852884638.0,1852884638.0,20.19791717,18.82315716,1.43513375,3.37481582,10.14828473,0.81988364
2022-10-20,10.51,0.960614793468,19473817545.38,19473817545.38,1852884638.0,1852884638.0,20.39194135,19.00397519,1.44891985,3.4072348,10.24577065,0.82775956
2022-10-21,10.54,0.285442435775,19529404084.52,19529404084.52,1852884638.0,1852884638.0,20.4501486,19.0582206,1.45305569,3.4169605,10.27501643,0.83012234
2022-10-24,10.5,-0.379506641366,19455288699.0,19455288699.0,1852884638.0,1852884638.0,20.37253893,18.98589339,1.44754124,3.40399291,10.23602206,0.82697197
2022-10-25,10.42,-0.761904761905,19307057927.96,19307057927.96,1852884638.0,1852884638.0,20.21731959,18.84123896,1.43651236,3.37805772,10.15803332,0.82067123
2022-10-26,10.78,3.454894433781,19974096397.64,19974096397.64,1852884638.0,1852884638.0,20.91580663,19.49218388,1.48614234,3.49476605,10.50898265,0.84902456
2022-10-27,10.96,1.669758812616,20307615632.48,20307615632.48,1852884638.0,1852884638.0,21.26505016,19.81765634,1.51095733,3.55312021,10.68445731,0.86320122
2022-10-28,10.75,-1.916058394161,19918509858.5,19918509858.5,1852884638.0,1852884638.0,20.85759938,19.43793847,1.48200651,3.48504036,10.47973687,0.84666178
2022-10-31,11.25,4.651162790698,20844952177.5,20844952177.5,1852884638.0,1852884638.0,24.3799643,20.34202863,1.55093705,3.64713526,8.77961882,0.92025642
2022-11-01,11.29,0.355555555556,20919067563.02,20919067563.02,1852884638.0,1852884638.0,24.46664862,20.41435584,1.55645149,3.66010285,8.81083524,0.92352844
2022-11-02,11.19,-0.88573959256,20733779099.22,20733779099.22,1852884638.0,1852884638.0,24.24993783,20.23353781,1.54266538,3.62768387,8.73279419,0.91534839
2022-11-03,11.06,-1.161751563896,20492904096.28,20492904096.28,1852884638.0,1852884638.0,23.96821379,19.99847437,1.52474344,3.58553919,8.63134081,0.90471431
2022-11-04,11.05,-0.090415913201,20474375249.9,20474375249.9,1852884638.0,1852884638.0,23.94654271,19.98039257,1.52336483,3.5822973,8.62353671,0.90389631
2022-11-07,10.97,-0.723981900452,20326144478.86,20326144478.86,1852884638.0,1852884638.0,23.77317408,19.83573814,1.51233595,3.55636211,8.56110386,0.89735226
2022-11-08,11.07,0.911577028259,20511432942.66,20511432942.66,1852884638.0,1852884638.0,23.98988487,20.01655617,1.52612205,3.58878109,8.63914492,0.90553232
2022-11-09,10.93,-1.26467931346,20252029093.34,20252029093.34,1852884638.0,1852884638.0,23.68648976,19.76341093,1.5068215,3.54339452,8.52988744,0.89408024
2022-11-10,10.97,0.365965233303,20326144478.86,20326144478.86,1852884638.0,1852884638.0,23.77317408,19.83573814,1.51233595,3.55636211,8.56110386,0.89735226
2022-11-11,10.92,-0.455788514129,20233500246.96,20233500246.96,1852884638.0,1852884638.0,23.66481868,19.74532912,1.50544289,3.54015262,8.52208334,0.89326223
2022-11-14,11.1,1.648351648352,20567019481.8,20567019481.8,1852884638.0,1852884638.0,24.05489811,20.07080158,1.53025788,3.59850679,8.66255724,0.90798633
2022-11-15,11.16,0.540540540541,20678192560.08,20678192560.08,1852884638.0,1852884638.0,24.18492459,20.1792924,1.53852955,3.61795817,8.70938187,0.91289437
2022-11-16,11.11,-0.448028673835,20585548328.18,20585548328.18,1852884638.0,1852884638.0,24.07656919,20.08888339,1.5316365,3.60174868,8.67036134,0.90880434
2022-11-17,11.31,1.800180018002,20956125255.78,20956125255.78,1852884638.0,1852884638.0,24.50999078,20.45051945,1.55920871,3.66658664,8.82644346,0.92516445
2022-11-18,11.24,-0.618921308576,20826423331.12,20826423331.12,1852884638.0,1852884638.0,24.35829322,20.32394683,1.54955843,3.64389336,8.77181472,0.91943841
2022-11-21,11.15,-0.800711743772,20659663713.7,20659663713.7,1852884638.0,1852884638.0,24.16325351,20.1612106,1.53715094,3.61471628,8.70157777,0.91207636
2022-11-22,10.98,-1.52466367713,20344673325.24,20344673325.24,1852884638.0,1852884638.0,23.79484516,19.85381994,1.51371456,3.55960401,8.56890797,0.89817027
2022-11-23,11.0,0.182149362477,20381731018.0,20381731018.0,1852884638.0,1852884638.0,23.83818732,19.88998355,1.51647178,3.56608781,8.58451618,0.89980628
2022-11-24,10.92,-0.727272727273,20233500246.96,20233500246.96,1852884638.0,1852884638.0,23.66481868,19.74532912,1.50544289,3.54015262,8.52208334,0.89326223
2022-11-25,10.91,-0.091575091575,20214971400.58,20214971400.58,1852884638.0,1852884638.0,23.6431476,19.72724732,1.50406428,3.53691072,8.51427923,0.89244423
2022-11-28,10.62,-2.658111824015,19677634855.56,19677634855.56,1852884638.0,1852884638.0,23.0146863,19.20287503,1.46408457,3.44289568,8.28796017,0.86872206
2022-11-29,10.82,1.883239171375,20048211783.16,20048211783.16,1852884638.0,1852884638.0,23.44810789,19.56451109,1.49165678,3.50773364,8.44404228,0.88508217
2022-11-30,11.02,1.84842883549,20418788710.76,20418788710.76,1852884638.0,1852884638.0,23.88152948,19.92614716,1.519229,3.5725716,8.60012439,0.90144229
2022-12-01,11.14,1.088929219601,20641134867.32,20641134867.32,1852884638.0,1852884638.0,24.14158243,20.14312879,1.53577233,3.61147438,8.69377366,0.91125836
2022-12-02,11.18,0.359066427289,20715250252.84,20715250252.84,1852884638.0,1852884638.0,24.22826675,20.21545601,1.54128677,3.62444197,8.72499008,0.91453038
2022-12-05,11.46,2.504472271914,21234057951.48,21234057951.48,1852884638.0,1852884638.0,24.83505697,20.7217465,1.57988787,3.71521512,8.94350504,0.93743454
2022-12-06,11.45,-0.087260034904,21215529105.1,21215529105.1,1852884638.0,1852884638.0,24.81338589,20.70366469,1.57850926,3.71197322,8.93570093,0.93661653
2022-12-07,11.3,-1.310043668122,20937596409.4,20937596409.4,1852884638.0,1852884638.0,24.4883197,20.43243765,1.5578301,3.66334475,8.81863935,0.92434645
2022-12-08,11.27,-0.265486725664,20882009870.26,20882009870.26,1852884638.0,1852884638.0,24.42330646,20.37819224,1.55369427,3.65361905,8.79522703,0.92189243
2022-12-09,11.24,-0.266193433895,20826423331.12,20826423331.12,1852884638.0,1852884638.0,24.35829322,20.32394683,1.54955843,3.64389336,8.77181472,0.91943841
2022-12-12,11.19,-0.444839857651,20733779099.22,20733779099.22,1852884638.0,1852884638.0,24.24993783,20.23353781,1.54266538,3.62768387,8.73279419,0.91534839
2022-12-13,11.05,-1.251117068811,20474375249.9,20474375249.9,1852884638.0,1852884638.0,23.94654271,19.98039257,1.52336483,3.5822973,8.62353671,0.90389631
2022-12-14,10.94,-0.995475113122,20270557939.72,20270557939.72,1852884638.0,1852884638.0,23.70816084,19.78149273,1.50820011,3.54663642,8.53769155,0.89489824
2022-12-15,10.98,0.36563071298,20344673325.24,20344673325.24,1852884638.0,1852884638.0,23.79484516,19.85381994,1.51371456,3.55960401,8.56890797,0.89817027
2022-12-16,10.88,-0.910746812386,20159384861.44,20159384861.44,1852884638.0,1852884638.0,23.57813436,19.67300191,1.49992845,3.52718503,8.49086691,0.88999021
2022-12-19,10.66,-2.022058823529,19751750241.08,19751750241.08,1852884638.0,1852884638.0,23.10137062,19.27520224,1.46959901,3.45586327,8.31917659,0.87199408
2022-12-20,10.46,-1.87617260788,19381173313.48,19381173313.48,1852884638.0,1852884638.0,22.66794903,18.91356618,1.4420268,3.39102531,8.16309448,0.85563397
2022-12-21,10.29,-1.625239005736,19066182925.02,19066182925.02,1852884638.0,1852884638.0,22.29954068,18.60617552,1.41859042,3.33591305,8.03042468,0.84172787
2022-12-22,10.5,2.040816326531,19455288699.0,19455288699.0,1852884638.0,1852884638.0,22.75463335,18.98589339,1.44754124,3.40399291,8.1943109,0.85890599
2022-12-23,10.44,-0.571428571429,19344115620.72,19344115620.72,1852884638.0,1852884638.0,22.62460687,18.87740257,1.43926958,3.38454152,8.14748627,0.85399796
2022-12-26,10.5,0.574712643678,19455288699.0,19455288699.0,1852884638.0,1852884638.0,22.75463335,18.98589339,1.44754124,3.40399291,8.1943109,0.85890599
2022-12-27,10.46,-0.380952380952,19381173313.48,19381173313.48,1852884638.0,1852884638.0,22.66794903,18.91356618,1.4420268,3.39102531,8.16309448,0.85563397
2022-12-28,10.32,-1.338432122371,19121769464.16,19121769464.16,1852884638.0,1852884638.0,22.36455392,18.66042093,1.42272625,3.34563874,8.053837,0.84418189
2022-12-29,10.36,0.387596899225,19195884849.68,19195884849.68,1852884638.0,1852884638.0,22.45123824,18.73274814,1.42824069,3.35860633,8.08505342,0.84745391
2022-12-30,10.41,0.482625482625,19288529081.58,19288529081.58,1852884638.0,1852884638.0,22.55959363,18.82315716,1.43513375,3.37481582,8.12407395,0.85154394
2023-01-03,10.71,2.881844380403,19844394472.98,19844394472.98,1852884638.0,1852884638.0,23.20972601,18.39142511,1.4025077,-1.20538911,8.35819712,0.87608411
2023-01-04,10.88,1.587301587302,20159384861.44,20159384861.44,1852884638.0,1852884638.0,23.57813436,18.6833525,1.42476973,-1.22452227,8.49086691,0.88999021
2023-01-05,10.88,0.0,20159384861.44,20159384861.44,1852884638.0,1852884638.0,23.57813436,18.6833525,1.42476973,-1.22452227,8.49086691,0.88999021
2023-01-06,10.76,-1.102941176471,19937038704.88,19937038704.88,1852884638.0,1852884638.0,23.31808141,18.47728611,1.40905536,-1.21101651,8.39721765,0.88017414
2023-01-09,10.8,0.371747211896,20011154090.4,20011154090.4,1852884638.0,1852884638.0,23.40476573,18.5459749,1.41429348,-1.21551843,8.42843407,0.88344616
2023-01-10,10.81,0.092592592593,20029682936.78,20029682936.78,1852884638.0,1852884638.0,23.42643681,18.5631471,1.41560301,-1.21664391,8.43623817,0.88426417
2023-01-11,10.73,-0.740055504163,19881452165.74,19881452165.74,1852884638.0,1852884638.0,23.25306817,18.42576951,1.40512676,-1.20764007,8.37380533,0.87772012
2023-01-12,10.7,-0.279589934762,19825865626.6,19825865626.6,1852884638.0,1852884638.0,23.18805494,18.37425291,1.40119817,-1.20426363,8.35039301,0.87526611
2023-01-13,10.75,0.467289719626,19918509858.5,19918509858.5,1852884638.0,1852884638.0,23.29641033,18.46011391,1.40774583,-1.20989103,8.38941354,0.87935613
2023-01-16,10.98,2.139534883721,20344673325.24,20344673325.24,1852884638.0,1852884638.0,23.79484516,18.85507449,1.43786504,-1.23577707,8.56890797,0.89817027
2023-01-17,10.93,-0.455373406193,20252029093.34,20252029093.34,1852884638.0,1852884638.0,23.68648976,18.76921349,1.43131738,-1.23014967,8.52988744,0.89408024
2023-01-18,11.07,1.28087831656,20511432942.66,20511432942.66,1852884638.0,1852884638.0,23.98988487,19.00962428,1.44965082,-1.24590639,8.63914492,0.90553232
2023-01-19,11.27,1.806684733514,20882009870.26,20882009870.26,1852884638.0,1852884638.0,24.42330646,19.35306826,1.47584144,-1.26841599,8.79522703,0.92189243
2023-01-20,11.4,1.153504880213,21122884873.2,21122884873.2,1852884638.0,1852884638.0,24.70503049,19.57630684,1.49286534,-1.28304723,8.89668041,0.93252651
2023-01-30,12.19,6.929824561404,22586663737.22,22586663737.22,1852884638.0,1852884638.0,26.41704576,20.93291056,1.59631829,-1.37196015,9.51320475,0.99714896
2023-01-31,12.01,-1.476620180476,22253144502.38,22253144502.38,1852884638.0,1852884638.0,26.02696633,20.62381098,1.57274673,-1.35170151,9.37273085,0.98242485
2023-02-01,12.45,3.663613655287,23068413743.1,23068413743.1,1852884638.0,1852884638.0,26.98049383,21.37938774,1.6303661,-1.40122263,9.7161115,1.0184171
2023-02-02,12.2,-2.008032128514,22605192583.6,22605192583.6,1852884638.0,1852884638.0,26.43871684,20.95008276,1.59762782,-1.37308563,9.52100886,0.99796696
2023-02-03,12.31,0.901639344262,22809009893.78,22809009893.78,1852884638.0,1852884638.0,26.67709872,21.13897695,1.61203266,-1.38546591,9.60685402,1.00696503
2023-02-06,12.26,-0.406173842405,22716365661.88,22716365661.88,1852884638.0,1852884638.0,26.56874332,21.05311596,1.60548501,-1.37983851,9.56783349,1.002875
2023-02-07,12.21,-0.407830342577,22623721429.98,22623721429.98,1852884638.0,1852884638.0,26.46038792,20.96725496,1.59893735,-1.37421111,9.52881296,0.99878497
2023-02-08,12.08,-1.064701064701,22382846427.04,22382846427.04,1852884638.0,1852884638.0,26.17866389,20.74401637,1.58191345,-1.35957987,9.42735959,0.98815089
2023-02-09,12.22,1.158940397351,22642250276.36,22642250276.36,1852884638.0,1852884638.0,26.482059,20.98442716,1.60024688,-1.37533659,9.53661707,0.99960297
2023-02-10,12.17,-0.409165302782,22549606044.46,22549606044.46,1852884638.0,1852884638.0,26.3737036,20.89856616,1.59369923,-1.36970919,9.49759654,0.99551295
2023-02-13,12.23,0.493015612161,22660779122.74,22660779122.74,1852884638.0,1852884638.0,26.50373008,21.00159936,1.60155641,-1.37646207,9.54442117,1.00042098
2023-02-14,12.22,-0.081766148814,22642250276.36,22642250276.36,1852884638.0,1852884638.0,26.482059,20.98442716,1.60024688,-1.37533659,9.53661707,0.99960297
2023-02-15,12.52,2.454991816694,23198115667.76,23198115667.76,1852884638.0,1852884638.0,27.13219138,21.49959313,1.63953281,-1.40910099,9.77074024,1.02414314
2023-02-16,12.3,-1.757188498403,22790481047.4,22790481047.4,1852884638.0,1852884638.0,26.65542764,21.12180475,1.61072313,-1.38434043,9.59904991,1.00614702
2023-02-17,11.98,-2.60162601626,22197557963.24,22197557963.24,1852884638.0,1852884638.0,25.9619531,20.57229438,1.56881814,-1.34832507,9.34931853,0.97997084
2023-02-20,12.18,1.669449081803,22568134890.84,22568134890.84,1852884638.0,1852884638.0,26.39537468,20.91573836,1.59500876,-1.37083467,9.50540064,0.99633095
2023-02-21,12.18,0.0,22568134890.84,22568134890.84,1852884638.0,1852884638.0,26.39537468,20.91573836,1.59500876,-1.37083467,9.50540064,0.99633095
2023-02-22,12.3,0.985221674877,22790481047.4,22790481047.4,1852884638.0,1852884638.0,26.65542764,21.12180475,1.61072313,-1.38434043,9.59904991,1.00614702
2023-02-23,12.09,-1.707317073171,22401375273.42,22401375273.42,1852884638.0,1852884638.0,26.20033497,20.76118857,1.58322298,-1.36070535,9.43516369,0.9889689
2023-02-24,12.21,0.992555831266,22623721429.98,22623721429.98,1852884638.0,1852884638.0,26.46038792,20.96725496,1.59893735,-1.37421111,9.52881296,0.99878497
2023-02-27,12.15,-0.4914004914,22512548351.7,22512548351.7,1852884638.0,1852884638.0,26.33036145,20.86422177,1.59108017,-1.36745823,9.48198833,0.99387693
2023-02-28,12.37,1.810699588477,22920182972.06,22920182972.06,1852884638.0,1852884638.0,26.80712519,21.24201014,1.61988985,-1.39221879,9.65367865,1.01187306
2023-03-01,12.36,-0.080840743735,22901654125.68,22901654125.68,1852884638.0,1852884638.0,26.78545411,21.22483794,1.61858032,-1.39109331,9.64587455,1.01105505
2023-03-02,12.72,2.912621359223,23568692595.36,23568692595.36,1852884638.0,1852884638.0,27.56561297,21.84303711,1.66572343,-1.4316106,9.92682235,1.04050326
2023-03-03,12.57,-1.179245283019,23290759899.66,23290759899.66,1852884638.0,1852884638.0,27.24054678,21.58545412,1.64608047,-1.41472839,9.80976076,1.02823317
2023-03-06,12.54,-0.238663484487,23235173360.52,23235173360.52,1852884638.0,1852884638.0,27.17553354,21.53393753,1.64215188,-1.41135195,9.78634845,1.02577916
2023-03-07,12.13,-3.269537480064,22475490658.94,22475490658.94,1852884638.0,1852884638.0,26.28701929,20.82987737,1.5884611,-1.36520727,9.46638012,0.99224092
2023-03-08,12.37,1.978565539984,22920182972.06,22920182972.06,1852884638.0,1852884638.0,26.80712519,21.24201014,1.61988985,-1.39221879,9.65367865,1.01187306
2023-03-09,12.4,0.242522231205,22975769511.2,22975769511.2,1852884638.0,1852884638.0,26.87213843,21.29352674,1.62381844,-1.39559523,9.67709097,1.01432708
2023-03-10,12.25,-1.209677419355,22697836815.5,22697836815.5,1852884638.0,1852884638.0,26.54707224,21.03594376,1.60417548,-1.37871303,9.56002938,1.00205699
2023-03-13,12.7,3.673469387755,23531634902.6,23531634902.6,1852884638.0,1852884638.0,27.52227081,21.80869271,1.66310437,-1.42935964,9.91121414,1.03886725
2023-03-14,13.06,2.834645669291,24198673372.28,24198673372.28,1852884638.0,1852884638.0,28.30242967,22.42689187,1.71024749,-1.46987692,10.19216194,1.06831545
2023-03-15,12.91,-1.14854517611,23920740676.58,23920740676.58,1852884638.0,1852884638.0,27.97736348,22.16930889,1.69060452,-1.45299472,10.07510035,1.05604537
2023-03-16,12.67,-1.859024012393,23476048363.46,23476048363.46,1852884638.0,1852884638.0,27.45725757,21.75717611,1.65917578,-1.4259832,9.88780182,1.03641323
2023-03-17,13.23,4.419889502762,24513663760.74,24513663760.74,1852884638.0,1852884638.0,28.67083802,22.71881926,1.73250951,-1.48901008,10.32483173,1.08222155
2023-03-20,13.15,-0.604686318972,24365432989.7,24365432989.7,1852884638.0,1852884638.0,28.49746938,22.58144166,1.72203327,-1.48000624,10.26239889,1.0756775
2023-03-21,13.35,1.520912547529,24736009917.3,24736009917.3,1852884638.0,1852884638.0,28.93089097,22.92488564,1.74822389,-1.50251584,10.418481,1.09203762
2023-03-22,13.43,0.59925093633,24884240688.34,24884240688.34,1852884638.0,1852884638.0,29.10425961,23.06226324,1.75870013,-1.51151968,10.48091385,1.09858166
2023-03-23,13.48,0.372300819062,24976884920.24,24976884920.24,1852884638.0,1852884638.0,29.212615,23.14812423,1.76524779,-1.51714708,10.51993437,1.10267169
2023-03-24,13.59,0.816023738872,25180702230.42,25180702230.42,1852884638.0,1852884638.0,29.45099688,23.33701842,1.77965263,-1.52952736,10.60577954,1.11166976
2023-03-27,13.55,-0.294334069169,25106586844.9,25106586844.9,1852884638.0,1852884638.0,29.36431256,23.26832962,1.77441451,-1.52502544,10.57456311,1.10839773
2023-03-28,13.85,2.214022140221,25662452236.3,25662452236.3,1852884638.0,1852884638.0,30.01444494,23.78349559,1.81370044,-1.55878984,10.80868628,1.1329379
2023-03-29,13.59,-1.87725631769,25180702230.42,25180702230.42,1852884638.0,1852884638.0,29.45099688,23.33701842,1.77965263,-1.52952736,10.60577954,1.11166976
2023-03-30,13.42,-1.250919793966,24865711841.96,24865711841.96,1852884638.0,1852884638.0,29.08258853,23.04509104,1.7573906,-1.5103942,10.47310974,1.09776366
2023-03-31,14.02,4.470938897168,25977442624.76,25977442624.76,1852884638.0,1852884638.0,24.07542298,24.07542298,1.80529853,-1.577923,13.93726164,1.34500059
2023-04-03,15.42,9.985734664765,28571481117.96,28571481117.96,1852884638.0,1852884638.0,26.47953083,26.47953083,1.98557085,-1.7354902,15.32899961,1.47930878
2023-04-04,16.42,6.485084306096,30424365755.96,30424365755.96,1852884638.0,1852884638.0,28.19675073,28.19675073,2.11433679,-1.84803821,16.32309816,1.5752432
2023-04-06,15.81,-3.714981729598,29294106126.78,29294106126.78,1852884638.0,1852884638.0,27.14924659,27.14924659,2.03578957,-1.77938392,15.71669804,1.51672321
2023-04-07,15.75,-0.379506641366,29182933048.5,29182933048.5,1852884638.0,1852884638.0,27.0462134,27.0462134,2.02806361,-1.77263104,15.65705213,1.51096714
2023-04-10,15.7,-0.31746031746,29090288816.6,29090288816.6,1852884638.0,1852884638.0,26.96035241,26.96035241,2.02162531,-1.76700364,15.6073472,1.50617042
2023-04-11,15.21,-3.12101910828,28182375343.98,28182375343.98,1852884638.0,1852884638.0,26.11891466,26.11891466,1.95853,-1.71185512,15.12023892,1.45916255
2023-04-12,15.53,2.103879026956,28775298428.14,28775298428.14,1852884638.0,1852884638.0,26.66842502,26.66842502,1.9997351,-1.74787048,15.43835045,1.48986157
2023-04-13,15.56,0.193174500966,28830884967.28,28830884967.28,1852884638.0,1852884638.0,26.71994162,26.71994162,2.00359808,-1.75124692,15.46817341,1.4927396
2023-04-14,15.42,-0.899742930591,28571481117.96,28571481117.96,1852884638.0,1852884638.0,26.47953083,26.47953083,1.98557085,-1.7354902,15.32899961,1.47930878
2023-04-17,15.22,-1.297016861219,28200904190.36,28200904190.36,1852884638.0,1852884638.0,26.13608685,26.13608685,1.95981766,-1.7129806,15.1301799,1.4601219
2023-04-18,15.15,-0.459921156373,28071202265.7,28071202265.7,1852884638.0,1852884638.0,26.01588146,26.01588146,1.95080404,-1.70510224,15.060593,1.45340649
2023-04-19,15.06,-0.594059405941,27904442648.28,27904442648.28,1852884638.0,1852884638.0,25.86133167,25.86133167,1.93921511,-1.69497292,14.97112413,1.44477239
2023-04-20,15.44,2.523240371846,28608538810.72,28608538810.72,1852884638.0,1852884638.0,26.51387523,26.51387523,1.98814617,-1.73774116,15.34888158,1.48122747
2023-04-21,14.68,-4.922279792746,27200346485.84,27200346485.84,1852884638.0,1852884638.0,25.20878811,25.20878811,1.89028405,-1.65220468,14.59336668,1.40831731
2023-04-24,15.07,2.656675749319,27922971494.66,27922971494.66,1852884638.0,1852884638.0,25.87850387,25.87850387,1.94050277,-1.6960984,14.98106512,1.44573174
2023-04-25,15.26,1.260783012608,28275019575.88,28275019575.88,1852884638.0,1852884638.0,26.20477565,26.20477565,1.9649683,-1.71748252,15.16994384,1.46395928
2023-04-26,14.7,-3.669724770642,27237404178.6,27237404178.6,1852884638.0,1852884638.0,25.24313251,25.24313251,1.89285937,-1.65445564,14.61324866,1.410236
2023-04-27,14.47,-1.56462585034,26811240711.86,26811240711.86,1852884638.0,1852884638.0,24.84817193,24.84817193,1.8632432,-1.6285696,14.38460599,1.38817108
2023-04-28,14.54,0.483759502419,26940942636.52,26940942636.52,1852884638.0,1852884638.0,24.96837732,24.96837732,1.87225682,-1.63644796,14.45419289,1.39488649
2023-05-04,14.42,-0.825309491059,26718596479.96,26718596479.96,1852884638.0,1852884638.0,21.12925888,24.76231094,1.85680491,-1.6229422,12.933448,1.43718818
2023-05-05,14.31,-0.762829403606,26514779169.78,26514779169.78,1852884638.0,1852884638.0,20.96807868,24.57341675,1.84264065,-1.61056192,12.83478785,1.42622489
2023-05-08,14.47,1.118099231307,26811240711.86,26811240711.86,1852884638.0,1852884638.0,21.20252261,24.84817193,1.8632432,-1.6285696,12.97829352,1.4421715
2023-05-09,14.45,-0.138217000691,26774183019.1,26774183019.1,1852884638.0,1852884638.0,21.17321712,24.81382753,1.86066788,-1.62631864,12.96035531,1.44017817
2023-05-10,14.28,-1.176470588235,26459192630.64,26459192630.64,1852884638.0,1852884638.0,20.92412045,24.52190015,1.83877767,-1.60718548,12.80788054,1.4232349
2023-05-11,14.1,-1.260504201681,26125673395.8,26125673395.8,1852884638.0,1852884638.0,20.66037103,24.21280057,1.8155998,-1.58692684,12.64643667,1.40529496
2023-05-12,13.96,-0.992907801418,25866269546.48,25866269546.48,1852884638.0,1852884638.0,20.45523259,23.97238978,1.79757257,-1.57117012,12.52086921,1.39134168
2023-05-15,13.89,-0.501432664756,25736567621.82,25736567621.82,1852884638.0,1852884638.0,20.35266338,23.85218439,1.78855896,-1.56329176,12.45808548,1.38436504
2023-05-16,13.58,-2.231821454284,25162173384.04,25162173384.04,1852884638.0,1852884638.0,19.89842827,23.31984622,1.74864151,-1.52840188,12.18004326,1.35346848
2023-05-17,13.69,0.810014727541,25365990694.22,25365990694.22,1852884638.0,1852884638.0,20.05960847,23.50874041,1.76280577,-1.54078216,12.2787034,1.36443178
2023-05-18,13.95,1.899196493791,25847740700.1,25847740700.1,1852884638.0,1852884638.0,20.44057985,23.95521758,1.79628491,-1.57004464,12.51190011,1.39034502
2023-05-19,13.88,-0.501792114695,25718038775.44,25718038775.44,1852884638.0,1852884638.0,20.33801063,23.83501219,1.7872713,-1.56216628,12.44911638,1.38336838
2023-05-22,13.72,-1.152737752161,25421577233.36,25421577233.36,1852884638.0,1852884638.0,20.1035667,23.56025701,1.76666875,-1.5441586,12.30561071,1.36742177
2023-05-23,13.49,-1.67638483965,24995413766.62,24995413766.62,1852884638.0,1852884638.0,19.76655356,23.16529643,1.73705258,-1.51827256,12.09932132,1.34449851
2023-05-24,13.42,-0.51890289103,24865711841.96,24865711841.96,1852884638.0,1852884638.0,19.66398434,23.04509104,1.72803896,-1.5103942,12.03653759,1.33752187
2023-05-25,13.4,-0.149031296572,24828654149.2,24828654149.2,1852884638.0,1852884638.0,19.63467885,23.01074664,1.72546364,-1.50814324,12.01859939,1.33552855
2023-05-26,13.56,1.194029850746,25125115691.28,25125115691.28,1852884638.0,1852884638.0,19.86912278,23.28550182,1.74606619,-1.52615092,12.16210505,1.35147516
2023-05-29,13.55,-0.073746312684,25106586844.9,25106586844.9,1852884638.0,1852884638.0,19.85447003,23.26832962,1.74477853,-1.52502544,12.15313595,1.35047849
2023-05-30,13.95,2.952029520295,25847740700.1,25847740700.1,1852884638.0,1852884638.0,20.44057985,23.95521758,1.79628491,-1.57004464,12.51190011,1.39034502
2023-05-31,14.38,3.082437275986,26644481094.44,26644481094.44,1852884638.0,1852884638.0,21.0706479,24.69362214,1.85165427,-1.61844028,12.89757158,1.43320153
2023-06-01,14.46,0.556328233658,26792711865.48,26792711865.48,1852884638.0,1852884638.0,21.18786986,24.83099973,1.86195554,-1.62744412,12.96932441,1.44117483
2023-06-02,14.43,-0.207468879668,26737125326.34,26737125326.34,1852884638.0,1852884638.0,21.14391163,24.77948313,1.85809257,-1.62406768,12.9424171,1.43818485
2023-06-05,14.43,0.0,26737125326.34,26737125326.34,1852884638.0,1852884638.0,21.14391163,24.77948313,1.85809257,-1.62406768,12.9424171,1.43818485
2023-06-06,14.21,-1.524601524602,26329490705.98,26329490705.98,1852884638.0,1852884638.0,20.82155123,24.40169476,1.82976406,-1.59930712,12.74509681,1.41625826
2023-06-07,14.49,1.970443349754,26848298404.62,26848298404.62,1852884638.0,1852884638.0,21.2318281,24.88251633,1.86581852,-1.63082056,12.99623172,1.44416482
2023-06-08,14.56,0.48309178744,26978000329.28,26978000329.28,1852884638.0,1852884638.0,21.33439732,25.00272172,1.87483214,-1.63869892,13.05901545,1.45114147
2023-06-09,14.65,0.618131868132,27144759946.7,27144759946.7,1852884638.0,1852884638.0,21.46627203,25.15727151,1.88642107,-1.64882824,13.13973739,1.46011143
2023-06-12,14.43,-1.501706484642,26737125326.34,26737125326.34,1852884638.0,1852884638.0,21.14391163,24.77948313,1.85809257,-1.62406768,12.9424171,1.43818485
2023-06-13,14.76,2.286902286902,27348577256.88,27348577256.88,1852884638.0,1852884638.0,21.62745223,25.3461657,1.90058533,-1.66120852,13.23839753,1.47107473
2023-06-14,14.82,0.406504065041,27459750335.16,27459750335.16,1852884638.0,1852884638.0,21.7153687,25.4491989,1.90831128,-1.6679614,13.29221216,1.47705471
2023-06-15,14.62,-1.349527665317,27089173407.56,27089173407.56,1852884638.0,1852884638.0,21.42231379,25.10575492,1.88255809,-1.6454518,13.11283008,1.45712144
2023-06-16,14.85,1.573187414501,27515336874.3,27515336874.3,1852884638.0,1852884638.0,21.75932694,25.50071549,1.91217426,-1.67133784,13.31911947,1.4800447
2023-06-19,14.9,0.3367003367,27607981106.2,27607981106.2,1852884638.0,1852884638.0,21.83259066,25.58657649,1.91861256,-1.67696524,13.36396499,1.48502801
2023-06-20,15.0,0.671140939597,27793269570.0,27793269570.0,1852884638.0,1852884638.0,21.97911812,25.75829848,1.93148915,-1.68822004,13.45365603,1.49499464
2023-06-21,14.61,-2.6,27070644561.18,27070644561.18,1852884638.0,1852884638.0,21.40766105,25.08858272,1.88127044,-1.64432632,13.10386097,1.45612478
2023-06-26,13.73,-4.916897506925,25440106079.74,25440106079.74,1852884638.0,1852884638.0,20.11821945,23.57742921,1.7679564,-1.54528408,12.31457982,1.36841843
2023-06-27,13.76,0.218499635834,25495692618.88,25495692618.88,1852884638.0,1852884638.0,20.16217769,23.6289458,1.77181938,-1.54866052,12.34148713,1.37140842
2023-06-28,13.56,-1.453488372093,25125115691.28,25125115691.28,1852884638.0,1852884638.0,19.86912278,23.28550182,1.74606619,-1.52615092,12.16210505,1.35147516
2023-06-29,13.64,0.589970501475,25273346462.32,25273346462.32,1852884638.0,1852884638.0,19.98634474,23.42287942,1.75636747,-1.53515476,12.23385788,1.35944846
2023-06-30,13.69,0.366568914956,25365990694.22,25365990694.22,1852884638.0,1852884638.0,20.05960847,23.50874041,1.76755441,-1.54078216,12.2787034,1.36443178
2023-07-03,13.71,0.146092037984,25403048386.98,25403048386.98,1852884638.0,1852884638.0,20.08891396,23.54308481,1.77013666,-1.54303312,12.29664161,1.3664251
2023-07-04,13.73,0.145878920496,25440106079.74,25440106079.74,1852884638.0,1852884638.0,20.11821945,23.57742921,1.77271892,-1.54528408,12.31457982,1.36841843
2023-07-05,13.49,-1.747997086672,24995413766.62,24995413766.62,1852884638.0,1852884638.0,19.76655356,23.16529643,1.74173185,-1.51827256,12.09932132,1.34449851
2023-07-06,13.53,0.296515937732,25069529152.14,25069529152.14,1852884638.0,1852884638.0,19.82516454,23.23398523,1.74689636,-1.52277448,12.13519774,1.34848517
2023-07-07,13.3,-1.69992609017,24643365685.4,24643365685.4,1852884638.0,1852884638.0,19.4881514,22.83902465,1.71720041,-1.49688844,11.92890835,1.32556192
2023-07-10,13.28,-0.15037593985,24606307992.64,24606307992.64,1852884638.0,1852884638.0,19.45884591,22.80468025,1.71461815,-1.49463748,11.91097014,1.32356859
2023-07-11,13.25,-0.225903614458,24550721453.5,24550721453.5,1852884638.0,1852884638.0,19.41488767,22.75316365,1.71074477,-1.49126104,11.88406283,1.3205786
2023-07-12,12.95,-2.264150943396,23994856062.1,23994856062.1,1852884638.0,1852884638.0,18.97530531,22.23799769,1.67201093,-1.45749664,11.61498971,1.29067871
2023-07-13,13.08,1.003861003861,24235731065.04,24235731065.04,1852884638.0,1852884638.0,19.165791,22.46123627,1.68879559,-1.47212788,11.73158806,1.30363533
2023-07-14,13.31,1.758409785933,24661894531.78,24661894531.78,1852884638.0,1852884638.0,19.50280414,22.85619685,1.71849154,-1.49801392,11.93787745,1.32655858
2023-07-17,13.56,1.878287002254,25125115691.28,25125115691.28,1852884638.0,1852884638.0,19.86912278,23.28550182,1.75076974,-1.52615092,12.16210505,1.35147516
2023-07-18,13.36,-1.474926253687,24754538763.68,24754538763.68,1852884638.0,1852884638.0,19.57606787,22.94205784,1.72494718,-1.50364132,11.98272297,1.33154189
2023-07-19,13.35,-0.074850299401,24736009917.3,24736009917.3,1852884638.0,1852884638.0,19.56141512,22.92488564,1.72365605,-1.50251584,11.97375387,1.33054523
2023-07-20,13.11,-1.797752808989,24291317604.18,24291317604.18,1852884638.0,1852884638.0,19.20974923,22.51275287,1.69266898,-1.47550432,11.75849537,1.30662532
2023-07-21,13.06,-0.381388253242,24198673372.28,24198673372.28,1852884638.0,1852884638.0,19.13648551,22.42689187,1.68621334,-1.46987692,11.71364985,1.301642
2023-07-24,13.11,0.382848392037,24291317604.18,24291317604.18,1852884638.0,1852884638.0,19.20974923,22.51275287,1.69266898,-1.47550432,11.75849537,1.30662532
2023-07-25,13.35,1.830663615561,24736009917.3,24736009917.3,1852884638.0,1852884638.0,19.56141512,22.92488564,1.72365605,-1.50251584,11.97375387,1.33054523
2023-07-26,13.09,-1.947565543071,24254259911.42,24254259911.42,1852884638.0,1852884638.0,19.18044374,22.47840847,1.69008672,-1.47325336,11.74055716,1.30463199
2023-07-27,12.92,-1.298701298701,23939269522.96,23939269522.96,1852884638.0,1852884638.0,18.93134707,22.18648109,1.66813754,-1.4541202,11.58808239,1.28768872
2023-07-28,13.16,1.857585139319,24383961836.08,24383961836.08,1852884638.0,1852884638.0,19.28301296,22.59861386,1.69912462,-1.48113172,11.80334089,1.31160863
2023-07-31,13.25,0.683890577508,24550721453.5,24550721453.5,1852884638.0,1852884638.0,19.41488767,22.75316365,1.71074477,-1.49126104,11.88406283,1.3205786
2023-08-01,13.33,0.603773584906,24698952224.54,24698952224.54,1852884638.0,1852884638.0,19.53210963,22.89054125,1.7210738,-1.50026488,11.95581566,1.32855191
2023-08-02,13.27,-0.450112528132,24587779146.26,24587779146.26,1852884638.0,1852884638.0,19.44419316,22.78750805,1.71332703,-1.493512,11.90200103,1.32257193
2023-08-03,13.3,0.226073850791,24643365685.4,24643365685.4,1852884638.0,1852884638.0,19.4881514,22.83902465,1.71720041,-1.49688844,11.92890835,1.32556192
2023-08-04,13.58,2.105263157895,25162173384.04,25162173384.04,1852884638.0,1852884638.0,19.89842827,23.31984622,1.753352,-1.52840188,12.18004326,1.35346848
2023-08-07,13.61,0.220913107511,25217759923.18,25217759923.18,1852884638.0,1852884638.0,19.9423865,23.37136282,1.75722538,-1.53177832,12.20695057,1.35645847
2023-08-08,13.62,0.073475385746,25236288769.56,25236288769.56,1852884638.0,1852884638.0,19.95703925,23.38853502,1.75851651,-1.5329038,12.21591967,1.35745513
2023-08-09,13.55,-0.513950073421,25106586844.9,25106586844.9,1852884638.0,1852884638.0,19.85447003,23.26832962,1.74947861,-1.52502544,12.15313595,1.35047849
2023-08-10,13.51,-0.29520295203,25032471459.38,25032471459.38,1852884638.0,1852884638.0,19.79585905,23.19964083,1.7443141,-1.52052352,12.11725953,1.34649184
2023-08-11,13.03,-3.552923760178,24143086833.14,24143086833.14,1852884638.0,1852884638.0,19.09252727,22.37537528,1.68233995,-1.46650048,11.68674254,1.29865201
2023-08-14,13.29,1.99539524175,24624836839.02,24624836839.02,1852884638.0,1852884638.0,19.47349865,22.82185245,1.71590928,-1.49576296,11.91993924,1.32456525
2023-08-15,13.26,-0.225733634312,24569250299.88,24569250299.88,1852884638.0,1852884638.0,19.42954042,22.77033585,1.7120359,-1.49238652,11.89303193,1.32157526
2023-08-16,12.96,-2.262443438914,24013384908.48,24013384908.48,1852884638.0,1852884638.0,18.98995805,22.25516988,1.67330205,-1.45862212,11.62395881,1.29167537
2023-08-17,13.08,0.925925925926,24235731065.04,24235731065.04,1852884638.0,1852884638.0,19.165791,22.46123627,1.68879559,-1.47212788,11.73158806,1.30363533
2023-08-18,12.63,-3.440366972477,23401932977.94,23401932977.94,1852884638.0,1852884638.0,18.50641745,21.68848732,1.63069483,-1.42148128,11.32797838,1.25878549
2023-08-21,12.65,0.158353127474,23438990670.7,23438990670.7,1852884638.0,1852884638.0,18.53572295,21.72283172,1.63327708,-1.42373224,11.34591658,1.26077881
2023-08-22,13.05,3.162055335968,24180144525.9,24180144525.9,1852884638.0,1852884638.0,19.12183276,22.40971967,1.68492221,-1.46875144,11.70468075,1.30064534
2023-08-23,12.97,-0.613026819923,24031913754.86,24031913754.86,1852884638.0,1852884638.0,19.0046108,22.27234208,1.67459318,-1.4597476,11.63292791,1.29267203
2023-08-24,12.78,-1.464919043948,23679865673.64,23679865673.64,1852884638.0,1852884638.0,18.72620864,21.9460703,1.65006175,-1.43836348,11.46251494,1.27373543
2023-08-25,12.32,-3.599374021909,22827538740.16,22827538740.16,1852884638.0,1852884638.0,18.05218235,21.15614915,1.59066985,-1.38659139,11.04993615,1.22788893
2023-08-28,12.39,0.568181818182,22957240664.82,22957240664.82,1852884638.0,1852884638.0,18.15475156,21.27635454,1.59970775,-1.39446975,11.11271988,1.23486557
2023-08-29,12.82,3.470540758676,23753981059.16,23753981059.16,1852884638.0,1852884638.0,18.78481962,22.0147591,1.65522626,-1.4428654,11.49839135,1.27772209
2023-08-30,13.08,2.028081123245,24235731065.04,24235731065.04,1852884638.0,1852884638.0,19.165791,22.46123627,1.68879559,-1.47212788,11.73158806,1.30363533
2023-08-31,12.87,-1.605504587156,23846625291.06,23846625291.06,1852884638.0,1852884638.0,18.15488362,22.10062009,1.6616819,-1.4484928,13.20762366,1.39448054
2023-09-01,12.69,-1.398601398601,23513106056.22,23513106056.22,1852884638.0,1852884638.0,17.90096917,21.79152051,1.6384416,-1.42823416,13.02290165,1.37497732
2023-09-04,12.89,1.576044129236,23883682983.82,23883682983.82,1852884638.0,1852884638.0,18.18309634,22.13496449,1.66426416,-1.45074376,13.22814833,1.39664757
2023-09-05,12.6,-2.249806051202,23346346438.8,23346346438.8,1852884638.0,1852884638.0,17.77401194,21.63697072,1.62682144,-1.41810483,12.93054065,1.36522571
2023-09-06,12.62,0.15873015873,23383404131.56,23383404131.56,1852884638.0,1852884638.0,17.80222465,21.67131512,1.6294037,-1.4203558,12.95106531,1.36739273
2023-09-07,12.43,-1.505546751189,23031356050.34,23031356050.34,1852884638.0,1852884638.0,17.53420384,21.34504334,1.60487226,-1.39897167,12.75608097,1.34680599
2023-09-08,12.5,0.563153660499,23161057975.0,23161057975.0,1852884638.0,1852884638.0,17.63294835,21.46524873,1.61391016,-1.40685003,12.82791731,1.35439058
2023-09-11,12.73,1.84,23587221441.74,23587221441.74,1852884638.0,1852884638.0,17.9573946,21.86020931,1.64360611,-1.43273608,13.06395099,1.37931137
2023-09-12,12.78,0.392772977219,23679865673.64,23679865673.64,1852884638.0,1852884638.0,18.02792639,21.9460703,1.65006175,-1.43836348,13.11526265,1.38472893
2023-09-13,12.4,-2.973395931142,22975769511.2,22975769511.2,1852884638.0,1852884638.0,17.49188476,21.29352674,1.60099888,-1.39559523,12.72529397,1.34355546
2023-09-14,12.27,-1.048387096774,22734894508.26,22734894508.26,1852884638.0,1852884638.0,17.3085021,21.07028815,1.58421421,-1.38096399,12.59188363,1.3294698
2023-09-15,12.34,0.570497147514,22864596432.92,22864596432.92,1852884638.0,1852884638.0,17.40724661,21.19049355,1.59325211,-1.38884235,12.66371997,1.33705438
2023-09-18,12.05,-2.350081037277,22327259887.9,22327259887.9,1852884638.0,1852884638.0,16.99816221,20.69249978,1.55580939,-1.35620343,12.36611228,1.30563252
2023-09-19,11.86,-1.576763485477,21975211806.68,21975211806.68,1852884638.0,1852884638.0,16.73014139,20.366228,1.53127796,-1.33481931,12.17112794,1.28504578
2023-09-20,11.8,-0.505902192243,21864038728.4,21864038728.4,1852884638.0,1852884638.0,16.64550324,20.2631948,1.52353119,-1.32806643,12.10955394,1.27854471
2023-09-21,11.81,0.084745762712,21882567574.78,21882567574.78,1852884638.0,1852884638.0,16.6596096,20.280367,1.52482232,-1.32919191,12.11981627,1.27962822
2023-09-22,12.17,3.048264182896,22549606044.46,22549606044.46,1852884638.0,1852884638.0,17.16743851,20.89856616,1.57130293,-1.36970919,12.48926029,1.31863467
2023-09-25,12.08,-0.739523418242,22382846427.04,22382846427.04,1852884638.0,1852884638.0,17.04048129,20.74401637,1.55968278,-1.35957987,12.39689929,1.30888306
2023-09-26,12.16,0.662251655629,22531077198.08,22531077198.08,1852884638.0,1852884638.0,17.15333216,20.88139397,1.5700118,-1.36858371,12.47899796,1.31755116
2023-09-27,12.17,0.082236842105,22549606044.46,22549606044.46,1852884638.0,1852884638.0,17.16743851,20.89856616,1.57130293,-1.36970919,12.48926029,1.31863467
2023-09-28,12.24,0.575184880855,22679307969.12,22679307969.12,1852884638.0,1852884638.0,17.26618302,21.01877156,1.58034083,-1.37758755,12.56109663,1.32621926
2023-10-09,12.26,0.16339869281,22716365661.88,22716365661.88,1852884638.0,1852884638.0,17.29439574,21.05311596,1.59038298,-1.37983851,12.58162129,1.32838628
2023-10-10,12.29,0.244698205546,22771952201.02,22771952201.02,1852884638.0,1852884638.0,17.33671482,21.10463255,1.59427461,-1.38321495,12.6124083,1.33163682
2023-10-11,12.39,0.813669650122,22957240664.82,22957240664.82,1852884638.0,1852884638.0,17.4777784,21.27635454,1.60724674,-1.39446975,12.71503163,1.34247194
2023-10-12,12.39,0.0,22957240664.82,22957240664.82,1852884638.0,1852884638.0,17.4777784,21.27635454,1.60724674,-1.39446975,12.71503163,1.34247194
2023-10-13,12.27,-0.968523002421,22734894508.26,22734894508.26,1852884638.0,1852884638.0,17.3085021,21.07028815,1.59168019,-1.38096399,12.59188363,1.3294698
2023-10-16,12.21,-0.488997555012,22623721429.98,22623721429.98,1852884638.0,1852884638.0,17.22386395,20.96725496,1.58389691,-1.37421111,12.53030963,1.32296872
2023-10-17,12.25,0.3276003276,22697836815.5,22697836815.5,1852884638.0,1852884638.0,17.28028938,21.03594376,1.58908576,-1.37871303,12.57135896,1.32730277
2023-10-18,12.08,-1.387755102041,22382846427.04,22382846427.04,1852884638.0,1852884638.0,17.04048129,20.74401637,1.56703314,-1.35957987,12.39689929,1.30888306
2023-10-19,11.93,-1.241721854305,22104913731.34,22104913731.34,1852884638.0,1852884638.0,16.82888591,20.48643339,1.54757495,-1.34269767,12.24296428,1.29263037
2023-10-20,11.58,-2.933780385583,21456404108.04,21456404108.04,1852884638.0,1852884638.0,16.33516335,19.88540642,1.5021725,-1.30330587,11.88378259,1.25470744
2023-10-23,11.19,-3.367875647668,20733779099.22,20733779099.22,1852884638.0,1852884638.0,15.78501536,19.21569066,1.4515812,-1.25941215,11.48355157,1.21245045
2023-10-24,11.36,1.519213583557,21048769487.68,21048769487.68,1852884638.0,1852884638.0,16.02482346,19.50761805,1.47363382,-1.27854531,11.65801125,1.23087016
2023-10-25,11.67,2.728873239437,21623163725.46,21623163725.46,1852884638.0,1852884638.0,16.46212058,20.03995622,1.51384742,-1.31343519,11.9761436,1.26445905
2023-10-26,11.79,1.028277634961,21845509882.02,21845509882.02,1852884638.0,1852884638.0,16.63139688,20.2460226,1.52941397,-1.32694095,12.0992916,1.2774612
2023-10-27,11.76,-0.254452926209,21789923342.88,21789923342.88,1852884638.0,1852884638.0,16.58907781,20.19450601,1.52552233,-1.32356451,12.0685046,1.27421066
2023-10-30,12.0,2.040816326531,22234615656.0,22234615656.0,1852884638.0,1852884638.0,16.92763042,20.60663878,1.55665544,-1.35057603,12.31480061,1.30021496
2023-10-31,11.09,-7.583333333333,20548490635.42,20548490635.42,1852884638.0,1852884638.0,17.40858371,19.04396867,1.43860907,-1.24815735,15.58239315,1.27923696
2023-11-01,10.89,-1.80342651037,20177913707.82,20177913707.82,1852884638.0,1852884638.0,17.0946327,18.70052469,1.41266481,-1.22564775,15.30137614,1.25616686
2023-11-02,10.87,-0.183654729109,20140856015.06,20140856015.06,1852884638.0,1852884638.0,17.06323759,18.6661803,1.41007039,-1.22339679,15.27327444,1.25385985
2023-11-03,11.19,2.94388224471,20733779099.22,20733779099.22,1852884638.0,1852884638.0,17.56555922,19.21569066,1.4515812,-1.25941215,15.72290165,1.29077201
2023-11-06,11.34,1.340482573727,21011711794.92,21011711794.92,1852884638.0,1852884638.0,17.80102248,19.47327365,1.47103939,-1.27629435,15.93366441,1.30807458
2023-11-07,11.38,0.352733686067,21085827180.44,21085827180.44,1852884638.0,1852884638.0,17.86381268,19.54196244,1.47622824,-1.28079627,15.98986781,1.3126886
2023-11-08,11.39,0.087873462214,21104356026.82,21104356026.82,1852884638.0,1852884638.0,17.87951023,19.55913464,1.47752546,-1.28192175,16.00391866,1.31384211
2023-11-09,11.33,-0.526777875329,20993182948.54,20993182948.54,1852884638.0,1852884638.0,17.78532493,19.45610145,1.46974218,-1.27516887,15.91961356,1.30692108
2023-11-10,11.19,-1.235657546337,20733779099.22,20733779099.22,1852884638.0,1852884638.0,17.56555922,19.21569066,1.4515812,-1.25941215,15.72290165,1.29077201
2023-11-13,11.51,2.859696157283,21326702183.38,21326702183.38,1852884638.0,1852884638.0,18.06788084,19.76520103,1.49309201,-1.29542751,16.17252886,1.32768417
2023-11-14,11.64,1.12945264987,21567577186.32,21567577186.32,1852884638.0,1852884638.0,18.271949,19.98843962,1.50995578,-1.31005875,16.35518992,1.34267973
2023-11-15,11.64,0.0,21567577186.32,21567577186.32,1852884638.0,1852884638.0,18.271949,19.98843962,1.50995578,-1.31005875,16.35518992,1.34267973
2023-11-16,11.64,0.0,21567577186.32,21567577186.32,1852884638.0,1852884638.0,18.271949,19.98843962,1.50995578,-1.31005875,16.35518992,1.34267973
2023-11-17,11.61,-0.257731958763,21511990647.18,21511990647.18,1852884638.0,1852884638.0,18.22485634,19.93692302,1.50606414,-1.30668231,16.31303737,1.33921921
2023-11-20,11.76,1.291989664083,21789923342.88,21789923342.88,1852884638.0,1852884638.0,18.4603196,20.19450601,1.52552233,-1.32356451,16.52380013,1.35652179
2023-11-21,11.65,-0.93537414966,21586106032.7,21586106032.7,1852884638.0,1852884638.0,18.28764655,20.00561182,1.51125299,-1.31118423,16.36924077,1.34383323
2023-11-22,11.53,-1.030042918455,21363759876.14,21363759876.14,1852884638.0,1852884638.0,18.09927594,19.79954543,1.49568644,-1.29767847,16.20063057,1.32999118
2023-11-23,11.6,0.607111882047,21493461800.8,21493461800.8,1852884638.0,1852884638.0,18.20915879,19.91975082,1.50476693,-1.30555683,16.29898652,1.33806571
2023-11-24,11.39,-1.810344827586,21104356026.82,21104356026.82,1852884638.0,1852884638.0,17.87951023,19.55913464,1.47752546,-1.28192175,16.00391866,1.31384211
2023-11-27,11.3,-0.790166812994,20937596409.4,20937596409.4,1852884638.0,1852884638.0,17.73823227,19.40458485,1.46585054,-1.27179243,15.87746101,1.30346056
2023-11-28,11.3,0.0,20937596409.4,20937596409.4,1852884638.0,1852884638.0,17.73823227,19.40458485,1.46585054,-1.27179243,15.87746101,1.30346056
2023-11-29,11.2,-0.884955752212,20752307945.6,20752307945.6,1852884638.0,1852884638.0,17.58125677,19.23286286,1.45287841,-1.26053763,15.7369525,1.29192551
2023-11-30,11.07,-1.160714285714,20511432942.66,20511432942.66,1852884638.0,1852884638.0,17.37718861,19.00962428,1.43601464,-1.24590639,15.55429145,1.27692995
2023-12-01,11.43,3.252032520325,21178471412.34,21178471412.34,1852884638.0,1852884638.0,17.94230043,19.62782344,1.48271431,-1.28642367,16.06012206,1.31845613
2023-12-04,11.55,1.049868766404,21400817568.9,21400817568.9,1852884638.0,1852884638.0,18.13067104,19.83388983,1.49828086,-1.29992943,16.22873227,1.33229819
2023-12-05,11.22,-2.857142857143,20789365638.36,20789365638.36,1852884638.0,1852884638.0,17.61265187,19.26720726,1.45547284,-1.26278859,15.7650542,1.29423252
2023-12-06,11.15,-0.623885918004,20659663713.7,20659663713.7,1852884638.0,1852884638.0,17.50276901,19.14700187,1.44639235,-1.25491023,15.66669825,1.28615799
2023-12-07,11.14,-0.089686098655,20641134867.32,20641134867.32,1852884638.0,1852884638.0,17.48707146,19.12982967,1.44509513,-1.25378475,15.6526474,1.28500448
2023-12-08,11.36,1.97486535009,21048769487.68,21048769487.68,1852884638.0,1852884638.0,17.83241758,19.50761805,1.47363382,-1.27854531,15.96176611,1.31038159
2023-12-11,11.49,1.144366197183,21289644490.62,21289644490.62,1852884638.0,1852884638.0,18.03648574,19.73085663,1.49049758,-1.29317655,16.14442716,1.32537716
2023-12-12,11.5,0.087032201915,21308173337.0,21308173337.0,1852884638.0,1852884638.0,18.05218329,19.74802883,1.4917948,-1.29430203,16.15847801,1.32653066
2023-12-13,11.36,-1.217391304348,21048769487.68,21048769487.68,1852884638.0,1852884638.0,17.83241758,19.50761805,1.47363382,-1.27854531,15.96176611,1.31038159
2023-12-14,11.31,-0.44014084507,20956125255.78,20956125255.78,1852884638.0,1852884638.0,17.75392982,19.42175705,1.46714775,-1.27291791,15.89151186,1.30461407
2023-12-15,11.2,-0.972590627763,20752307945.6,20752307945.6,1852884638.0,1852884638.0,17.58125677,19.23286286,1.45287841,-1.26053763,15.7369525,1.29192551
2023-12-18,11.03,-1.517857142857,20437317557.14,20437317557.14,1852884638.0,1852884638.0,17.3143984,18.94093548,1.43082579,-1.24140447,15.49808804,1.27231593
2023-12-19,10.98,-0.453309156845,20344673325.24,20344673325.24,1852884638.0,1852884638.0,17.23591065,18.85507449,1.42433973,-1.23577707,15.42783379,1.2665484
2023-12-20,10.66,-2.914389799636,19751750241.08,19751750241.08,1852884638.0,1852884638.0,16.73358903,18.30556412,1.38282892,-1.19976171,14.97820658,1.22963625
2023-12-21,10.71,0.46904315197,19844394472.98,19844394472.98,1852884638.0,1852884638.0,16.81207678,18.39142511,1.38931498,-1.20538911,15.04846083,1.23540377
2023-12-22,10.47,-2.240896358543,19399702159.86,19399702159.86,1852884638.0,1852884638.0,16.43533557,17.97929234,1.35818187,-1.17837759,14.71124042,1.20771965
2023-12-25,10.43,-0.382043935053,19325586774.34,19325586774.34,1852884638.0,1852884638.0,16.37254536,17.91060354,1.35299302,-1.17387567,14.65503702,1.20310563
2023-12-26,10.19,-2.301054650048,18880894461.22,18880894461.22,1852884638.0,1852884638.0,15.99580415,17.49847077,1.32185991,-1.14686415,14.31781661,1.17542152
2023-12-27,10.24,0.490677134446,18973538693.12,18973538693.12,1852884638.0,1852884638.0,16.0742919,17.58433176,1.32834598,-1.15249155,14.38807086,1.18118904
2023-12-28,10.48,2.34375,19418231006.24,19418231006.24,1852884638.0,1852884638.0,16.45103312,17.99646454,1.35947909,-1.17950307,14.72529127,1.20887316
2023-12-29,10.64,1.526717557252,19714692548.32,19714692548.32,1852884638.0,1852884638.0,16.70219393,18.27121972,1.38023449,-1.19751075,14.95010488,1.22732924
2024-01-02,10.52,-1.127819548872,19492346391.76,19492346391.76,1852884638.0,1852884638.0,16.51382332,96.15625531,1.38738424,-13.26093658,14.78149467,1.21348718
2024-01-03,10.39,-1.235741444867,19251471388.82,19251471388.82,1852884638.0,1852884638.0,16.30975516,94.96801261,1.37023976,-13.09706569,14.59883361,1.19849161
2024-01-04,10.3,-0.866217516843,19084711771.4,19084711771.4,1852884638.0,1852884638.0,16.1684772,94.14538305,1.3583705,-12.98361662,14.47237596,1.18811007
2024-01-05,10.1,-1.941747572816,18714134843.8,18714134843.8,1852884638.0,1852884638.0,15.85452619,92.31731736,1.33199437,-12.73150756,14.19135895,1.16503997
2024-01-08,9.81,-2.871287128713,18176798298.78,18176798298.78,1852884638.0,1852884638.0,15.39929722,89.66662211,1.29374899,-12.36594942,13.78388429,1.13158833
2024-01-09,9.85,0.407747196738,18250913684.3,18250913684.3,1852884638.0,1852884638.0,15.46208742,90.03223525,1.29902422,-12.41637123,13.84008769,1.13620235
2024-01-10,9.7,-1.522842639594,17972980988.6,17972980988.6,1852884638.0,1852884638.0,15.22662416,88.66118598,1.27924212,-12.22728943,13.62932493,1.11889977
2024-01-11,9.91,2.164948453608,18362086762.58,18362086762.58,1852884638.0,1852884638.0,15.55627273,90.58065496,1.30693705,-12.49200395,13.92439279,1.14312338
2024-01-12,9.84,-0.706357214934,18232384837.92,18232384837.92,1852884638.0,1852884638.0,15.44638987,89.94083197,1.29770541,-12.40376578,13.82603684,1.13504884
2024-01-15,9.78,-0.609756097561,18121211759.64,18121211759.64,1852884638.0,1852884638.0,15.35220457,89.39241226,1.28979257,-12.32813306,13.74173174,1.12812781
2024-01-16,9.72,-0.613496932515,18010038681.36,18010038681.36,1852884638.0,1852884638.0,15.25801926,88.84399255,1.28187973,-12.25250034,13.65742663,1.12120678
2024-01-17,9.56,-1.646090534979,17713577139.28,17713577139.28,1852884638.0,1852884638.0,15.00685845,87.38154,1.26077883,-12.05081309,13.43261303,1.10275071
2024-01-18,9.54,-0.209205020921,17676519446.52,17676519446.52,1852884638.0,1852884638.0,14.97546335,87.19873343,1.25814122,-12.02560219,13.40451133,1.1004437
2024-01-19,9.37,-1.781970649895,17361529058.06,17361529058.06,1852884638.0,1852884638.0,14.70860499,85.64487759,1.23572151,-11.81130948,13.16564687,1.08083411
2024-01-22,8.88,-5.229455709712,16453615585.44,16453615585.44,1852884638.0,1852884638.0,13.93942501,81.16611665,1.1711,-11.19364229,12.4771552,1.02431237
2024-01-23,9.12,2.702702702703,16898307898.56,16898307898.56,1852884638.0,1852884638.0,14.31616622,83.35979548,1.20275136,-11.49617316,12.81437561,1.05199649
2024-01-24,9.35,2.521929824561,17324471365.3,17324471365.3,1852884638.0,1852884638.0,14.67720989,85.46207102,1.2330839,-11.78609858,13.13754517,1.0785271
2024-01-25,9.82,5.026737967914,18195327145.16,18195327145.16,1852884638.0,1852884638.0,15.41499477,89.7580254,1.2950678,-12.37855487,13.79793514,1.13274183
2024-01-26,9.82,0.0,18195327145.16,18195327145.16,1852884638.0,1852884638.0,15.41499477,89.7580254,1.2950678,-12.37855487,13.79793514,1.13274183
2024-01-29,9.67,-1.52749490835,17917394449.46,17917394449.46,1852884638.0,1852884638.0,15.17953151,88.38697613,1.2752857,-12.18947308,13.58717238,1.11543926
2024-01-30,9.45,-2.275077559462,17509759829.1,17509759829.1,1852884638.0,1852884638.0,14.8341854,86.37610387,1.24627196,-11.91215311,13.27805367,1.09006215
2024-01-31,8.65,-8.465608465608,16027452118.7,16027452118.7,1852884638.0,1852884638.0,13.57838134,79.06384111,1.14076746,-10.90371687,12.15398564,0.99778176
2024-02-01,8.81,1.849710982659,16323913660.78,16323913660.78,1852884638.0,1852884638.0,13.82954215,80.52629366,1.16186836,-11.10540412,12.37879924,1.01623784
2024-02-02,8.44,-4.199772985244,15638346344.72,15638346344.72,1852884638.0,1852884638.0,13.24873278,77.14437213,1.11307253,-10.63900235,11.85891778,0.97355815
2024-02-05,8.11,-3.909952606635,15026894414.18,15026894414.18,1852884638.0,1852884638.0,12.7307136,74.12806374,1.06955192,-10.2230224,11.39523971,0.93549249
2024-02-06,8.69,7.151664611591,16101567504.22,16101567504.22,1852884638.0,1852884638.0,13.64117154,79.42945425,1.14604268,-10.95413868,12.21018904,1.00239578
2024-02-07,9.45,8.745684695052,17509759829.1,17509759829.1,1852884638.0,1852884638.0,14.8341854,86.37610387,1.24627196,-11.91215311,13.27805367,1.09006215
2024-02-08,9.6,1.587301587302,17787692524.8,17787692524.8,1852884638.0,1852884638.0,15.06964866,87.74715314,1.26605406,-12.1012349,13.48881643,1.10736473
2024-02-19,9.52,-0.833333333333,17639461753.76,17639461753.76,1852884638.0,1852884638.0,14.94406825,87.01592686,1.25550361,-12.00039128,13.37640963,1.09813669
2024-02-20,9.51,-0.105042016807,17620932907.38,17620932907.38,1852884638.0,1852884638.0,14.9283707,86.92452358,1.2541848,-11.98778583,13.36235878,1.09698318
2024-02-21,9.52,0.105152471083,17639461753.76,17639461753.76,1852884638.0,1852884638.0,14.94406825,87.01592686,1.25550361,-12.00039128,13.37640963,1.09813669
2024-02-22,9.81,3.046218487395,18176798298.78,18176798298.78,1852884638.0,1852884638.0,15.39929722,89.66662211,1.29374899,-12.36594942,13.78388429,1.13158833
2024-02-23,9.92,1.12130479103,18380615608.96,18380615608.96,1852884638.0,1852884638.0,15.57197028,90.67205824,1.30825586,-12.5046094,13.93844364,1.14427688
2024-02-26,9.96,0.403225806452,18454730994.48,18454730994.48,1852884638.0,1852884638.0,15.63476048,91.03767138,1.31353109,-12.55503121,13.99464705,1.1488909
2024-02-27,10.26,3.012048192771,19010596385.88,19010596385.88,1852884638.0,1852884638.0,16.105687,93.77976992,1.35309527,-12.9331948,14.41617256,1.18349605
2024-02-28,9.82,-4.288499025341,18195327145.16,18195327145.16,1852884638.0,1852884638.0,15.41499477,89.7580254,1.2950678,-12.37855487,13.79793514,1.13274183
2024-02-29,10.25,4.378818737271,18992067539.5,18992067539.5,1852884638.0,1852884638.0,16.08998945,93.68836663,1.35177647,-12.92058935,14.40212171,1.18234255
2024-03-01,10.5,2.439024390244,19455288699.0,19455288699.0,1852884638.0,1852884638.0,16.48242822,95.97344874,1.38474663,-13.23572568,14.75339297,1.21118017
2024-03-04,10.39,-1.047619047619,19251471388.82,19251471388.82,1852884638.0,1852884638.0,16.30975516,94.96801261,1.37023976,-13.09706569,14.59883361,1.19849161
2024-03-05,10.25,-1.347449470645,18992067539.5,18992067539.5,1852884638.0,1852884638.0,16.08998945,93.68836663,1.35177647,-12.92058935,14.40212171,1.18234255
2024-03-06,10.21,-0.390243902439,18917952153.98,18917952153.98,1852884638.0,1852884638.0,16.02719925,93.32275349,1.34650124,-12.87016754,14.34591831,1.17772853
2024-03-07,9.91,-2.938295788443,18362086762.58,18362086762.58,1852884638.0,1852884638.0,15.55627273,90.58065496,1.30693705,-12.49200395,13.92439279,1.14312338
2024-03-08,10.01,1.009081735621,18547375226.38,18547375226.38,1852884638.0,1852884638.0,15.71324823,91.4946878,1.32012512,-12.61805848,14.0649013,1.15465843
2024-03-11,10.13,1.198801198801,18769721382.94,18769721382.94,1852884638.0,1852884638.0,15.90161884,92.59152722,1.33595079,-12.76932391,14.2335115,1.16850049
2024-03-12,10.11,-0.197433366239,18732663690.18,18732663690.18,1852884638.0,1852884638.0,15.87022374,92.40872065,1.33331318,-12.74411301,14.2054098,1.16619348
2024-03-13,10.28,1.681503461919,19047654078.64,19047654078.64,1852884638.0,1852884638.0,16.1370821,93.96257648,1.35573289,-12.95840571,14.44427426,1.18580306
2024-03-14,10.04,-2.334630350195,18602961765.52,18602961765.52,1852884638.0,1852884638.0,15.76034089,91.76889766,1.32408154,-12.65587484,14.10705385,1.15811894
2024-03-15,10.09,0.498007968127,18695605997.42,18695605997.42,1852884638.0,1852884638.0,15.83882864,92.22591408,1.33067557,-12.7189021,14.1773081,1.16388647
2024-03-18,10.15,0.594648166501,18806779075.7,18806779075.7,1852884638.0,1852884638.0,15.93301394,92.77433379,1.33858841,-12.79453482,14.2616132,1.1708075
2024-03-19,10.0,-1.477832512315,18528846380.0,18528846380.0,1852884638.0,1852884638.0,15.69755068,91.40328452,1.31880631,-12.60545303,14.05085045,1.15350492
2024-03-20,10.12,1.2,18751192536.56,18751192536.56,1852884638.0,1852884638.0,15.88592129,92.50012393,1.33463199,-12.75671846,14.21946065,1.16734698
2024-03-21,10.06,-0.592885375494,18640019458.28,18640019458.28,1852884638.0,1852884638.0,15.79173599,91.95170423,1.32671915,-12.68108574,14.13515555,1.16042595
2024-03-22,9.94,-1.192842942346,18417673301.72,18417673301.72,1852884638.0,1852884638.0,15.60336538,90.85486481,1.31089347,-12.52982031,13.96654534,1.14658389
2024-03-25,9.7,-2.414486921529,17972980988.6,17972980988.6,1852884638.0,1852884638.0,15.22662416,88.66118598,1.27924212,-12.22728943,13.62932493,1.11889977
2024-03-26,9.52,-1.855670103093,17639461753.76,17639461753.76,1852884638.0,1852884638.0,14.94406825,87.01592686,1.25550361,-12.00039128,13.37640963,1.09813669
2024-03-27,9.15,-3.886554621849,16953894437.7,16953894437.7,1852884638.0,1852884638.0,14.36325888,83.63400533,1.20670777,-11.53398952,12.85652816,1.055457
2024-03-28,9.49,3.715846994536,17583875214.62,17583875214.62,1852884638.0,1852884638.0,14.8969756,86.74171701,1.25154719,-11.96257492,13.33425707,1.09467617
2024-03-29,9.55,0.632244467861,17695048292.9,17695048292.9,1852884638.0,1852884638.0,14.9911609,87.29013671,1.25946003,-12.03820764,13.41856218,1.1015972
2024-04-01,9.75,2.094240837696,18065625220.5,18065625220.5,1852884638.0,1852884638.0,15.30511192,89.11820241,1.31404571,-12.2903167,13.69957919,1.1246673
2024-04-02,9.61,-1.435897435897,17806221371.18,17806221371.18,1852884638.0,1852884638.0,15.08534621,87.83855642,1.29517736,-12.11384036,13.50286728,1.10851823
2024-04-03,9.43,-1.873048907388,17472702136.34,17472702136.34,1852884638.0,1852884638.0,14.8027903,86.1932973,1.27091805,-11.8869422,13.24995197,1.08775514
2024-04-08,9.24,-2.014846235419,17120654055.12,17120654055.12,1852884638.0,1852884638.0,14.50453683,84.45663489,1.24531101,-11.6474386,12.98298581,1.06583855
2024-04-09,9.33,0.974025974026,17287413672.54,17287413672.54,1852884638.0,1852884638.0,14.64581479,85.27926446,1.25744066,-11.76088767,13.10944347,1.07622009
2024-04-10,9.16,-1.822079314041,16972423284.08,16972423284.08,1852884638.0,1852884638.0,14.37895643,83.72540862,1.23452909,-11.54659497,12.87057901,1.05661051
2024-04-11,9.08,-0.873362445415,16824192513.04,16824192513.04,1852884638.0,1852884638.0,14.25337602,82.99418234,1.22374718,-11.44575135,12.75817221,1.04738247
2024-04-12,8.99,-0.991189427313,16657432895.62,16657432895.62,1852884638.0,1852884638.0,14.11209807,82.17155278,1.21161753,-11.33230227,12.63171455,1.03700093
2024-04-15,9.06,0.778642936596,16787134820.28,16787134820.28,1852884638.0,1852884638.0,14.22198092,82.81137577,1.2210517,-11.42054044,12.73007051,1.04507546
2024-04-16,8.74,-3.532008830022,16194211736.12,16194211736.12,1852884638.0,1852884638.0,79.88647067,79.88647067,1.17792405,-11.01716594,18.5079928,1.2878283
2024-04-17,8.99,2.860411899314,16657432895.62,16657432895.62,1852884638.0,1852884638.0,82.17155278,82.17155278,1.21161753,-11.33230227,19.03739762,1.3246655
2024-04-18,8.96,-0.333704115684,16601846356.48,16601846356.48,1852884638.0,1852884638.0,81.89734293,81.89734293,1.20757431,-11.29448591,18.97386905,1.32024503
2024-04-19,8.89,-0.78125,16472144431.82,16472144431.82,1852884638.0,1852884638.0,81.25751994,81.25751994,1.19814014,-11.20624774,18.82563569,1.30993062
2024-04-22,8.97,0.899887514061,16620375202.86,16620375202.86,1852884638.0,1852884638.0,81.98874621,81.98874621,1.20892205,-11.30709136,18.99504524,1.32171852
2024-04-23,9.04,0.780379041249,16750077127.52,16750077127.52,1852884638.0,1852884638.0,82.6285692,82.6285692,1.21835622,-11.39532953,19.14327859,1.33203294
2024-04-24,9.2,1.769911504425,17046538669.6,17046538669.6,1852884638.0,1852884638.0,84.09102176,84.09102176,1.23992005,-11.59701678,19.48209768,1.35560874
2024-04-25,9.0,-2.173913043478,16675961742.0,16675961742.0,1852884638.0,1852884638.0,82.26295607,82.26295607,1.21296527,-11.34490772,19.05857382,1.32613899
2024-04-26,9.23,2.555555555556,17102125208.74,17102125208.74,1852884638.0,1852884638.0,84.36523161,84.36523161,1.24396327,-11.63483314,19.54562626,1.3600292
2024-04-29,9.43,2.16684723727,17472702136.34,17472702136.34,1852884638.0,1852884638.0,86.1932973,86.1932973,1.27091805,-11.8869422,19.96915012,1.38949896
2024-04-30,8.51,-9.756097560976,15768048269.38,15768048269.38,1852884638.0,1852884638.0,-46.26061484,77.78419512,1.14692605,-10.72724052,19.71452752,1.4894029
2024-05-06,8.61,1.17508813161,15953336733.18,15953336733.18,1852884638.0,1852884638.0,-46.80421784,78.69822797,1.16040344,-10.85329505,19.94619059,1.5069047
2024-05-07,8.6,-0.116144018583,15934807886.8,15934807886.8,1852884638.0,1852884638.0,-46.74985754,78.60682469,1.1590557,-10.8406896,19.92302429,1.50515452
2024-05-08,8.46,-1.627906976744,15675404037.48,15675404037.48,1852884638.0,1852884638.0,-45.98881335,77.3271787,1.14018735,-10.66421326,19.59869598,1.480652
2024-05-09,8.63,2.009456264775,15990394425.94,15990394425.94,1852884638.0,1852884638.0,-46.91293844,78.88103454,1.16309892,-10.87850596,19.99252321,1.51040506
2024-05-10,8.55,-0.926998841251,15842163654.9,15842163654.9,1852884638.0,1852884638.0,-46.47805604,78.14980826,1.152317,-10.77766234,19.80719275,1.49640362
2024-05-13,8.37,-2.105263157895,15508644420.06,15508644420.06,1852884638.0,1852884638.0,-45.49957065,76.50454914,1.1280577,-10.55076418,19.39019922,1.46490039
2024-05-14,8.39,0.238948626045,15545702112.82,15545702112.82,1852884638.0,1852884638.0,-45.60829125,76.68735571,1.13075318,-10.57597509,19.43653183,1.46840075
2024-05-15,8.29,-1.19189511323,15360413649.02,15360413649.02,1852884638.0,1852884638.0,-45.06468826,75.77332287,1.11727579,-10.44992056,19.20486876,1.45089895
2024-05-16,8.26,-0.361881785283,15304827109.88,15304827109.88,1852884638.0,1852884638.0,-44.90160736,75.49911301,1.11323257,-10.4121042,19.13536984,1.44564841
2024-05-17,8.37,1.331719128329,15508644420.06,15508644420.06,1852884638.0,1852884638.0,-45.49957065,76.50454914,1.1280577,-10.55076418,19.39019922,1.46490039
2024-05-20,8.42,0.597371565114,15601288651.96,15601288651.96,1852884638.0,1852884638.0,-45.77137215,76.96156556,1.13479639,-10.61379145,19.50603076,1.47365129
2024-05-21,8.34,-0.950118764846,15453057880.92,15453057880.92,1852884638.0,1852884638.0,-45.33648975,76.23033929,1.12401448,-10.51294782,19.3207003,1.45964985
2024-05-22,8.35,0.119904076739,15471586727.3,15471586727.3,1852884638.0,1852884638.0,-45.39085005,76.32174257,1.12536222,-10.52555328,19.3438666,1.46140003
2024-05-23,8.13,-2.634730538922,15063952106.94,15063952106.94,1852884638.0,1852884638.0,-44.19492346,74.31087031,1.09571196,-10.24823331,18.83420784,1.42289607
2024-05-24,8.06,-0.861008610086,14934250182.28,14934250182.28,1852884638.0,1852884638.0,-43.81440137,73.67104732,1.08627778,-10.15999514,18.67204369,1.41064482
2024-05-27,8.03,-0.372208436725,14878663643.14,14878663643.14,1852884638.0,1852884638.0,-43.65132047,73.39683747,1.08223457,-10.12217878,18.60254477,1.40539428
2024-05-28,7.94,-1.120797011208,14711904025.72,14711904025.72,1852884638.0,1852884638.0,-43.16207777,72.57420791,1.07010491,-10.0087297,18.394048,1.38964266
2024-05-29,7.86,-1.007556675063,14563673254.68,14563673254.68,1852884638.0,1852884638.0,-42.72719538,71.84298163,1.059323,-9.90788608,18.20871755,1.37564122
2024-05-30,7.91,0.636132315522,14656317486.58,14656317486.58,1852884638.0,1852884638.0,-42.99899688,72.29999805,1.0660617,-9.97091334,18.32454908,1.38439212
2024-05-31,8.03,1.517067003793,14878663643.14,14878663643.14,1852884638.0,1852884638.0,-43.65132047,73.39683747,1.08223457,-10.12217878,18.60254477,1.40539428
2024-06-03,7.84,-2.366127023661,14526615561.92,14526615561.92,1852884638.0,1852884638.0,-42.61847478,71.66017506,1.05662752,-9.88267517,18.16238493,1.37214086
2024-06-04,7.9,0.765306122449,14637788640.2,14637788640.2,1852884638.0,1852884638.0,-42.94463658,72.20859477,1.06471396,-9.95830789,18.30138278,1.38264194
2024-06-05,7.89,-0.126582278481,14619259793.82,14619259793.82,1852884638.0,1852884638.0,-42.89027628,72.11719148,1.06336622,-9.94570244,18.27821647,1.38089176
2024-06-06,7.61,-3.548795944233,14100452095.18,14100452095.18,1852884638.0,1852884638.0,-41.36818789,69.55789952,1.02562952,-9.59274975,17.62955986,1.33188673
2024-06-07,7.66,0.65703022339,14193096327.08,14193096327.08,1852884638.0,1852884638.0,-41.63998939,70.01491594,1.03236822,-9.65577702,17.7453914,1.34063763
2024-06-11,7.78,1.566579634465,14415442483.64,14415442483.64,1852884638.0,1852884638.0,-42.29231298,71.11175536,1.04854109,-9.80704245,18.02338709,1.36163979
2024-06-12,7.83,0.642673521851,14508086715.54,14508086715.54,1852884638.0,1852884638.0,-42.56411448,71.56877178,1.05527978,-9.87006972,18.13921862,1.37039068
2024-06-13,7.75,-1.021711366539,14359855944.5,14359855944.5,1852884638.0,1852884638.0,-42.12923208,70.8375455,1.04449787,-9.76922609,17.95388817,1.35638925
2024-06-14,7.69,-0.774193548387,14248682866.22,14248682866.22,1852884638.0,1852884638.0,-41.80307029,70.28912579,1.03641143,-9.69359338,17.81489032,1.34588817
2024-06-17,7.62,-0.910273081925,14118980941.56,14118980941.56,1852884638.0,1852884638.0,-41.42254819,69.6493028,1.02697726,-9.60535521,17.65272617,1.33363691
2024-06-18,7.79,2.230971128609,14433971330.02,14433971330.02,1852884638.0,1852884638.0,-42.34667328,71.20315864,1.04988883,-9.81964791,18.04655339,1.36338997
2024-06-19,7.85,0.770218228498,14545144408.3,14545144408.3,1852884638.0,1852884638.0,-42.67283508,71.75157835,1.05797526,-9.89528062,18.18555124,1.37389104
2024-06-20,7.58,-3.43949044586,14044865556.04,14044865556.04,1852884638.0,1852884638.0,-41.20510699,69.28368966,1.0215863,-9.55493339,17.56006094,1.32663619
2024-06-21,7.55,-0.395778364116,13989279016.9,13989279016.9,1852884638.0,1852884638.0,-41.0420261,69.00947981,1.01754309,-9.51711703,17.49056202,1.32138565
2024-06-24,7.29,-3.443708609272,13507529011.02,13507529011.02,1852884638.0,1852884638.0,-39.62865831,66.63299441,0.98250187,-9.18937526,16.88823803,1.27588098
2024-06-25,7.19,-0.964187327824,13322240547.22,13322240547.22,1852884638.0,1852884638.0,-39.08505531,65.71896157,0.96902447,-9.06332073,16.65657496,1.25837919
2024-06-26,7.51,4.450625869263,13915163631.38,13915163631.38,1852884638.0,1852884638.0,-40.8245849,68.64386667,1.01215213,-9.46669522,17.39789679,1.31438494
2024-06-27,7.54,0.399467376831,13970750170.52,13970750170.52,1852884638.0,1852884638.0,-40.9876658,68.91807653,1.01619535,-9.50451158,17.46739571,1.31963547
2024-06-28,7.36,-2.387267904509,13637230935.68,13637230935.68,1852884638.0,1852884638.0,-40.00918041,67.27281741,0.99193604,-9.27761343,17.05040218,1.28813224
2024-07-01,7.43,0.951086956522,13766932860.34,13766932860.34,1852884638.0,1852884638.0,-40.3897025,67.9126404,0.98933458,-9.3658516,17.21256633,1.3003835
2024-07-02,8.17,9.959623149394,15138067492.46,15138067492.46,1852884638.0,1852884638.0,-44.41236466,74.67648345,1.08786857,-10.29865512,18.92687307,1.42989679
2024-07-03,7.89,-3.427172582619,14619259793.82,14619259793.82,1852884638.0,1852884638.0,-42.89027628,72.11719148,1.05058544,-9.94570244,18.27821647,1.38089176
2024-07-04,7.59,-3.802281368821,14063394402.42,14063394402.42,1852884638.0,1852884638.0,-41.25946729,69.37509295,1.01063923,-9.56753885,17.58322725,1.32838637
2024-07-05,8.12,6.982872200264,15045423260.56,15045423260.56,1852884638.0,1852884638.0,-44.14056316,74.21946703,1.08121087,-10.23562786,18.81104154,1.4211459
2024-07-08,8.1,-0.246305418719,15008365567.8,15008365567.8,1852884638.0,1852884638.0,-44.03184257,74.03666046,1.07854779,-10.21041695,18.76470892,1.41764554
2024-07-09,8.24,1.728395061728,15267769417.12,15267769417.12,1852884638.0,1852884638.0,-44.79288676,75.31630644,1.09718936,-10.38689329,19.08903722,1.44214805
2024-07-10,7.96,-3.398058252427,14748961718.48,14748961718.48,1852884638.0,1852884638.0,-43.27079837,72.75701448,1.05990622,-10.03394061,18.44038062,1.39314302
2024-07-11,8.14,2.261306532663,15082480953.32,15082480953.32,1852884638.0,1852884638.0,-44.24928376,74.4022736,1.08387395,-10.26083876,18.85737415,1.42464625
2024-07-12,8.17,0.36855036855,15138067492.46,15138067492.46,1852884638.0,1852884638.0,-44.41236466,74.67648345,1.08786857,-10.29865512,18.92687307,1.42989679
2024-07-15,7.88,-3.549571603427,14600730947.44,14600730947.44,1852884638.0,1852884638.0,-42.83591598,72.0257882,1.0492539,-9.93309698,18.25505016,1.37914158
2024-07-16,7.88,0.0,14600730947.44,14600730947.44,1852884638.0,1852884638.0,-42.83591598,72.0257882,1.0492539,-9.93309698,18.25505016,1.37914158
2024-07-17,7.68,-2.53807106599,14230154019.84,14230154019.84,1852884638.0,1852884638.0,-41.74870999,70.19772251,1.02262309,-9.68098792,17.79172401,1.34413799
2024-07-18,7.71,0.390625,14285740558.98,14285740558.98,1852884638.0,1852884638.0,-41.91179089,70.47193236,1.02661771,-9.71880428,17.86122294,1.34938853
2024-07-19,7.73,0.259403372244,14322798251.74,14322798251.74,1852884638.0,1852884638.0,-42.02051149,70.65473893,1.02928079,-9.74401519,17.90755555,1.35288889
2024-07-22,7.73,0.0,14322798251.74,14322798251.74,1852884638.0,1852884638.0,-42.02051149,70.65473893,1.02928079,-9.74401519,17.90755555,1.35288889
2024-07-23,7.62,-1.423027166882,14118980941.56,14118980941.56,1852884638.0,1852884638.0,-41.42254819,69.6493028,1.01463385,-9.60535521,17.65272617,1.33363691
2024-07-24,7.46,-2.099737532808,13822519399.48,13822519399.48,1852884638.0,1852884638.0,-40.5527834,68.18685025,0.9933292,-9.40366796,17.28206525,1.30563404
2024-07-25,7.46,0.0,13822519399.48,13822519399.48,1852884638.0,1852884638.0,-40.5527834,68.18685025,0.9933292,-9.40366796,17.28206525,1.30563404
2024-07-26,7.66,2.680965147453,14193096327.08,14193096327.08,1852884638.0,1852884638.0,-41.63998939,70.01491594,1.01996001,-9.65577702,17.7453914,1.34063763
2024-07-29,7.86,2.610966057441,14563673254.68,14563673254.68,1852884638.0,1852884638.0,-42.72719538,71.84298163,1.04659082,-9.90788608,18.20871755,1.37564122
2024-07-30,7.87,0.127226463104,14582202101.06,14582202101.06,1852884638.0,1852884638.0,-42.78155568,71.93438492,1.04792236,-9.92049153,18.23188385,1.3773914
2024-07-31,8.16,3.684879288437,15119538646.08,15119538646.08,1852884638.0,1852884638.0,-44.35800436,74.58508017,1.08653703,-10.28604967,18.90370677,1.42814661
2024-08-01,8.41,3.063725490196,15582759805.58,15582759805.58,1852884638.0,1852884638.0,-45.71701185,76.87016228,1.11982554,-10.60118599,19.48286445,1.47190111
2024-08-02,8.18,-2.734839476813,15156596338.84,15156596338.84,1852884638.0,1852884638.0,-44.46672496,74.76788674,1.08920011,-10.31126057,18.95003938,1.43164697
2024-08-05,7.97,-2.567237163814,14767490564.86,14767490564.86,1852884638.0,1852884638.0,-43.32515867,72.84841776,1.06123776,-10.04654606,18.46354693,1.3948932
2024-08-06,8.2,2.88582183187,15193654031.6,15193654031.6,1852884638.0,1852884638.0,-44.57544556,74.9506933,1.09186319,-10.33647148,18.99637199,1.43514733
2024-08-07,8.27,0.853658536585,15323355956.26,15323355956.26,1852884638.0,1852884638.0,-44.95596766,75.5905163,1.10118398,-10.42470965,19.15853615,1.44739859
2024-08-08,8.14,-1.571946795647,15082480953.32,15082480953.32,1852884638.0,1852884638.0,-44.24928376,74.4022736,1.08387395,-10.26083876,18.85737415,1.42464625
2024-08-09,8.05,-1.105651105651,14915721335.9,14915721335.9,1852884638.0,1852884638.0,-43.76004107,73.57964404,1.07189009,-10.14738969,18.64887738,1.40889464
2024-08-12,8.0,-0.621118012422,14823077104.0,14823077104.0,1852884638.0,1852884638.0,-43.48823957,73.12262761,1.06523238,-10.08436242,18.53304585,1.40014374
2024-08-13,8.02,0.25,14860134796.76,14860134796.76,1852884638.0,1852884638.0,-43.59696017,73.30543418,1.06789547,-10.10957333,18.57937846,1.4036441
2024-08-14,7.85,-2.11970074813,14545144408.3,14545144408.3,1852884638.0,1852884638.0,-42.67283508,71.75157835,1.04525928,-9.89528062,18.18555124,1.37389104
2024-08-15,7.93,1.019108280255,14693375179.34,14693375179.34,1852884638.0,1852884638.0,-43.10771747,72.48280462,1.0559116,-9.99612425,18.3708817,1.38789248
2024-08-16,7.88,-0.63051702396,14600730947.44,14600730947.44,1852884638.0,1852884638.0,-42.83591598,72.0257882,1.0492539,-9.93309698,18.25505016,1.37914158
2024-08-19,7.9,0.253807106599,14637788640.2,14637788640.2,1852884638.0,1852884638.0,-42.94463658,72.20859477,1.05191698,-9.95830789,18.30138278,1.38264194
2024-08-20,7.72,-2.278481012658,14304269405.36,14304269405.36,1852884638.0,1852884638.0,-41.96615119,70.56333565,1.02794925,-9.73140974,17.88438924,1.35113871
2024-08-21,7.65,-0.906735751295,14174567480.7,14174567480.7,1852884638.0,1852884638.0,-41.58562909,69.92351266,1.01862847,-9.64317156,17.72222509,1.33888745
2024-08-22,7.58,-0.915032679739,14044865556.04,14044865556.04,1852884638.0,1852884638.0,-41.20510699,69.28368966,1.00930768,-9.55493339,17.56006094,1.32663619
2024-08-23,7.66,1.055408970976,14193096327.08,14193096327.08,1852884638.0,1852884638.0,-41.63998939,70.01491594,1.01996001,-9.65577702,17.7453914,1.34063763
2024-08-26,7.7,0.522193211488,14267211712.6,14267211712.6,1852884638.0,1852884638.0,-41.85743059,70.38052908,1.02528617,-9.70619883,17.83805663,1.34763835
2024-08-27,7.53,-2.207792207792,13952221324.14,13952221324.14,1852884638.0,1852884638.0,-40.9333055,68.82667324,1.00264998,-9.49190613,17.4442294,1.31788529
2024-08-28,7.59,0.796812749004,14063394402.42,14063394402.42,1852884638.0,1852884638.0,-41.25946729,69.37509295,1.01063923,-9.56753885,17.58322725,1.32838637
2024-08-29,7.7,1.449275362319,14267211712.6,14267211712.6,1852884638.0,1852884638.0,-41.85743059,70.38052908,1.02528617,-9.70619883,17.83805663,1.34763835
2024-08-30,7.84,1.818181818182,14526615561.92,14526615561.92,1852884638.0,1852884638.0,-42.61847478,71.66017506,1.04392774,-9.88267517,18.16238493,1.37214086
2024-09-02,7.86,0.255102040816,14563673254.68,14563673254.68,1852884638.0,1852884638.0,-36.98276464,71.84298163,1.04659082,-9.90788608,46.29159919,1.48497217
2024-09-03,8.01,1.908396946565,14841605950.38,14841605950.38,1852884638.0,1852884638.0,-37.68854259,73.2140309,1.06656393,-10.09696787,47.17502666,1.51331133
2024-09-04,7.99,-0.249687890137,14804548257.62,14804548257.62,1852884638.0,1852884638.0,-37.59443886,73.03122433,1.06390084,-10.07175697,47.05723633,1.50953277
2024-09-05,8.02,0.375469336671,14860134796.76,14860134796.76,1852884638.0,1852884638.0,-37.73559445,73.30543418,1.06789547,-10.10957333,47.23392182,1.51520061
2024-09-06,7.91,-1.371571072319,14656317486.58,14656317486.58,1852884638.0,1852884638.0,-37.21802396,72.29999805,1.05324852,-9.97091334,46.58607501,1.49441855
2024-09-09,7.92,0.126422250316,14674846332.96,14674846332.96,1852884638.0,1852884638.0,-37.26507582,72.39140134,1.05458006,-9.9835188,46.64497018,1.49630783
2024-09-10,8.09,2.146464646465,14989836721.42,14989836721.42,1852884638.0,1852884638.0,-38.0649575,73.94525718,1.07721625,-10.1978115,47.64618797,1.52842555
2024-09-11,8.04,-0.61804697157,14897192489.52,14897192489.52,1852884638.0,1852884638.0,-37.82969818,73.48824075,1.07055855,-10.13478423,47.35171215,1.51897916
2024-09-12,8.12,0.995024875622,15045423260.56,15045423260.56,1852884638.0,1852884638.0,-38.20611309,74.21946703,1.08121087,-10.23562786,47.82287347,1.53409338
2024-09-13,8.14,0.246305418719,15082480953.32,15082480953.32,1852884638.0,1852884638.0,-38.30021681,74.4022736,1.08387395,-10.26083876,47.94066379,1.53787194
2024-09-18,8.17,0.36855036855,15138067492.46,15138067492.46,1852884638.0,1852884638.0,-38.4413724,74.67648345,1.08786857,-10.29865512,48.11734929,1.54353977
2024-09-19,8.25,0.979192166463,15286298263.5,15286298263.5,1852884638.0,1852884638.0,-38.81778731,75.40770973,1.0985209,-10.39949875,48.5885106,1.55865399
2024-09-20,8.28,0.363636363636,15341884802.64,15341884802.64,1852884638.0,1852884638.0,-38.9589429,75.68191958,1.10251552,-10.4373151,48.7651961,1.56432182
2024-09-23,8.42,1.690821256039,15601288651.96,15601288651.96,1852884638.0,1852884638.0,-39.61766899,76.96156556,1.12115709,-10.61379145,49.5897284,1.59077171
2024-09-24,8.46,0.475059382423,15675404037.48,15675404037.48,1852884638.0,1852884638.0,-39.80587644,77.3271787,1.12648325,-10.66421326,49.82530905,1.59832882
2024-09-25,8.59,1.536643026005,15916279040.42,15916279040.42,1852884638.0,1852884638.0,-40.41755067,78.5154214,1.14379327,-10.82808415,50.59094619,1.62288943
2024-09-26,8.87,3.25960419092,16435086739.06,16435086739.06,1852884638.0,1852884638.0,-41.73500284,81.07471337,1.18107641,-11.18103683,52.24001079,1.6757892
2024-09-27,9.21,3.833145434047,17065067515.98,17065067515.98,1852884638.0,1852884638.0,-43.3347662,84.18242504,1.22634878,-11.60962224,54.24244638,1.74002464
2024-09-30,10.01,8.686210640608,18547375226.38,18547375226.38,1852884638.0,1852884638.0,-47.09891527,91.4946878,1.32815703,-12.61805848,58.95405953,1.89116684
2024-10-08,10.73,7.192807192807,19881452165.74,19881452165.74,1852884638.0,1852884638.0,-50.48664944,98.07572429,1.4236888,-13.5256511,63.19451137,2.02719483
2024-10-09,10.0,-6.803355079217,18528846380.0,18528846380.0,1852884638.0,1852884638.0,-47.05186341,91.40328452,1.3268302,-12.60545303,58.89516437,1.88927756
2024-10-10,9.92,-0.8,18380615608.96,18380615608.96,1852884638.0,1852884638.0,-46.6754485,90.67205824,1.31621556,-12.5046094,58.42400305,1.87416334
2024-10-11,9.58,-3.427419354839,17750634832.04,17750634832.04,1852884638.0,1852884638.0,-45.07568514,87.56434657,1.27110333,-12.076024,56.42156746,1.80992791
2024-10-14,9.98,4.175365344468,18491788687.24,18491788687.24,1852884638.0,1852884638.0,-46.95775968,91.22047795,1.32417654,-12.58024212,58.77737404,1.88549901
2024-10-15,9.71,-2.705410821643,17991509834.98,17991509834.98,1852884638.0,1852884638.0,-45.68735937,88.75258927,1.28835212,-12.23989489,57.1872046,1.83448851
2024-10-16,9.72,0.10298661174,18010038681.36,18010038681.36,1852884638.0,1852884638.0,-45.73441123,88.84399255,1.28967895,-12.25250034,57.24609976,1.83637779
2024-10-17,9.67,-0.514403292181,17917394449.46,17917394449.46,1852884638.0,1852884638.0,-45.49915191,88.38697613,1.2830448,-12.18947308,56.95162394,1.8269314
2024-10-18,9.84,1.758014477766,18232384837.92,18232384837.92,1852884638.0,1852884638.0,-46.29903359,89.94083197,1.30560092,-12.40376578,57.95284174,1.85904912
2024-10-21,9.98,1.422764227642,18491788687.24,18491788687.24,1852884638.0,1852884638.0,-46.95775968,91.22047795,1.32417654,-12.58024212,58.77737404,1.88549901
2024-10-22,9.81,-1.703406813627,18176798298.78,18176798298.78,1852884638.0,1852884638.0,-46.157878,89.66662211,1.30162043,-12.36594942,57.77615624,1.85338129
2024-10-23,9.96,1.529051987768,18454730994.48,18454730994.48,1852884638.0,1852884638.0,-46.86365595,91.03767138,1.32152288,-12.55503121,58.65958371,1.88172045
2024-10-24,9.84,-1.204819277108,18232384837.92,18232384837.92,1852884638.0,1852884638.0,-46.29903359,89.94083197,1.30560092,-12.40376578,57.95284174,1.85904912
2024-10-25,9.87,0.30487804878,18287971377.06,18287971377.06,1852884638.0,1852884638.0,-46.44018918,90.21504182,1.30958141,-12.44158214,58.12952723,1.86471696
2024-10-28,10.06,1.925025329281,18640019458.28,18640019458.28,1852884638.0,1852884638.0,-47.33417459,91.95170423,1.33479118,-12.68108574,59.24853535,1.90061323
2024-10-29,10.17,1.093439363817,18843836768.46,18843836768.46,1852884638.0,1852884638.0,-47.85174509,92.95714035,1.34938631,-12.81974573,59.89638216,1.92139528
2024-10-30,10.33,1.5732546706,19140298310.54,19140298310.54,1852884638.0,1852884638.0,-48.6045749,94.41959291,1.3706156,-13.02143298,60.83870479,1.95162372
2024-10-31,10.18,-1.452081316554,18862365614.84,18862365614.84,1852884638.0,1852884638.0,-67.91085601,93.04854364,1.35071314,-12.83235118,34.76147034,2.26947652
2024-11-01,9.65,-5.206286836935,17880336756.7,17880336756.7,1852884638.0,1852884638.0,-64.37522206,88.20416956,1.28039114,-12.16426217,32.95168848,2.15132106
2024-11-04,9.89,2.487046632124,18325029069.82,18325029069.82,1852884638.0,1852884638.0,-65.97626385,90.39784839,1.31223507,-12.46679304,33.77121234,2.20482542
2024-11-05,10.23,3.437815975733,18955009846.74,18955009846.74,1852884638.0,1852884638.0,-68.24440639,93.50556006,1.35734729,-12.89537844,34.93220448,2.28062326
2024-11-06,10.33,0.977517106549,19140298310.54,19140298310.54,1852884638.0,1852884638.0,-68.91150713,94.41959291,1.3706156,-13.02143298,35.27367275,2.30291674
2024-11-07,10.41,0.774443368829,19288529081.58,19288529081.58,1852884638.0,1852884638.0,-69.44518773,95.15081918,1.38123024,-13.1222766,35.54684737,2.32075153
2024-11-08,10.54,1.248799231508,19529404084.52,19529404084.52,1852884638.0,1852884638.0,-70.3124187,96.33906188,1.39847903,-13.28614749,35.99075613,2.34973305
2024-11-11,10.86,3.03605313093,20122327168.68,20122327168.68,1852884638.0,1852884638.0,-72.44714109,99.26396699,1.4409376,-13.68952199,37.08345461,2.4210722
2024-11-12,10.72,-1.289134438306,19862923319.36,19862923319.36,1852884638.0,1852884638.0,-71.51320004,97.984321,1.42236197,-13.51304564,36.60539902,2.38986132
2024-11-13,10.66,-0.559701492537,19751750241.08,19751750241.08,1852884638.0,1852884638.0,-71.1129396,97.4359013,1.41440099,-13.43741292,36.40051806,2.37648523
2024-11-14,10.3,-3.377110694184,19084711771.4,19084711771.4,1852884638.0,1852884638.0,-68.71137691,94.14538305,1.36663511,-12.98361662,35.17123227,2.29622869
2024-11-15,10.12,-1.747572815534,18751192536.56,18751192536.56,1852884638.0,1852884638.0,-67.51059556,92.50012393,1.34275216,-12.75671846,34.55658937,2.25610043
2024-11-18,9.83,-2.865612648221,18213855991.54,18213855991.54,1852884638.0,1852884638.0,-65.5760034,89.84942868,1.30427409,-12.39116032,33.56633138,2.19144933
2024-11-19,9.92,0.915564598169,18380615608.96,18380615608.96,1852884638.0,1852884638.0,-66.17639407,90.67205824,1.31621556,-12.5046094,33.87365283,2.21151346
2024-11-20,10.05,1.310483870968,18621490611.9,18621490611.9,1852884638.0,1852884638.0,-67.04362504,91.86030094,1.33346435,-12.66848029,34.31756158,2.24049499
2024-11-21,9.97,-0.796019900498,18473259840.86,18473259840.86,1852884638.0,1852884638.0,-66.50994444,91.12907466,1.32284971,-12.56763667,34.04438696,2.2226602
2024-11-22,9.64,-3.309929789368,17861807910.32,17861807910.32,1852884638.0,1852884638.0,-64.30851198,88.11276628,1.27906431,-12.15165672,32.91754166,2.14909171
2024-11-25,9.76,1.244813278008,18084154066.88,18084154066.88,1852884638.0,1852884638.0,-65.10903288,89.20960569,1.29498628,-12.30292215,33.32730359,2.17584389
2024-11-26,9.68,-0.819672131148,17935923295.84,17935923295.84,1852884638.0,1852884638.0,-64.57535228,88.47837941,1.28437163,-12.20207853,33.05412897,2.1580091
2024-11-27,9.76,0.826446280992,18084154066.88,18084154066.88,1852884638.0,1852884638.0,-65.10903288,89.20960569,1.29498628,-12.30292215,33.32730359,2.17584389
2024-11-28,9.85,0.922131147541,18250913684.3,18250913684.3,1852884638.0,1852884638.0,-65.70942355,90.03223525,1.30692775,-12.41637123,33.63462503,2.19590802
2024-11-29,9.97,1.218274111675,18473259840.86,18473259840.86,1852884638.0,1852884638.0,-66.50994444,91.12907466,1.32284971,-12.56763667,34.04438696,2.2226602
2024-12-02,10.12,1.504513540622,18751192536.56,18751192536.56,1852884638.0,1852884638.0,-67.51059556,92.50012393,1.34275216,-12.75671846,34.55658937,2.25610043
2024-12-03,10.19,0.691699604743,18880894461.22,18880894461.22,1852884638.0,1852884638.0,-67.97756609,93.13994692,1.35203997,-12.84495663,34.79561717,2.27170586
2024-12-04,9.99,-1.962708537782,18510317533.62,18510317533.62,1852884638.0,1852884638.0,-66.64336459,91.31188123,1.32550337,-12.59284757,34.11268062,2.2271189
2024-12-05,10.07,0.800800800801,18658548304.66,18658548304.66,1852884638.0,1852884638.0,-67.17704519,92.04310751,1.33611801,-12.6936912,34.38585524,2.24495368
2024-12-06,10.27,1.986097318769,19029125232.26,19029125232.26,1852884638.0,1852884638.0,-68.51124668,93.8711732,1.36265462,-12.94580026,35.06879179,2.28954065
2024-12-09,10.13,-1.363193768257,18769721382.94,18769721382.94,1852884638.0,1852884638.0,-67.57730564,92.59152722,1.34407899,-12.76932391,34.5907362,2.25832977
2024-12-10,10.24,1.085883514314,18973538693.12,18973538693.12,1852884638.0,1852884638.0,-68.31111646,93.59696335,1.35867412,-12.9079839,34.9663513,2.2828526
2024-12-11,10.3,0.5859375,19084711771.4,19084711771.4,1852884638.0,1852884638.0,-68.71137691,94.14538305,1.36663511,-12.98361662,35.17123227,2.29622869
2024-12-12,10.33,0.291262135922,19140298310.54,19140298310.54,1852884638.0,1852884638.0,-68.91150713,94.41959291,1.3706156,-13.02143298,35.27367275,2.30291674
2024-12-13,10.11,-2.129719264279,18732663690.18,18732663690.18,1852884638.0,1852884638.0,-67.44388549,92.40872065,1.34142533,-12.74411301,34.52244255,2.25387108
2024-12-16,9.92,-1.879327398615,18380615608.96,18380615608.96,1852884638.0,1852884638.0,-66.17639407,90.67205824,1.31621556,-12.5046094,33.87365283,2.21151346
2024-12-17,9.73,-1.915322580645,18028567527.74,18028567527.74,1852884638.0,1852884638.0,-64.90890265,88.93539584,1.29100578,-12.26510579,33.2248631,2.16915584
2024-12-18,9.9,1.74717368962,18343557916.2,18343557916.2,1852884638.0,1852884638.0,-66.04297392,90.48925167,1.3135619,-12.47939849,33.80535917,2.20705476
2024-12-19,10.02,1.212121212121,18565904072.76,18565904072.76,1852884638.0,1852884638.0,-66.84349482,91.58609109,1.32948386,-12.63066393,34.2151211,2.23380694
2024-12-20,10.0,-0.199600798403,18528846380.0,18528846380.0,1852884638.0,1852884638.0,-66.71007467,91.40328452,1.3268302,-12.60545303,34.14682744,2.22934825
2024-12-23,9.63,-3.7,17843279063.94,17843279063.94,1852884638.0,1852884638.0,-64.24180191,88.02136299,1.27773748,-12.13905126,32.88339483,2.14686236
2024-12-24,9.64,0.103842159917,17861807910.32,17861807910.32,1852884638.0,1852884638.0,-64.30851198,88.11276628,1.27906431,-12.15165672,32.91754166,2.14909171
2024-12-25,9.42,-2.282157676349,17454173289.96,17454173289.96,1852884638.0,1852884638.0,-62.84089034,86.10189402,1.24987405,-11.87433675,32.16631145,2.10004605
2024-12-26,9.41,-0.106157112527,17435644443.58,17435644443.58,1852884638.0,1852884638.0,-62.77418026,86.01049073,1.24854722,-11.8617313,32.13216463,2.0978167
2024-12-27,9.51,1.062699256111,17620932907.38,17620932907.38,1852884638.0,1852884638.0,-63.44128101,86.92452358,1.26181552,-11.98778583,32.4736329,2.12011018
2024-12-30,9.47,-0.420609884332,17546817521.86,17546817521.86,1852884638.0,1852884638.0,-63.17444071,86.55891044,1.2565082,-11.93736401,32.33704559,2.11119279
2024-12-31,9.11,-3.801478352693,16879779052.18,16879779052.18,1852884638.0,1852884638.0,-60.77287802,1057.97482616,1.20534208,-11.48356771,31.1077598,2.03093625
2025-01-02,8.76,-3.84193194292,16231269428.88,16231269428.88,1852884638.0,1852884638.0,-58.43802541,1017.32815336,1.15903365,0.00456166,29.91262084,1.95290906
2025-01-03,8.5,-2.96803652968,15749519423.0,15749519423.0,1852884638.0,1852884638.0,-56.70356347,987.13348214,1.12463311,0.00442627,29.02480333,1.89494601
2025-01-06,8.4,-1.176470588235,15564230959.2,15564230959.2,1852884638.0,1852884638.0,-56.03646272,975.52014706,1.11140213,0.00437419,28.68333505,1.87265253
2025-01-07,8.49,1.071428571429,15730990576.62,15730990576.62,1852884638.0,1852884638.0,-56.63685339,985.97214864,1.12331001,0.00442106,28.9906565,1.89271666
2025-01-08,8.35,-1.648998822144,15471586727.3,15471586727.3,1852884638.0,1852884638.0,-55.70291235,969.71347952,1.10478665,0.00434815,28.51260092,1.86150579
2025-01-09,8.37,0.239520958084,15508644420.06,15508644420.06,1852884638.0,1852884638.0,-55.8363325,972.03614654,1.10743284,0.00435857,28.58089457,1.86596448
2025-01-10,8.26,-1.31421744325,15304827109.88,15304827109.88,1852884638.0,1852884638.0,-55.10252168,959.26147794,1.09287877,0.00430129,28.20527947,1.84144165
2025-01-13,8.3,0.484261501211,15378942495.4,15378942495.4,1852884638.0,1852884638.0,-55.36936197,963.90681198,1.09817116,0.00432212,28.34186678,1.85035904
2025-01-14,8.53,2.771084337349,15805105962.14,15805105962.14,1852884638.0,1852884638.0,-56.90369369,990.61748267,1.12860241,0.00444189,29.12724381,1.90163405
2025-01-15,8.47,-0.703399765533,15693932883.86,15693932883.86,1852884638.0,1852884638.0,-56.50343324,983.64948162,1.12066382,0.00441064,28.92236285,1.88825797
2025-01-16,8.48,0.118063754427,15712461730.24,15712461730.24,1852884638.0,1852884638.0,-56.57014332,984.81081513,1.12198692,0.00441585,28.95650967,1.89048731
2025-01-17,8.51,0.353773584906,15768048269.38,15768048269.38,1852884638.0,1852884638.0,-56.77027354,988.29481565,1.12595621,0.00443147,29.05895016,1.89717536
2025-01-20,8.47,-0.470035252644,15693932883.86,15693932883.86,1852884638.0,1852884638.0,-56.50343324,983.64948162,1.12066382,0.00441064,28.92236285,1.88825797
2025-01-21,8.45,-0.236127508855,15656875191.1,15656875191.1,1852884638.0,1852884638.0,-56.37001309,981.3268146,1.11801762,0.00440023,28.85406919,1.88379927
2025-01-22,8.41,-0.473372781065,15582759805.58,15582759805.58,1852884638.0,1852884638.0,-56.1031728,976.68148057,1.11272523,0.0043794,28.71748188,1.87488188
2025-01-23,8.38,-0.356718192628,15527173266.44,15527173266.44,1852884638.0,1852884638.0,-55.90304257,973.19748004,1.10875594,0.00436378,28.6150414,1.86819383
2025-01-24,8.63,2.983293556086,15990394425.94,15990394425.94,1852884638.0,1852884638.0,-57.57079444,1002.23081775,1.14183338,0.00449396,29.46871208,1.92392754
2025-01-27,8.55,-0.926998841251,15842163654.9,15842163654.9,1852884638.0,1852884638.0,-57.03711384,992.94014969,1.1312486,0.0044523,29.19553747,1.90609275
2025-02-05,8.87,3.74269005848,16435086739.06,16435086739.06,1852884638.0,1852884638.0,-59.17183623,1030.10282196,1.17358773,0.00461894,30.28823594,1.9774319
2025-02-06,9.02,1.691093573844,16713019434.76,16713019434.76,1852884638.0,1852884638.0,-60.17248735,1047.52282458,1.1934342,0.00469705,30.80043836,2.01087212
2025-02-07,9.21,2.106430155211,17065067515.98,17065067515.98,1852884638.0,1852884638.0,-61.43997877,1069.58816124,1.21857305,0.00479599,31.44922808,2.05322974
2025-02-10,9.47,2.823018458198,17546817521.86,17546817521.86,1852884638.0,1852884638.0,-63.17444071,1099.78283246,1.2529736,0.00493138,32.33704559,2.11119279
2025-02-11,9.45,-0.211193241816,17509759829.1,17509759829.1,1852884638.0,1852884638.0,-63.04102056,1097.46016544,1.2503274,0.00492097,32.26875194,2.10673409
2025-02-12,9.59,1.481481481481,17769163678.42,17769163678.42,1852884638.0,1852884638.0,-63.97496161,1113.71883456,1.26885077,0.00499387,32.74680752,2.13794497
2025-02-13,9.59,0.0,17769163678.42,17769163678.42,1852884638.0,1852884638.0,-63.97496161,1113.71883456,1.26885077,0.00499387,32.74680752,2.13794497
2025-02-14,9.84,2.606882168926,18232384837.92,18232384837.92,1852884638.0,1852884638.0,-65.64271347,1142.75217227,1.30192821,0.00512405,33.60047821,2.19367867
2025-02-17,9.86,0.20325203252,18269442530.68,18269442530.68,1852884638.0,1852884638.0,-65.77613362,1145.07483929,1.30457441,0.00513447,33.66877186,2.19813737
2025-02-18,9.57,-2.941176470588,17732105985.66,17732105985.66,1852884638.0,1852884638.0,-63.84154146,1111.39616754,1.26620457,0.00498345,32.67851386,2.13348627
2025-02-19,9.78,2.194357366771,18121211759.64,18121211759.64,1852884638.0,1852884638.0,-65.24245303,1135.78417122,1.29398963,0.00509281,33.39559724,2.18030259
2025-02-20,9.61,-1.738241308793,17806221371.18,17806221371.18,1852884638.0,1852884638.0,-64.10838176,1116.04150158,1.27149697,0.00500428,32.81510117,2.14240367
2025-02-21,10.02,4.26638917794,18565904072.76,18565904072.76,1852884638.0,1852884638.0,-66.84349482,1163.65617542,1.32574397,0.00521779,34.2151211,2.23380694
2025-02-24,10.04,0.199600798403,18602961765.52,18602961765.52,1852884638.0,1852884638.0,-66.97691497,1165.97884244,1.32839017,0.0052282,34.28341475,2.23826564
2025-02-25,9.9,-1.394422310757,18343557916.2,18343557916.2,1852884638.0,1852884638.0,-66.04297392,1149.72017332,1.3098668,0.0051553,33.80535917,2.20705476
2025-02-26,10.02,1.212121212121,18565904072.76,18565904072.76,1852884638.0,1852884638.0,-66.84349482,1163.65617542,1.32574397,0.00521779,34.2151211,2.23380694
2025-02-27,9.79,-2.295409181637,18139740606.02,18139740606.02,1852884638.0,1852884638.0,-65.3091631,1136.94550473,1.29531273,0.00509802,33.42974407,2.18253193
2025-02-28,9.4,-3.983656792646,17417115597.2,17417115597.2,1852884638.0,1852884638.0,-62.70747019,1091.6534979,1.24371191,0.00489493,32.0980178,2.09558735
2025-03-03,9.53,1.382978723404,17657990600.14,17657990600.14,1852884638.0,1852884638.0,-63.57470116,1106.75083351,1.26091218,0.00496262,32.54192656,2.12456888
2025-03-04,9.73,2.098635886674,18028567527.74,18028567527.74,1852884638.0,1852884638.0,-64.90890265,1129.97750368,1.28737414,0.00506677,33.2248631,2.16915584
2025-03-05,9.7,-0.308324768756,17972980988.6,17972980988.6,1852884638.0,1852884638.0,-64.70877243,1126.49350315,1.28340485,0.00505115,33.12242262,2.1624678
2025-03-06,10.1,4.123711340206,18714134843.8,18714134843.8,1852884638.0,1852884638.0,-67.37717542,1172.94684349,1.33632876,0.00525944,34.48829572,2.25164173
2025-03-07,9.91,-1.881188118812,18362086762.58,18362086762.58,1852884638.0,1852884638.0,-66.109684,1150.88150683,1.3111899,0.0051605,33.839506,2.20928411
2025-03-10,9.65,-2.623612512614,17880336756.7,17880336756.7,1852884638.0,1852884638.0,-64.37522206,1120.68683561,1.27678936,0.00502511,32.95168848,2.15132106
2025-03-11,9.77,1.243523316062,18102682913.26,18102682913.26,1852884638.0,1852884638.0,-65.17574295,1134.62283771,1.29266653,0.0050876,33.36145041,2.17807324
2025-03-12,9.86,0.921187308086,18269442530.68,18269442530.68,1852884638.0,1852884638.0,-65.77613362,1145.07483929,1.30457441,0.00513447,33.66877186,2.19813737
2025-03-13,9.66,-2.028397565923,17898865603.08,17898865603.08,1852884638.0,1852884638.0,-64.44193213,1121.84816912,1.27811245,0.00503032,32.98583531,2.15355041
2025-03-14,9.71,0.517598343685,17991509834.98,17991509834.98,1852884638.0,1852884638.0,-64.7754825,1127.65483666,1.28472794,0.00505636,33.15656945,2.16469715
2025-03-17,9.6,-1.132852729145,17787692524.8,17787692524.8,1852884638.0,1852884638.0,-64.04167168,1114.88016807,1.27017387,0.00499908,32.78095435,2.14017432
2025-03-18,9.66,0.625,17898865603.08,17898865603.08,1852884638.0,1852884638.0,-64.44193213,1121.84816912,1.27811245,0.00503032,32.98583531,2.15355041
2025-03-19,9.49,-1.75983436853,17583875214.62,17583875214.62,1852884638.0,1852884638.0,-63.30786086,1102.10549948,1.25561979,0.00494179,32.40533925,2.11565149
2025-03-20,9.4,-0.948366701791,17417115597.2,17417115597.2,1852884638.0,1852884638.0,-62.70747019,1091.6534979,1.24371191,0.00489493,32.0980178,2.09558735
2025-03-21,9.24,-1.702127659574,17120654055.12,17120654055.12,1852884638.0,1852884638.0,-61.64010899,1073.07216177,1.22254235,0.00481161,31.55166856,2.05991778
2025-03-24,9.05,-2.056277056277,16768605973.9,16768605973.9,1852884638.0,1852884638.0,-60.37261758,1051.00682511,1.19740349,0.00471267,30.90287884,2.01756016
2025-03-25,9.02,-0.331491712707,16713019434.76,16713019434.76,1852884638.0,1852884638.0,-60.17248735,1047.52282458,1.1934342,0.00469705,30.80043836,2.01087212
2025-03-26,9.02,0.0,16713019434.76,16713019434.76,1852884638.0,1852884638.0,-60.17248735,1047.52282458,1.1934342,0.00469705,30.80043836,2.01087212
2025-03-27,8.99,-0.332594235033,16657432895.62,16657432895.62,1852884638.0,1852884638.0,-59.97235713,1044.03882406,1.1894649,0.00468143,30.69799787,2.00418407
2025-03-28,8.96,-0.333704115684,16601846356.48,16601846356.48,1852884638.0,1852884638.0,-59.7722269,1040.55482353,1.18549561,0.0046658,30.59555739,1.99749603
2025-03-31,8.88,-0.892857142857,16453615585.44,16453615585.44,1852884638.0,1852884638.0,-59.23854631,1031.26415546,1.20229361,0.00462415,30.32238277,1.97966124
2025-04-01,8.88,0.0,16453615585.44,16453615585.44,1852884638.0,1852884638.0,-59.23854631,1031.26415546,1.20229361,0.00462415,30.32238277,1.97966124
2025-04-02,8.86,-0.225225225225,16416557892.68,16416557892.68,1852884638.0,1852884638.0,-59.10512616,1028.94148845,1.19958575,0.00461373,30.25408912,1.97520255
2025-04-03,8.9,0.451467268623,16490673278.2,16490673278.2,1852884638.0,1852884638.0,-59.37196646,1033.58682248,1.20500148,0.00463456,30.39067643,1.98411994
2025-04-07,8.01,-10.0,14841605950.38,14841605950.38,1852884638.0,1852884638.0,-53.43476981,930.22814023,1.08450133,0.0041711,27.35160878,1.78570795
2025-04-08,8.13,1.498127340824,15063952106.94,15063952106.94,1852884638.0,1852884638.0,-54.23529071,944.16414233,1.10074855,0.00423359,27.76137071,1.81246012
2025-04-09,8.29,1.968019680197,15360413649.02,15360413649.02,1852884638.0,1852884638.0,-55.3026519,962.74547847,1.12241149,0.00431691,28.30771995,1.8481297
2025-04-10,8.41,1.447527141134,15582759805.58,15582759805.58,1852884638.0,1852884638.0,-56.1031728,976.68148057,1.1386587,0.0043794,28.71748188,1.87488188
2025-04-11,8.39,-0.237812128419,15545702112.82,15545702112.82,1852884638.0,1852884638.0,-55.96975265,974.35881355,1.13595084,0.00436898,28.64918823,1.87042318
2025-04-14,8.42,0.357568533969,15601288651.96,15601288651.96,1852884638.0,1852884638.0,-56.16988287,977.84281408,1.14001264,0.00438461,28.75162871,1.87711122
2025-04-15,8.38,-0.475059382423,15527173266.44,15527173266.44,1852884638.0,1852884638.0,-55.90304257,973.19748004,1.1345969,0.00436378,28.6150414,1.86819383
2025-04-16,8.43,0.596658711217,15619817498.34,15619817498.34,1852884638.0,1852884638.0,979.00414759,979.00414759,1.14136657,0.00438981,-93.52209015,1.87993959
2025-04-17,8.37,-0.711743772242,15508644420.06,15508644420.06,1852884638.0,1852884638.0,972.03614654,972.03614654,1.13324297,0.00435857,-92.85645249,1.86655924
2025-04-18,8.41,0.477897252091,15582759805.58,15582759805.58,1852884638.0,1852884638.0,976.68148057,976.68148057,1.1386587,0.0043794,-93.30021093,1.87547947
2025-04-21,8.47,0.713436385256,15693932883.86,15693932883.86,1852884638.0,1852884638.0,983.64948162,983.64948162,1.14678231,0.00441064,-93.96584858,1.88885982
2025-04-22,8.5,0.354191263282,15749519423.0,15749519423.0,1852884638.0,1852884638.0,987.13348214,987.13348214,1.15084411,0.00442627,-94.29866741,1.89555
2025-04-23,8.5,0.0,15749519423.0,15749519423.0,1852884638.0,1852884638.0,987.13348214,987.13348214,1.15084411,0.00442627,-94.29866741,1.89555
2025-04-24,8.38,-1.411764705882,15527173266.44,15527173266.44,1852884638.0,1852884638.0,973.19748004,973.19748004,1.1345969,0.00436378,-92.9673921,1.86878929
2025-04-25,8.37,-0.119331742243,15508644420.06,15508644420.06,1852884638.0,1852884638.0,972.03614654,972.03614654,1.13324297,0.00435857,-92.85645249,1.86655924
2025-04-28,8.31,-0.716845878136,15397471341.78,15397471341.78,1852884638.0,1852884638.0,965.06814548,965.06814548,1.12511936,0.00432733,-92.19081484,1.85317888
2025-04-29,8.46,1.805054151625,15675404037.48,15675404037.48,1852884638.0,1852884638.0,982.48814811,982.48814811,1.14542838,0.00440544,-93.85490897,1.88662977
2025-04-30,8.24,-2.600472813239,15267769417.12,15267769417.12,1852884638.0,1852884638.0,-13890.21650198,956.93881093,1.11564182,0.00429087,177.86180483,1.91711896
2025-05-06,8.54,3.640776699029,15823634808.52,15823634808.52,1852884638.0,1852884638.0,-14395.92826783,991.77881618,1.15625985,0.00444709,184.33735598,1.98691698
2025-05-07,8.59,0.585480093677,15916279040.42,15916279040.42,1852884638.0,1852884638.0,-14480.21356214,997.58548372,1.16302952,0.00447313,185.4166145,1.99854998
2025-05-08,8.7,1.28055878929,16120096350.6,16120096350.6,1852884638.0,1852884638.0,-14665.64120962,1010.36015231,1.1779228,0.00453041,187.79098326,2.02414259
2025-05-09,8.59,-1.264367816092,15916279040.42,15916279040.42,1852884638.0,1852884638.0,-14480.21356214,997.58548372,1.16302952,0.00447313,185.4166145,1.99854998
2025-05-12,8.86,3.14318975553,16416557892.68,16416557892.68,1852884638.0,1852884638.0,-14935.3541514,1028.94148845,1.19958575,0.00461373,191.24461054,2.0613682
2025-05-13,8.7,-1.805869074492,16120096350.6,16120096350.6,1852884638.0,1852884638.0,-14665.64120962,1010.36015231,1.1779228,0.00453041,187.79098326,2.02414259
2025-05-14,8.68,-0.229885057471,16083038657.84,16083038657.84,1852884638.0,1852884638.0,-14631.92709189,1008.0374853,1.17521493,0.00452,187.35927985,2.01948939
2025-05-15,8.65,-0.345622119816,16027452118.7,16027452118.7,1852884638.0,1852884638.0,-14581.35591531,1004.55348477,1.17115313,0.00450438,186.71172473,2.01250959
2025-05-16,8.52,-1.50289017341,15786577115.76,15786577115.76,1852884638.0,1852884638.0,-14362.21415011,989.45614916,1.15355198,0.00443668,183.90565257,1.98226378
2025-05-19,8.69,1.995305164319,16101567504.22,16101567504.22,1852884638.0,1852884638.0,-14648.78415075,1009.1988188,1.17656886,0.00452521,187.57513155,2.02181599
2025-05-20,8.66,-0.345224395857,16045980965.08,16045980965.08,1852884638.0,1852884638.0,-14598.21297417,1005.71481828,1.17250706,0.00450958,186.92757644,2.01483619
2025-05-21,8.61,-0.577367205543,15953336733.18,15953336733.18,1852884638.0,1852884638.0,-14513.92767986,999.90815074,1.16573739,0.00448355,185.84831791,2.00320318
2025-05-22,8.54,-0.813008130081,15823634808.52,15823634808.52,1852884638.0,1852884638.0,-14395.92826783,991.77881618,1.15625985,0.00444709,184.33735598,1.98691698
2025-05-23,8.41,-1.52224824356,15582759805.58,15582759805.58,1852884638.0,1852884638.0,-14176.78650263,976.68148057,1.1386587,0.0043794,181.53128382,1.95667117
2025-05-26,8.55,1.66468489893,15842163654.9,15842163654.9,1852884638.0,1852884638.0,-14412.78532669,992.94014969,1.15761378,0.0044523,184.55320768,1.98924358
2025-05-27,8.49,-0.701754385965,15730990576.62,15730990576.62,1852884638.0,1852884638.0,-14311.64297352,985.97214864,1.14949018,0.00442106,183.25809745,1.97528397
2025-05-28,8.47,-0.235571260306,15693932883.86,15693932883.86,1852884638.0,1852884638.0,-14277.9288558,983.64948162,1.14678231,0.00441064,182.82639405,1.97063077
2025-05-29,8.81,4.014167650531,16323913660.78,16323913660.78,1852884638.0,1852884638.0,-14851.06885709,1023.13482091,1.19281607,0.00458769,190.16535201,2.0497352
2025-05-30,8.75,-0.681044267877,16212740582.5,16212740582.5,1852884638.0,1852884638.0,-14749.92650392,1016.16681985,1.18469247,0.00455645,188.87024178,2.03577559
2025-06-03,9.05,3.428571428571,16768605973.9,16768605973.9,1852884638.0,1852884638.0,-15255.63826977,1051.00682511,1.2253105,0.00471267,195.34579293,2.10557361
2025-06-04,8.88,-1.878453038674,16453615585.44,16453615585.44,1852884638.0,1852884638.0,-14969.06826913,1031.26415546,1.20229361,0.00462415,191.67631395,2.0660214
2025-06-05,8.93,0.563063063063,16546259817.34,16546259817.34,1852884638.0,1852884638.0,-15053.35356343,1037.07082301,1.20906329,0.00465018,192.75557247,2.0776544
2025-06-06,8.96,0.3359462486,16601846356.48,16601846356.48,1852884638.0,1852884638.0,-15103.92474002,1040.55482353,1.21312509,0.0046658,193.40312758,2.08463421
2025-06-09,8.94,-0.223214285714,16564788663.72,16564788663.72,1852884638.0,1852884638.0,-15070.2106223,1038.23215651,1.21041722,0.00465539,192.97142418,2.07998101
2025-06-10,8.72,-2.460850111857,16157154043.36,16157154043.36,1852884638.0,1852884638.0,-14699.35532734,1012.68281933,1.18063067,0.00454083,188.22268667,2.02879579
2025-06-11,8.75,0.344036697248,16212740582.5,16212740582.5,1852884638.0,1852884638.0,-14749.92650392,1016.16681985,1.18469247,0.00455645,188.87024178,2.03577559
2025-06-12,8.76,0.114285714286,16231269428.88,16231269428.88,1852884638.0,1852884638.0,-14766.78356279,1017.32815336,1.1860464,0.00456166,189.08609349,2.03810219
2025-06-13,8.65,-1.255707762557,16027452118.7,16027452118.7,1852884638.0,1852884638.0,-14581.35591531,1004.55348477,1.17115313,0.00450438,186.71172473,2.01250959
2025-06-16,8.84,2.196531791908,16379500199.92,16379500199.92,1852884638.0,1852884638.0,-14901.64003368,1026.61882143,1.19687788,0.00460332,190.81290713,2.056715
2025-06-17,8.88,0.452488687783,16453615585.44,16453615585.44,1852884638.0,1852884638.0,-14969.06826913,1031.26415546,1.20229361,0.00462415,191.67631395,2.0660214
2025-06-18,8.86,-0.225225225225,16416557892.68,16416557892.68,1852884638.0,1852884638.0,-14935.3541514,1028.94148845,1.19958575,0.00461373,191.24461054,2.0613682
2025-06-19,8.73,-1.467268623025,16175682889.74,16175682889.74,1852884638.0,1852884638.0,-14716.2123862,1013.84415284,1.1819846,0.00454603,188.43853837,2.03112239
2025-06-20,8.62,-1.260022909507,15971865579.56,15971865579.56,1852884638.0,1852884638.0,-14530.78473872,1001.06948425,1.16709132,0.00448875,186.06416962,2.00552978
2025-06-23,8.92,3.480278422274,16527730970.96,16527730970.96,1852884638.0,1852884638.0,-15036.49650457,1035.9094895,1.20770935,0.00464497,192.53972077,2.0753278
2025-06-24,9.12,2.242152466368,16898307898.56,16898307898.56,1852884638.0,1852884638.0,-15373.6376818,1059.13615967,1.23478804,0.00474912,196.85675486,2.12185982
2025-06-25,9.18,0.657894736842,17009480976.84,17009480976.84,1852884638.0,1852884638.0,-15474.78003497,1066.10416072,1.24291164,0.00478037,198.15186509,2.13581942
2025-06-26,9.26,0.871459694989,17157711747.88,17157711747.88,1852884638.0,1852884638.0,-15609.63650587,1075.39482878,1.25374312,0.00482203,199.87867873,2.15443223
2025-06-27,9.16,-1.079913606911,16972423284.08,16972423284.08,1852884638.0,1852884638.0,-15441.06591725,1063.7814937,1.24020377,0.00476995,197.72016168,2.13116622
2025-06-30,9.24,0.873362445415,17120654055.12,17120654055.12,1852884638.0,1852884638.0,-15575.92238814,1073.07216177,1.25004403,0.00481161,199.44697532,2.14977903
2025-07-01,9.11,-1.406926406926,16879779052.18,16879779052.18,1852884638.0,1852884638.0,-15356.78062294,1057.97482616,1.23245684,0.00474391,196.64090316,2.11953322
2025-07-02,9.03,-0.878155872667,16731548281.14,16731548281.14,1852884638.0,1852884638.0,-15221.92415205,1048.68415809,1.22163394,0.00470226,194.91408952,2.10092041
2025-07-03,9.01,-0.221483942414,16694490588.38,16694490588.38,1852884638.0,1852884638.0,-15188.21003433,1046.36149107,1.21892822,0.00469184,194.48238611,2.09626721
2025-07-04,9.02,0.110987791343,16713019434.76,16713019434.76,1852884638.0,1852884638.0,-15205.06709319,1047.52282458,1.22028108,0.00469705,194.69823781,2.09859381
2025-07-07,9.07,0.554323725055,16805663666.66,16805663666.66,1852884638.0,1852884638.0,-15289.3523875,1053.32949212,1.22704539,0.00472309,195.77749634,2.11022681
2025-07-08,9.13,0.661521499449,16916836744.94,16916836744.94,1852884638.0,1852884638.0,-15390.49474067,1060.29749317,1.23516256,0.00475433,197.07260657,2.12418642
2025-07-09,9.1,-0.328587075575,16861250205.8,16861250205.8,1852884638.0,1852884638.0,-15339.92356408,1056.81349265,1.23110397,0.00473871,196.42505145,2.11720662
2025-07-10,9.11,0.10989010989,16879779052.18,16879779052.18,1852884638.0,1852884638.0,-15356.78062294,1057.97482616,1.23245684,0.00474391,196.64090316,2.11953322
2025-07-11,9.15,0.439077936334,16953894437.7,16953894437.7,1852884638.0,1852884638.0,-15424.20885839,1062.62016019,1.23786828,0.00476474,197.50430998,2.12883962
2025-07-14,9.13,-0.218579234973,16916836744.94,16916836744.94,1852884638.0,1852884638.0,-15390.49474067,1060.29749317,1.23516256,0.00475433,197.07260657,2.12418642
2025-07-15,9.01,-1.3143483023,16694490588.38,16694490588.38,1852884638.0,1852884638.0,-15188.21003433,1046.36149107,1.21892822,0.00469184,194.48238611,2.09626721
2025-07-16,9.0,-0.110987791343,16675961742.0,16675961742.0,1852884638.0,1852884638.0,-15171.35297546,1045.20015756,1.21757536,0.00468663,194.2665344,2.09394061
2025-07-17,9.11,1.222222222222,16879779052.18,16879779052.18,1852884638.0,1852884638.0,-15356.78062294,1057.97482616,1.23245684,0.00474391,196.64090316,2.11953322
2025-07-18,9.45,3.732162458836,17509759829.1,17509759829.1,1852884638.0,1852884638.0,-15929.92062424,1097.46016544,1.27845413,0.00492097,203.97986112,2.19863764
2025-07-21,9.41,-0.42328042328,17435644443.58,17435644443.58,1852884638.0,1852884638.0,-15862.49238879,1092.81483141,1.27304268,0.00490014,203.11645431,2.18933124
2025-07-22,9.39,-0.212539851222,17398586750.82,17398586750.82,1852884638.0,1852884638.0,-15828.77827107,1090.49216439,1.27033696,0.00488972,202.6847509,2.18467804
2025-07-23,9.32,-0.745473908413,17268884826.16,17268884826.16,1852884638.0,1852884638.0,-15710.77885904,1082.36282983,1.26086693,0.00485327,201.17378896,2.16839183
2025-07-24,9.39,0.751072961373,17398586750.82,17398586750.82,1852884638.0,1852884638.0,-15828.77827107,1090.49216439,1.27033696,0.00488972,202.6847509,2.18467804
2025-07-25,9.41,0.212992545261,17435644443.58,17435644443.58,1852884638.0,1852884638.0,-15862.49238879,1092.81483141,1.27304268,0.00490014,203.11645431,2.18933124
2025-07-28,9.35,-0.637619553666,17324471365.3,17324471365.3,1852884638.0,1852884638.0,-15761.35003562,1085.84683036,1.26492551,0.00486889,201.82134408,2.17537163
2025-07-29,9.34,-0.106951871658,17305942518.92,17305942518.92,1852884638.0,1852884638.0,-15744.49297676,1084.68549685,1.26357265,0.00486368,201.60549237,2.17304503
2025-07-30,9.29,-0.535331905782,17213298287.02,17213298287.02,1852884638.0,1852884638.0,-15660.20768245,1078.87882931,1.25680834,0.00483765,200.52623385,2.16141203
2025-07-31,9.21,-0.861141011841,17065067515.98,17065067515.98,1852884638.0,1852884638.0,-15525.35121156,1069.58816124,1.24598545,0.00479599,198.79942021,2.14279922
2025-08-01,9.28,0.760043431053,17194769440.64,17194769440.64,1852884638.0,1852884638.0,-15643.35062359,1077.7174958,1.25545548,0.00483244,200.31038214,2.15908543
2025-08-04,9.38,1.077586206897,17380057904.44,17380057904.44,1852884638.0,1852884638.0,-15811.92121221,1089.33083088,1.2689841,0.00488451,202.46889919,2.18235144
2025-08-05,9.38,0.0,17380057904.44,17380057904.44,1852884638.0,1852884638.0,-15811.92121221,1089.33083088,1.2689841,0.00488451,202.46889919,2.18235144
2025-08-06,9.48,1.066098081023,17565346368.24,17565346368.24,1852884638.0,1852884638.0,-15980.49180082,1100.94416597,1.28251271,0.00493659,204.62741624,2.20561744
2025-08-07,9.41,-0.738396624473,17435644443.58,17435644443.58,1852884638.0,1852884638.0,-15862.49238879,1092.81483141,1.27304268,0.00490014,203.11645431,2.18933124
2025-08-08,9.39,-0.212539851222,17398586750.82,17398586750.82,1852884638.0,1852884638.0,-15828.77827107,1090.49216439,1.27033696,0.00488972,202.6847509,2.18467804
2025-08-11,9.48,0.958466453674,17565346368.24,17565346368.24,1852884638.0,1852884638.0,-15980.49180082,1100.94416597,1.28251271,0.00493659,204.62741624,2.20561744
2025-08-12,9.49,0.105485232068,17583875214.62,17583875214.62,1852884638.0,1852884638.0,-15997.34885968,1102.10549948,1.28386557,0.00494179,204.84326794,2.20794404
2025-08-13,9.49,0.0,17583875214.62,17583875214.62,1852884638.0,1852884638.0,-15997.34885968,1102.10549948,1.28386557,0.00494179,204.84326794,2.20794404
2025-08-14,9.34,-1.580611169652,17305942518.92,17305942518.92,1852884638.0,1852884638.0,-15744.49297676,1084.68549685,1.26357265,0.00486368,201.60549237,2.17304503
2025-08-15,9.36,0.214132762313,17343000211.68,17343000211.68,1852884638.0,1852884638.0,-15778.20709448,1087.00816387,1.26627837,0.0048741,202.03719578,2.17769823
2025-08-18,9.38,0.213675213675,17380057904.44,17380057904.44,1852884638.0,1852884638.0,-15811.92121221,1089.33083088,1.2689841,0.00488451,202.46889919,2.18235144
2025-08-19,9.31,-0.746268656716,17250355979.78,17250355979.78,1852884638.0,1852884638.0,-15693.92180018,1081.20149633,1.25951407,0.00484806,200.95793726,2.16606523
2025-08-20,9.34,0.322234156821,17305942518.92,17305942518.92,1852884638.0,1852884638.0,-15744.49297676,1084.68549685,1.26357265,0.00486368,201.60549237,2.17304503
2025-08-21,9.44,1.070663811563,17491230982.72,17491230982.72,1852884638.0,1852884638.0,-15913.06356538,1096.29883193,1.27710126,0.00491576,203.76400942,2.19631104
2025-08-22,9.51,0.741525423729,17620932907.38,17620932907.38,1852884638.0,1852884638.0,-16031.06297741,1104.42816649,1.2865713,0.00495221,205.27497135,2.21259724
2025-08-25,9.51,0.0,17620932907.38,17620932907.38,1852884638.0,1852884638.0,-16031.06297741,1104.42816649,1.2865713,0.00495221,205.27497135,2.21259724
2025-08-26,9.6,0.946372239748,17787692524.8,17787692524.8,1852884638.0,1852884638.0,-16182.77650716,1114.88016807,1.29874705,0.00499908,207.2176367,2.23353665
2025-08-27,9.43,-1.770833333333,17472702136.34,17472702136.34,1852884638.0,1852884638.0,-15896.20650651,1095.13749843,1.2757484,0.00491055,203.54815771,2.19398444
2025-08-28,9.38,-0.530222693531,17380057904.44,17380057904.44,1852884638.0,1852884638.0,-80.55620811,1089.33083088,1.2689841,0.00488451,-701.96531282,2.64179236
2025-08-29,9.23,-1.599147121535,17102125208.74,17102125208.74,1852884638.0,1852884638.0,-79.26799583,1071.91082826,1.24869117,0.0048064,-690.73985472,2.59954621
2025-09-01,9.11,-1.300108342362,16879779052.18,16879779052.18,1852884638.0,1852884638.0,-78.237426,1057.97482616,1.23245684,0.00474391,-681.75948825,2.56574929
2025-09-02,8.86,-2.744237102086,16416557892.68,16416557892.68,1852884638.0,1852884638.0,-76.09040553,1028.94148845,1.1986353,0.00461373,-663.05039142,2.49533905
2025-09-03,8.63,-2.595936794582,15990394425.94,15990394425.94,1852884638.0,1852884638.0,-74.1151467,1002.23081775,1.16751948,0.00449396,-645.83802235,2.43056162
2025-09-04,8.55,-0.926998841251,15842163654.9,15842163654.9,1852884638.0,1852884638.0,-73.42810014,992.94014969,1.15669659,0.0044523,-639.85111136,2.40803034
2025-09-05,8.66,1.286549707602,16045980965.08,16045980965.08,1852884638.0,1852884638.0,-74.37278915,1005.71481828,1.17157807,0.00450958,-648.08311397,2.43901085
2025-09-08,8.63,-0.346420323326,15990394425.94,15990394425.94,1852884638.0,1852884638.0,-74.1151467,1002.23081775,1.16751948,0.00449396,-645.83802235,2.43056162
2025-09-09,8.51,-1.390498261877,15768048269.38,15768048269.38,1852884638.0,1852884638.0,-73.08457687,988.29481565,1.15128514,0.00443147,-636.85765587,2.39676471
2025-09-10,8.55,0.470035252644,15842163654.9,15842163654.9,1852884638.0,1852884638.0,-73.42810014,992.94014969,1.15669659,0.0044523,-639.85111136,2.40803034
2025-09-11,8.67,1.40350877193,16064509811.46,16064509811.46,1852884638.0,1852884638.0,-74.45866997,1006.87615179,1.17293093,0.00451479,-648.83147784,2.44182726
2025-09-12,8.5,-1.960784313725,15749519423.0,15749519423.0,1852884638.0,1852884638.0,-72.99869605,987.13348214,1.14993228,0.00442627,-636.109292,2.3939483
2025-09-15,8.41,-1.058823529412,15582759805.58,15582759805.58,1852884638.0,1852884638.0,-72.22576868,976.68148057,1.13775653,0.0043794,-629.37401714,2.36860061
2025-09-16,8.49,0.951248513674,15730990576.62,15730990576.62,1852884638.0,1852884638.0,-72.91281523,985.97214864,1.14857942,0.00442106,-635.36092813,2.39113189
2025-09-17,8.49,0.0,15730990576.62,15730990576.62,1852884638.0,1852884638.0,-72.91281523,985.97214864,1.14857942,0.00442106,-635.36092813,2.39113189
2025-09-18,8.32,-2.002355712603,15416000188.16,15416000188.16,1852884638.0,1852884638.0,-71.45284131,966.22947899,1.12558078,0.00433253,-622.63874229,2.34325292
2025-09-19,8.33,0.120192307692,15434529034.54,15434529034.54,1852884638.0,1852884638.0,-71.53872213,967.3908125,1.12693364,0.00433774,-623.38710616,2.34606933
2025-09-22,8.28,-0.600240096038,15341884802.64,15341884802.64,1852884638.0,1852884638.0,-71.10931803,961.58414496,1.12016933,0.0043117,-619.64528679,2.33198728
2025-09-23,8.16,-1.449275362319,15119538646.08,15119538646.08,1852884638.0,1852884638.0,-70.07874821,947.64814286,1.10393499,0.00424921,-610.66492032,2.29819036
2025-09-24,8.36,2.450980392157,15490115573.68,15490115573.68,1852884638.0,1852884638.0,-71.79636459,970.87481303,1.13099222,0.00435336,-625.63219778,2.35451856
2025-09-25,8.33,-0.358851674641,15434529034.54,15434529034.54,1852884638.0,1852884638.0,-71.53872213,967.3908125,1.12693364,0.00433774,-623.38710616,2.34606933
2025-09-26,8.27,-0.720288115246,15323355956.26,15323355956.26,1852884638.0,1852884638.0,-71.02343722,960.42281145,1.11881647,0.0043065,-618.89692292,2.32917087
2025-09-29,8.32,0.604594921403,15416000188.16,15416000188.16,1852884638.0,1852884638.0,-71.45284131,966.22947899,1.12558078,0.00433253,-622.63874229,2.34325292
2025-09-30,8.32,0.0,15416000188.16,15416000188.16,1852884638.0,1852884638.0,-71.45284131,966.22947899,1.14109692,0.00433253,-622.63874229,2.34325292
2025-10-09,8.39,0.841346153846,15545702112.82,15545702112.82,1852884638.0,1852884638.0,-72.05400704,974.35881355,1.1506975,0.00436898,-627.8772894,2.36296779
2025-10-10,8.36,-0.357568533969,15490115573.68,15490115573.68,1852884638.0,1852884638.0,-71.79636459,970.87481303,1.14658297,0.00435336,-625.63219778,2.35451856
2025-10-13,8.3,-0.717703349282,15378942495.4,15378942495.4,1852884638.0,1852884638.0,-71.28107967,963.90681198,1.1383539,0.00432212,-621.14201454,2.3376201
2025-10-14,8.27,-0.361445783133,15323355956.26,15323355956.26,1852884638.0,1852884638.0,-71.02343722,960.42281145,1.13423937,0.0043065,-618.89692292,2.32917087
2025-10-15,8.37,1.209189842805,15508644420.06,15508644420.06,1852884638.0,1852884638.0,-71.8822454,972.03614654,1.14795448,0.00435857,-626.38056165,2.35733497
2025-10-16,8.27,-1.194743130227,15323355956.26,15323355956.26,1852884638.0,1852884638.0,-71.02343722,960.42281145,1.13423937,0.0043065,-618.89692292,2.32917087
2025-10-17,8.14,-1.571946795647,15082480953.32,15082480953.32,1852884638.0,1852884638.0,-69.90698657,945.32547584,1.11640973,0.0042388,-609.16819257,2.29255754
2025-10-20,8.19,0.614250614251,15175125185.22,15175125185.22,1852884638.0,1852884638.0,-70.33639066,951.13214338,1.12326729,0.00426484,-612.91001194,2.30663959
2025-10-21,8.24,0.610500610501,15267769417.12,15267769417.12,1852884638.0,1852884638.0,-70.76579476,956.93881093,1.13012484,0.00429087,-616.6518313,2.32072164
2025-10-22,8.24,0.0,15267769417.12,15267769417.12,1852884638.0,1852884638.0,-70.76579476,956.93881093,1.13012484,0.00429087,-616.6518313,2.32072164
2025-10-23,8.31,0.849514563107,15397471341.78,15397471341.78,1852884638.0,1852884638.0,-71.36696049,965.06814548,1.13972541,0.00432733,-621.89037841,2.34043651
2025-10-24,8.45,1.684717208183,15656875191.1,15656875191.1,1852884638.0,1852884638.0,-72.56929196,981.3268146,1.15892656,0.00440023,-632.36747263,2.37986625
2025-10-27,8.4,-0.591715976331,15564230959.2,15564230959.2,1852884638.0,1852884638.0,-72.13988786,975.52014706,1.15206901,0.00437419,-628.62565327,2.3657842
2025-10-28,8.39,-0.119047619048,15545702112.82,15545702112.82,1852884638.0,1852884638.0,-72.05400704,974.35881355,1.1506975,0.00436898,-627.8772894,2.36296779
2025-10-29,8.41,0.238379022646,15582759805.58,15582759805.58,1852884638.0,1852884638.0,-72.22576868,976.68148057,1.15344052,0.0043794,-629.37401714,2.36860061
2025-10-30,8.41,0.0,15582759805.58,15582759805.58,1852884638.0,1852884638.0,-72.22576868,976.68148057,1.15344052,0.0043794,-629.37401714,2.36860061
2025-10-31,8.31,-1.189060642093,15397471341.78,15397471341.78,1852884638.0,1852884638.0,-36.4073521,965.06814548,1.13972541,0.00432733,268.80126712,2.51204037
2025-11-03,8.46,1.805054151625,15675404037.48,15675404037.48,1852884638.0,1852884638.0,-37.06452452,982.48814811,1.16029807,0.00440544,273.65327555,2.55738406
2025-11-04,8.4,-0.709219858156,15564230959.2,15564230959.2,1852884638.0,1852884638.0,-36.80165555,975.52014706,1.15206901,0.00437419,271.71247218,2.53924658
2025-11-05,8.44,0.47619047619,15638346344.72,15638346344.72,1852884638.0,1852884638.0,-36.97690153,980.16548109,1.15755505,0.00439502,273.00634109,2.55133823
2025-11-06,8.39,-0.592417061611,15545702112.82,15545702112.82,1852884638.0,1852884638.0,-36.75784406,974.35881355,1.1506975,0.00436898,271.38900495,2.53622367
2025-11-07,8.39,0.0,15545702112.82,15545702112.82,1852884638.0,1852884638.0,-36.75784406,974.35881355,1.1506975,0.00436898,271.38900495,2.53622367
2025-11-10,8.44,0.595947556615,15638346344.72,15638346344.72,1852884638.0,1852884638.0,-36.97690153,980.16548109,1.15755505,0.00439502,273.00634109,2.55133823
2025-11-11,8.48,0.473933649289,15712461730.24,15712461730.24,1852884638.0,1852884638.0,-37.15214751,984.81081513,1.1630411,0.00441585,274.30021001,2.56342988
2025-11-12,8.4,-0.943396226415,15564230959.2,15564230959.2,1852884638.0,1852884638.0,-36.80165555,975.52014706,1.15206901,0.00437419,271.71247218,2.53924658
2025-11-13,8.46,0.714285714286,15675404037.48,15675404037.48,1852884638.0,1852884638.0,-37.06452452,982.48814811,1.16029807,0.00440544,273.65327555,2.55738406
2025-11-14,8.58,1.418439716312,15897750194.04,15897750194.04,1852884638.0,1852884638.0,-37.59026246,996.42415021,1.1767562,0.00446792,277.53488229,2.59365901
2025-11-17,8.78,2.331002331002,16268327121.64,16268327121.64,1852884638.0,1852884638.0,-38.46649235,1019.65082038,1.20418642,0.00457207,284.00422687,2.65411726
2025-11-18,8.69,-1.025056947608,16101567504.22,16101567504.22,1852884638.0,1852884638.0,-38.0721889,1009.1988188,1.19184282,0.00452521,281.09302181,2.62691105
2025-11-19,8.97,3.222094361335,16620375202.86,16620375202.86,1852884638.0,1852884638.0,-39.29891075,1041.71615704,1.23024512,0.00467101,290.15010422,2.7115526
2025-11-20,8.84,-1.449275362319,16379500199.92,16379500199.92,1852884638.0,1852884638.0,-38.72936132,1026.61882143,1.21241548,0.00460332,285.94503024,2.67225474
2025-11-21,8.47,-4.185520361991,15693932883.86,15693932883.86,1852884638.0,1852884638.0,-37.10833601,983.64948162,1.16166959,0.00441064,273.97674278,2.56040697
2025-11-24,8.93,5.43093270366,16546259817.34,16546259817.34,1852884638.0,1852884638.0,-39.12366477,1037.07082301,1.22475908,0.00465018,288.8562353,2.69946095
2025-11-25,8.89,-0.447928331467,16472144431.82,16472144431.82,1852884638.0,1852884638.0,-38.94841879,1032.42548897,1.21927304,0.00462935,287.56236639,2.6873693
2025-11-26,8.86,-0.337457817773,16416557892.68,16416557892.68,1852884638.0,1852884638.0,-38.81698431,1028.94148845,1.2151585,0.00461373,286.5919647,2.67830056
2025-11-27,8.71,-1.693002257336,16138625196.98,16138625196.98,1852884638.0,1852884638.0,-38.15981189,1011.52148582,1.19458584,0.00453562,281.73995627,2.63295687
2025-11-28,9.01,3.444316877153,16694490588.38,16694490588.38,1852884638.0,1852884638.0,-39.47415673,1046.36149107,1.23573116,0.00469184,291.44397313,2.72364425
2025-12-01,8.97,-0.443951165372,16620375202.86,16620375202.86,1852884638.0,1852884638.0,-39.29891075,1041.71615704,1.23024512,0.00467101,290.15010422,2.7115526
2025-12-02,9.12,1.672240802676,16898307898.56,16898307898.56,1852884638.0,1852884638.0,-39.95608317,1059.13615967,1.25081778,0.00474912,295.00211265,2.75689629
2025-12-03,9.03,-0.986842105263,16731548281.14,16731548281.14,1852884638.0,1852884638.0,-39.56177972,1048.68415809,1.23847419,0.00470226,292.09090759,2.72969008
2025-12-04,9.11,0.885935769657,16879779052.18,16879779052.18,1852884638.0,1852884638.0,-39.91227167,1057.97482616,1.24944627,0.00474391,294.67864542,2.75387338
2025-12-05,9.39,3.073545554336,17398586750.82,17398586750.82,1852884638.0,1852884638.0,-41.13899353,1090.49216439,1.28784857,0.00488972,303.73572783,2.83851493
2025-12-08,9.43,0.425985090522,17472702136.34,17472702136.34,1852884638.0,1852884638.0,-41.3142395,1095.13749843,1.29333462,0.00491055,305.02959674,2.85060658
2025-12-09,9.36,-0.742311770944,17343000211.68,17343000211.68,1852884638.0,1852884638.0,-41.00755904,1087.00816387,1.28373404,0.0048741,302.76532614,2.82944619
2025-12-10,9.32,-0.42735042735,17268884826.16,17268884826.16,1852884638.0,1852884638.0,-40.83231306,1082.36282983,1.278248,0.00485327,301.47145722,2.81735454
2025-12-11,9.1,-2.360515021459,16861250205.8,16861250205.8,1852884638.0,1852884638.0,-39.86846018,1056.81349265,1.24807476,0.00473871,294.35517819,2.75085046
2025-12-12,8.8,-3.296703296703,16305384814.4,16305384814.4,1852884638.0,1852884638.0,-38.55411534,1021.9734874,1.20692944,0.00458249,284.65116133,2.66016309
2025-12-15,9.68,10.0,17935923295.84,17935923295.84,1852884638.0,1852884638.0,-42.40952687,1124.17083614,1.32762238,0.00504074,313.11627746,2.9261794
2025-12-16,10.65,10.020661157025,19733221394.7,19733221394.7,1852884638.0,1852884638.0,-46.65924186,1236.82018645,1.46065892,0.00554585,344.49259865,3.21940192
2025-12-17,10.67,0.18779342723,19770279087.46,19770279087.46,1852884638.0,1852884638.0,-46.74686485,1239.14285347,1.46340195,0.00555626,345.13953311,3.22544774
2025-12-18,10.45,-2.061855670103,19362644467.1,19362644467.1,1852884638.0,1852884638.0,-45.78301196,1213.59351628,1.43322871,0.0054417,338.02325408,3.15894367
2025-12-19,10.36,-0.861244019139,19195884849.68,19195884849.68,1852884638.0,1852884638.0,-45.38870851,1203.14151471,1.42088511,0.00539484,335.11204902,3.13173745
2025-12-22,10.0,-3.474903474903,18528846380.0,18528846380.0,1852884638.0,1852884638.0,-43.8114947,1161.33350841,1.37151073,0.00520737,323.46722878,3.0229126
2025-12-23,9.78,-2.2,18121211759.64,18121211759.64,1852884638.0,1852884638.0,-42.84764182,1135.78417122,1.34133749,0.00509281,316.35094975,2.95640852
2025-12-24,10.01,2.351738241309,18547375226.38,18547375226.38,1852884638.0,1852884638.0,-43.8553062,1162.49484191,1.37288224,0.00521258,323.79069601,3.02593551
2025-12-25,10.41,3.996003996004,19288529081.58,19288529081.58,1852884638.0,1852884638.0,-45.60776599,1208.94818225,1.42774267,0.00542087,336.72938516,3.14685202
2025-12-26,10.55,1.344860710855,19547932930.9,19547932930.9,1852884638.0,1852884638.0,-46.22112691,1225.20685137,1.44694382,0.00549378,341.25792636,3.18917279
2025-12-29,10.54,-0.094786729858,19529404084.52,19529404084.52,1852884638.0,1852884638.0,-46.17731542,1224.04551786,1.44557231,0.00548857,340.93445914,3.18614988
2025-12-30,11.59,9.962049335863,21474932954.42,21474932954.42,1852884638.0,1852884638.0,-50.77752236,1345.98553624,1.58958093,0.00603534,374.89851816,3.5035557
2025-12-31,11.69,0.862812769629,21660221418.22,21660221418.22,1852884638.0,1852884638.0,-51.21563731,-29.05362528,1.63472409,0.00608742,378.13319045,3.53378483
2026-01-05,11.45,-2.053036783576,21215529105.1,21215529105.1,1852884638.0,1852884638.0,-50.16416143,-28.45714367,1.60116261,0.005962443027,370.36997695,3.46123493
2026-01-06,11.96,4.454148471616,22160500270.48,22160500270.48,1852884638.0,1852884638.0,-52.39854766,-29.7246671,1.67248077,0.006228019092,386.86680562,3.61540347
2026-01-07,11.42,-4.515050167224,21159942565.96,21159942565.96,1852884638.0,1852884638.0,-50.03272695,-28.38258347,1.59696742,0.005946820906,369.39957527,3.45216619
2026-01-08,12.56,9.982486865149,23272231053.28,23272231053.28,1852884638.0,1852884638.0,-55.02723735,-31.21587113,1.75638448,0.006540461523,406.27483935,3.79677822
2026-01-09,12.86,2.388535031847,23828096444.68,23828096444.68,1852884638.0,1852884638.0,-56.34158219,-31.96147315,1.79833634,0.006696682737,415.97885621,3.8874656
2026-01-12,13.66,6.220839813375,25310404155.08,25310404155.08,1852884638.0,1852884638.0,-59.84650176,-33.9497452,1.91020797,0.007113272642,441.85623452,4.12929861
2026-01-13,12.29,-10.029282576867,22771952201.02,22771952201.02,1852884638.0,1852884638.0,-53.84432699,-30.54482932,1.71862781,0.006399862429,397.54122417,3.71515958
2026-01-14,11.75,-4.393816110659,21771394496.5,21771394496.5,1852884638.0,1852884638.0,-51.47850628,-29.20274569,1.64311447,0.006118664243,380.07399382,3.5519223
2026-01-15,11.69,-0.510638297872,21660221418.22,21660221418.22,1852884638.0,1852884638.0,-51.21563731,-29.05362528,1.63472409,0.00608742,378.13319045,3.53378483
2026-01-16,11.0,-5.90248075278,20381731018.0,20381731018.0,1852884638.0,1852884638.0,-48.19264417,-27.33874064,1.53823482,0.005728111206,355.81395166,3.32520386
2026-01-19,11.05,0.454545454545,20474375249.9,20474375249.9,1852884638.0,1852884638.0,-48.41170165,-27.46300765,1.5452268,0.005754148075,357.4312878,3.34031842
2026-01-20,10.62,-3.891402714932,19677634855.56,19677634855.56,1852884638.0,1852884638.0,-46.52780737,-26.39431142,1.4850958,0.005530231,343.52219697,3.21033318
2026-01-21,10.51,-1.035781544256,19473817545.38,19473817545.38,1852884638.0,1852884638.0,-46.04588093,-26.12092401,1.46971345,0.005472949888,339.96405745,3.17708114
2026-01-22,10.75,2.283539486204,19918509858.5,19918509858.5,1852884638.0,1852884638.0,-47.09735681,-26.71740563,1.50327494,0.005597926861,347.72727094,3.24963104
2026-01-23,11.08,3.06976744186,20529961789.04,20529961789.04,1852884638.0,1852884638.0,-48.54313613,-27.53756785,1.54942198,0.005769770196,358.40168949,3.34938716
2026-01-26,10.29,-7.129963898917,19066182925.02,19066182925.02,1852884638.0,1852884638.0,-45.08202805,-25.5741492,1.43894875,0.005358387665,332.84777842,3.11057706
2026-01-27,10.37,0.777453838678,19214413696.06,19214413696.06,1852884638.0,1852884638.0,-45.43252001,-25.77297641,1.45013592,0.005400046655,335.43551625,3.13476036
2026-01-28,10.12,-2.410800385728,18751192536.56,18751192536.56,1852884638.0,1852884638.0,-44.33723264,-25.15164139,1.41517603,0.00526986231,327.34883553,3.05918755
2026-01-29,10.21,0.889328063241,18917952153.98,18917952153.98,1852884638.0,1852884638.0,-44.73153609,-25.375322,1.42776159,0.005316728674,330.26004059,3.08639376
2026-01-30,10.04,-1.665034280118,18602961765.52,18602961765.52,1852884638.0,1852884638.0,-43.98674068,-24.95281419,1.40398887,0.005228203319,324.7610977,3.03500425
2026-02-02,9.88,-1.593625498008,18306500223.44,18306500223.44,1852884638.0,1852884638.0,-43.28575677,-24.55515978,1.38161455,0.005144885338,319.58562204,2.98663765
2026-02-03,10.23,3.542510121457,18955009846.74,18955009846.74,1852884638.0,1852884638.0,-44.81915908,-25.4250288,1.43055838,0.005327143421,330.90697504,3.09243959
2026-02-04,10.22,-0.097751710655,18936481000.36,18936481000.36,1852884638.0,1852884638.0,-44.77534759,-25.4001754,1.42915999,0.005321936048,330.58350781,3.08941668
2026-02-05,10.14,-0.782778864971,18788250229.32,18788250229.32,1852884638.0,1852884638.0,-44.42485563,-25.20134819,1.41797282,0.005280277057,327.99576998,3.06523338
2026-02-06,10.14,0.0,18788250229.32,18788250229.32,1852884638.0,1852884638.0,-44.42485563,-25.20134819,1.41797282,0.005280277057,327.99576998,3.06523338
2026-02-09,10.24,0.986193293886,18973538693.12,18973538693.12,1852884638.0,1852884638.0,-44.86297058,-25.4498822,1.43195678,0.005332350796,331.23044227,3.0954625
2026-02-10,10.12,-1.171875,18751192536.56,18751192536.56,1852884638.0,1852884638.0,-44.33723264,-25.15164139,1.41517603,0.00526986231,327.34883553,3.05918755
2026-02-11,10.04,-0.790513833992,18602961765.52,18602961765.52,1852884638.0,1852884638.0,-43.98674068,-24.95281419,1.40398887,0.005228203319,324.7610977,3.03500425
2026-02-12,9.94,-0.996015936255,18417673301.72,18417673301.72,1852884638.0,1852884638.0,-43.54862573,-24.70428018,1.39000492,0.00517612958,321.52642541,3.00477512
2026-02-13,9.94,0.0,18417673301.72,18417673301.72,1852884638.0,1852884638.0,-43.54862573,-24.70428018,1.39000492,0.00517612958,321.52642541,3.00477512
2026-02-24,10.0,0.603621730382,18528846380.0,18528846380.0,1852884638.0,1852884638.0,-43.8114947,-24.85340058,1.39839529,0.005207373823,323.46722878,3.0229126
2026-02-25,10.12,1.2,18751192536.56,18751192536.56,1852884638.0,1852884638.0,-44.33723264,-25.15164139,1.41517603,0.00526986231,327.34883553,3.05918755
2026-02-26,10.06,-0.592885375494,18640019458.28,18640019458.28,1852884638.0,1852884638.0,-44.07436367,-25.00252099,1.40678566,0.005238618066,325.40803215,3.04105007
2026-02-27,10.12,0.596421471173,18751192536.56,18751192536.56,1852884638.0,1852884638.0,-44.33723264,-25.15164139,1.41517603,0.00526986231,327.34883553,3.05918755
2026-03-02,9.91,-2.075098814229,18362086762.58,18362086762.58,1852884638.0,1852884638.0,-43.41719125,-24.62971998,1.38580973,0.005160507459,320.55602372,2.99570639
2026-03-03,9.46,-4.540867810293,17528288675.48,17528288675.48,1852884638.0,1852884638.0,-41.44567399,-23.51131695,1.32288194,0.004926175637,305.99999843,2.85967532
2026-03-04,9.48,0.211416490486,17565346368.24,17565346368.24,1852884638.0,1852884638.0,-41.53329698,-23.56102375,1.32567874,0.004936590385,306.64693288,2.86572114
2026-03-05,9.65,1.793248945148,17880336756.7,17880336756.7,1852884638.0,1852884638.0,-42.27809239,-23.98353156,1.34945145,0.00502511574,312.14587577,2.91711066
2026-03-06,9.71,0.621761658031,17991509834.98,17991509834.98,1852884638.0,1852884638.0,-42.54096136,-24.13265197,1.35784183,0.005056359983,314.08667915,2.93524813
2026-03-09,9.71,0.0,17991509834.98,17991509834.98,1852884638.0,1852884638.0,-42.54096136,-24.13265197,1.35784183,0.005056359983,314.08667915,2.93524813
2026-03-10,9.76,0.514933058702,18084154066.88,18084154066.88,1852884638.0,1852884638.0,-42.76001883,-24.25691897,1.3648338,0.005082396852,315.70401529,2.9503627
2026-03-11,9.69,-0.717213114754,17954452142.22,17954452142.22,1852884638.0,1852884638.0,-42.45333837,-24.08294517,1.35504504,0.005045945235,313.43974469,2.92920231
2026-03-12,9.57,-1.238390092879,17732105985.66,17732105985.66,1852884638.0,1852884638.0,-41.92760043,-23.78470436,1.33826429,0.004983456749,309.55813794,2.89292736
2026-03-13,9.43,-1.462904911181,17472702136.34,17472702136.34,1852884638.0,1852884638.0,-41.3142395,-23.43675675,1.31868676,0.004910553515,305.02959674,2.85060658
2026-03-16,9.42,-0.106044538706,17454173289.96,17454173289.96,1852884638.0,1852884638.0,-41.27042801,-23.41190335,1.31728836,0.004905346142,304.70612951,2.84758367
2026-03-17,9.24,-1.910828025478,17120654055.12,17120654055.12,1852884638.0,1852884638.0,-40.48182111,-22.96454214,1.29211725,0.004811613413,298.88371939,2.79317124
2026-03-18,9.37,1.406926406926,17361529058.06,17361529058.06,1852884638.0,1852884638.0,-41.05137054,-23.28763635,1.31029639,0.004879309273,303.08879337,2.8324691
2026-03-19,9.17,-2.13447171825,16990952130.46,16990952130.46,1852884638.0,1852884638.0,-40.17514064,-22.79056834,1.28232848,0.004775161796,296.61944879,2.77201085
2026-03-20,8.91,-2.835332606325,16509202124.58,16509202124.58,1852884638.0,1852884638.0,-39.03604178,-22.14437992,1.2459702,0.004639770077,288.20930084,2.69341513
2026-03-23,8.34,-6.397306397306,15453057880.92,15453057880.92,1852884638.0,1852884638.0,-36.53878658,-20.72773609,1.16626167,0.004342949769,269.7716688,2.52110911
2026-03-24,8.52,2.158273381295,15786577115.76,15786577115.76,1852884638.0,1852884638.0,-37.32739349,-21.1750973,1.19143279,0.004436682498,275.59407892,2.57552153
2026-03-25,8.62,1.173708920188,15971865579.56,15971865579.56,1852884638.0,1852884638.0,-37.76550843,-21.4236313,1.20541674,0.004488756235,278.82875121,2.60575066
2026-03-26,8.46,-1.856148491879,15675404037.48,15675404037.48,1852884638.0,1852884638.0,-37.06452452,-21.02597689,1.18304242,0.004405438255,273.65327555,2.55738406
2026-03-27,8.53,0.827423167849,15805105962.14,15805105962.14,1852884638.0,1852884638.0,-37.37120498,-21.1999507,1.19283118,0.004441889871,275.91754615,2.57854445
2026-03-30,8.63,1.172332942556,15990394425.94,15990394425.94,1852884638.0,1852884638.0,-37.80931993,-21.4484847,1.20681514,0.00449396361,279.15221844,2.60877357
2026-03-31,8.57,-0.695249130939,15879221347.66,15879221347.66,1852884638.0,1852884638.0,-37.54645096,-21.2993643,1.2230839,0.004462719367,277.21141507,2.5906361
2026-04-01,8.61,0.46674445741,15953336733.18,15953336733.18,1852884638.0,1852884638.0,-37.72169694,-21.3987779,1.22879258,0.004483548862,278.50528398,2.60272775
2026-04-02,8.39,-2.555168408827,15545702112.82,15545702112.82,1852884638.0,1852884638.0,-36.75784406,-20.85200309,1.19739486,0.004368986638,271.38900495,2.53622367
2026-04-03,8.19,-2.38379022646,15175125185.22,15175125185.22,1852884638.0,1852884638.0,-35.88161416,-20.35493508,1.16885147,0.004264839161,264.91966037,2.47576542
2026-04-07,8.2,0.1221001221,15193654031.6,15193654031.6,1852884638.0,1852884638.0,-35.92542566,-20.37978848,1.17027864,0.004270046536,265.2431276,2.47878833
2026-04-08,8.54,4.146341463415,15823634808.52,15823634808.52,1852884638.0,1852884638.0,-37.41501648,-21.2248041,1.21880239,0.004447097246,276.24101338,2.58156736
2026-04-09,8.36,-2.107728337237,15490115573.68,15490115573.68,1852884638.0,1852884638.0,-36.62640957,-20.77744289,1.19311335,0.004353364516,270.41860326,2.52715493
2026-04-10,8.43,0.837320574163,15619817498.34,15619817498.34,1852884638.0,1852884638.0,-36.93309003,-20.95141669,1.20310353,0.004389816133,272.68287386,2.54831532
2026-04-13,8.5,0.830367734282,15749519423.0,15749519423.0,1852884638.0,1852884638.0,-37.2397705,-21.1253905,1.21309372,0.00442626775,274.94714446,2.56947571
2026-04-14,8.64,1.647058823529,16008923272.32,16008923272.32,1852884638.0,1852884638.0,-37.85313142,-21.4733381,1.23307408,0.004499170983,279.47568567,2.61179649
2026-04-15,8.72,0.925925925926,16157154043.36,16157154043.36,1852884638.0,1852884638.0,-38.20362338,-21.67216531,1.24449144,0.004540829974,282.0634235,2.63597979
2026-04-16,8.68,-0.45871559633,16083038657.84,16083038657.84,1852884638.0,1852884638.0,-38.0283774,-21.57275171,1.23878276,0.004520000479,280.76955458,2.62388814
2026-04-17,8.72,0.460829493088,16157154043.36,16157154043.36,1852884638.0,1852884638.0,-38.20362338,-21.67216531,1.24449144,0.004540829974,282.0634235,2.63597979
2026-04-20,8.79,0.802752293578,16286855968.02,16286855968.02,1852884638.0,1852884638.0,-21.84613911,-21.84613911,1.25448162,0.002596601958,-41.85717058,2.93268953
2026-04-21,8.64,-1.706484641638,16008923272.32,16008923272.32,1852884638.0,1852884638.0,-21.4733381,-21.4733381,1.23307408,0.002552291345,-41.14288439,2.88264363
2026-04-22,8.57,-0.810185185185,15879221347.66,15879221347.66,1852884638.0,1852884638.0,-21.2993643,-21.2993643,1.2230839,0.002531613059,-40.80955084,2.85928888
2026-04-23,8.43,-1.633605600933,15619817498.34,15619817498.34,1852884638.0,1852884638.0,-20.95141669,-20.95141669,1.20310353,0.002490256486,-40.14288373,2.81257937
2026-04-24,8.34,-1.067615658363,15453057880.92,15453057880.92,1852884638.0,1852884638.0,-20.72773609,-20.72773609,1.19025901,0.002463670118,-39.71431202,2.78255184
2026-04-27,8.36,0.239808153477,15490115573.68,15490115573.68,1852884638.0,1852884638.0,-20.77744289,-20.77744289,1.19311335,0.0024695782,-39.80955017,2.78922462
2026-04-28,8.07,-3.468899521531,14952779028.66,14952779028.66,1852884638.0,1852884638.0,-20.05669427,-20.05669427,1.15172545,0.002383911013,-38.42859688,2.69246922
2026-04-29,8.26,2.354399008674,15304827109.88,15304827109.88,1852884638.0,1852884638.0,-20.52890888,-20.52890888,1.17884166,0.00244003779,-39.33335938,2.75586069
2026-04-30,8.41,1.81598062954,15582759805.58,15582759805.58,1852884638.0,1852884638.0,-22.48303059,-20.90170989,1.20024919,0.002672302001,317.00704169,2.924639
2026-05-06,8.55,1.66468489893,15842163654.9,15842163654.9,1852884638.0,1852884638.0,-22.8573022,-21.2496575,1.22022956,0.002716787408,322.28421004,2.97332503
2026-05-07,8.55,0.0,15842163655.0,15842163655.0,,,-22.86,-15.09,1.22,,,
2026-05-08,8.77,2.57,16249798275.0,16249798275.0,,,-23.45,-15.48,1.25,,,
2026-05-11,8.76,-0.114,,,,,,,,,,
2026-05-14,8.26,-4.287,15304827109.63512,15304827109.63512,,,959.2614779419148,959.261477941536,1.177309007981756,,311.35293274039765,2.872475409099415
2026-05-15,8.1,-1.937,15008365567.559862,15008365567.559862,,,940.6801418074468,940.6801418070752,1.1545039908779933,,305.32188319578944,2.816834238947368
2026-05-18,8.28,2.222,15341884802.394526,15341884802.394526,,,961.5841449587232,961.5841449583436,1.1801596351197263,,312.10681393347363,2.8794305553684207
2026-05-19,8.37,1.087,15508644419.811855,15508644419.811855,,,972.0361465343616,972.0361465339778,1.192987457240593,,315.49927930231576,2.910728713578947
2026-05-20,8.17,-2.389,15138067492.217785,15138067492.217785,,,948.8094763662766,948.809476365902,1.1644811858608894,,307.9604673715556,2.8411772508888884
2026-05-21,7.91,-3.182,14656317486.345495,14656317486.345495,,,918.614805147766,918.6148051474032,1.127423033067275,,298.1600118615673,2.7507603493918125
2026-05-22,7.95,0.506,14730432871.86431,14730432871.86431,,,923.2601391813832,923.2601391810184,1.1331242873432157,,299.66777424771936,2.764670641929824
2026-05-25,8.02,0.881,14860134796.522234,14860134796.522234,,,931.3894737402128,931.3894737398448,1.143101482326112,,302.30635842348545,2.7890136538713444
2026-05-26,7.81,-2.618,14471029022.54846,14471029022.54846,,,907.0014700637234,907.0014700633652,1.1131698973774231,,294.3906058961872,2.715984618046783
2026-05-27,7.56,-3.201,14007807863.055872,14007807863.055872,,,877.9681323536171,877.9681323532703,1.0775370581527937,,284.9670909827369,2.62904528968421
2026-05-28,7.62,0.794,14118980941.334097,14118980941.334097,,,884.9361334040427,884.9361334036932,1.0860889395667048,,287.228734561965,2.649910728491228
2026-05-29,7.38,-3.15,13674288628.221212,13674288628.221212,,,857.0641292023405,857.064129202002,1.0518814139110606,,278.18216024505267,2.566448973263158
2026-06-01,7.5,1.626,13896634784.777657,13896634784.777657,,,871.0001313031916,871.0001313028475,1.0689851767388825,,282.7054474035088,2.608179850877193
2026-06-02,7.44,-0.8,13785461706.499435,13785461706.499435,,,864.032130252766,864.0321302524247,1.0604332953249715,,280.44380382428074,2.587314412070176
2026-06-03,7.36,-1.075,13637230935.461807,13637230935.461807,,,854.741462185532,854.7414621851943,1.04903078677309,,277.42827905197663,2.5594938269941525
2026-06-04,7.22,-1.902,13377827086.145956,13377827086.145956,,,838.4827930678725,838.4827930675411,1.0290763968072971,,272.15111070044446,2.510807803111111
2026-06-05,7.3,1.108,13526057857.183582,13526057857.183582,,,847.7734611351066,847.7734611347714,1.0404789053591783,,275.16663547274857,2.538628388187135
2026-06-08,7.11,-2.603,13174009775.969215,13174009775.969215,,,825.7081244754258,825.7081244750993,1.01339794754846,,268.00476413852635,2.47255449863158
2026-06-09,7.15,0.563,13248125161.488031,13248125161.488031,,,830.3534585090429,830.3534585087144,1.0190992018244007,,269.51252652467844,2.486464791169592
2026-06-10,7.06,-1.259,13081365544.070696,13081365544.070696,,,819.9014569334045,819.9014569330802,1.006271379703534,,266.1200611558363,2.455166632959065
2026-06-11,6.87,-2.691,12729317462.85633,12729317462.85633,,,797.8361202737237,797.8361202734081,0.9791904218928158,,258.9581898216141,2.389092743403509
2026-06-12,7.08,3.057,13118423236.830105,13118423236.830105,,,822.2241239502132,822.2241239498879,1.0091220068415043,,266.87394234891235,2.462121779228071
2026-06-15,7.13,0.706,13211067468.728622,13211067468.728622,,,828.0307914922344,828.0307914919069,1.01624857468643,,268.7586453316024,2.4795096449005856
2026-06-16,7.11,-0.281,13174009775.969215,13174009775.969215,,,825.7081244754258,825.7081244750995,1.0133979475484598,,268.00476413852635,2.47255449863158
2026-06-17,7.03,-1.125,13025779004.931587,13025779004.931587,,,816.4174564081918,816.417456407869,1.0019954389965784,,264.98923936622225,2.444733913555557
2026-06-18,7.0,-0.427,12970192465.792477,12970192465.792477,,,812.933455882979,812.9334558826575,0.9977194982896228,,263.85841757660825,2.4343011941520483
2026-06-19,7.0,-0.427,12970192465.792477,12970192465.792477,,,812.933455882979,812.9334558826575,0.9977194982896228,,263.85841757660825,2.4343011941520483
2026-06-22,7.05,0.714,13062836697.690994,13062836697.690994,,,818.7401234250003,818.7401234246764,1.0048460661345486,,265.7431205592983,2.451689059824562
2026-06-23,7.02,-0.426,13007250158.551886,13007250158.551886,,,815.2561228997876,815.256122899465,1.000570125427593,,264.61229876968423,2.441256340421053
2026-06-24,6.83,-2.707,12655202077.33752,12655202077.33752,,,793.1907862401067,793.190786239793,0.9734891676168748,,257.450427435462,2.375182450865498
2026-06-25,6.77,-0.878,12544028999.0593,12544028999.0593,,,786.2227851896811,786.2227851893701,0.9649372862029636,,255.18878385623395,2.35431701205848
2026-06-26,6.52,-3.69,12080807840.0,12080807840.0,,,-17.43,-11.51,0.93,,245.76526894278365,2.2673776836959068
2026-06-29,6.49,-0.46,12025221300.858898,12025221300.858898,,,753.705446954362,753.7054469540639,0.9257208588957055,,244.63444715316965,2.256944964292398
2026-06-30,6.58,1.387,12191980918.282211,12191980918.282211,,,764.1574485300002,764.1574485296981,0.938558282208589,,248.0269125220117,2.2882431225029243
2026-07-01,6.76,2.74,12525500153.0,12525500153.0,,,-18.07,-11.93,0.96,,254.811843259696,2.350839438923977
2026-07-02,6.6,-2.367,12229038610.91716,12229038610.91716,,,766.4801155468087,766.4801155465055,0.9372781065088756,,248.78079371508773,2.29519826877193
2026-07-03,6.76,2.424,12525500153.000002,12525500153.000002,,,785.061451681277,785.0614516809663,0.96,,254.811843259696,2.3508394389239773
2026-07-06,6.61,-2.219,12247567457.29734,12247567457.29734,,,767.6414490552132,767.6414490549095,0.9386982248520712,,249.15773431162583,2.2986758419064337
2026-07-07,6.43,-2.723,11914048222.454144,11914048222.454144,,,746.7374459039365,746.7374459036411,0.9131360946745564,,242.3728035739416,2.2360795254853807
2026-07-08,6.53,1.555,12099336686.25592,12099336686.25592,,,758.3507809879792,758.3507809876792,0.9273372781065092,,246.14220953932173,2.2708552568304103
2026-07-09,6.54,0.153,12117865532.6361,12117865532.6361,,,759.5121144963834,759.5121144960829,0.9287573964497046,,246.5191501358597,2.274332829964913
2026-07-10,6.86,4.893,12710788616.80178,12710788616.80178,,,796.6747867653197,796.6747867650043,0.9742011834319532,,258.5812492250761,2.385615170269007
2026-07-13,6.51,-5.102,12062278993.495567,12062278993.495567,,,756.0281139711707,756.0281139708713,0.9244970414201188,,245.3883283462457,2.2639001105614045
2026-07-14,6.48,-0.461,12006692454.355038,12006692454.355038,,,752.5441134459579,752.5441134456601,0.9202366863905332,,244.25750655663168,2.253467391157896
2026-07-15,6.56,1.235,12154923225.396458,12154923225.396458,,,761.8347815131918,761.8347815128903,0.9315976331360952,,247.27303132893573,2.281287976233919
2026-07-16,6.64,1.22,12303153996.437878,12303153996.437878,,,771.1254495804259,771.1254495801209,0.9429585798816572,,250.28855610123983,2.3091085613099422
2026-07-17,6.44,-3.01,11932577069.0,11932577069.0,,,-17.22,-11.36,0.92,,242.74974417047963,2.239557098619884
2026-07-20,6.56,1.863,12154923225.565216,12154923225.565216,,,761.8347815131917,761.8347815128905,0.937142857142857,,247.27303132893576,2.2812879762339184
2026-07-21,6.61,0.762,12247567457.467392,12247567457.467392,,,767.6414490552131,767.6414490549095,0.9442857142857144,,249.15773431162583,2.2986758419064333
2026-07-22,6.65,0.61,12321682843.0,12321682843.0,,,-17.78,-11.74,0.95,,250.6654966977779,2.312586134444445
2026-07-23,6.74,1.353,12488442460.42406,12488442460.42406,,,782.7387846644684,782.7387846641589,0.9628571428571427,,254.05796206662,2.343884292654971
2026-07-24,6.51,-3.412,12062278993.673683,12062278993.673683,,,756.0281139711706,756.0281139708715,0.9299999999999998,,245.3883283462457,2.263900110561404
2026-07-27,6.67,2.458,12358740535.760902,12358740535.760902,,,774.6094501056388,774.6094501053323,0.952857142857143,,251.41937789085387,2.319541280713451
2026-07-28,6.74,1.05,12488442460.0,12488442460.0,,,-18.02,-11.89,0.96,,254.05796206662,2.3438842926549714
2026-07-29,6.81,1.039,12618144384.65875,12618144384.65875,,,790.8681192232983,790.8681192229853,0.9699703264094954,,256.6965462423861,2.368227304596492
2026-07-30,6.83,0.294,12655202077.418396,12655202077.418396,,,793.190786240107,793.1907862397929,0.9728189910979228,,257.45042743546213,2.375182450865498
2026-07-31,6.99,2.343,12951663619.495544,12951663619.495544,,,811.7721223745749,811.7721223742537,0.9956083086053412,,263.48147698007034,2.4308236210175447
2026-08-03,7.1,1.574,13155480929.673586,13155480929.673586,,,824.5467909670216,824.5467909666954,1.011275964391691,,267.62782354198845,2.4690769254970766
2026-08-04,7.08,-0.282,13118423236.913942,13118423236.913942,,,822.2241239502131,822.2241239498878,1.008427299703264,,266.87394234891246,2.462121779228071
2026-08-05,7.02,-0.847,13007250158.63501,13007250158.63501,,,815.2561228997876,815.256122899465,0.999881305637982,,264.61229876968434,2.441256340421053
2026-08-07,6.94,-1.42,12859019387.596436,12859019387.596436,,,805.9654548325535,805.9654548322347,0.988486646884273,,261.5967739973803,2.4134357553450303
2026-08-10,7.05,1.585,13062836697.774475,13062836697.774475,,,818.7401234250003,818.7401234246764,1.004154302670623,,265.7431205592984,2.451689059824562
2026-08-11,7.02,-0.426,13007250158.63501,13007250158.63501,,,815.2561228997876,815.256122899465,0.999881305637982,,264.61229876968434,2.441256340421053
2026-08-12,7.05,0.427,13062836697.774475,13062836697.774475,,,818.7401234250004,818.7401234246764,1.004154302670623,,265.7431205592984,2.4516890598245618
2026-08-13,6.93,-1.702,12840490541.21661,12840490541.21661,,,804.8041213241493,804.8041213238308,0.9870623145400592,,261.2198334008423,2.409958182210527
2026-08-14,6.89,-0.577,12766375155.697325,12766375155.697325,,,800.1587872905322,800.1587872902156,0.9813649851632046,,259.7120710146902,2.3960478896725155
2026-08-17,6.9,0.145,12784904002.077148,12784904002.077148,,,801.3201207989366,801.3201207986195,0.9827893175074184,,260.0890116112283,2.399525462807018
2026-08-18,6.86,-0.58,12710788616.55786,12710788616.55786,,,796.6747867653196,796.6747867650043,0.9770919881305636,,258.58124922507625,2.3856151702690065
2026-08-19,6.64,-3.207,12303153996.201777,12303153996.201777,,,771.1254495804259,771.1254495801209,0.9457566765578632,,250.28855610123995,2.3091085613099422
2026-08-20,6.74,1.506,12488442459.999998,12488442459.999998,,,782.7387846644685,782.7387846641589,0.96,,254.0579620666201,2.3438842926549714
2026-08-21,6.71,-0.445,12432855920.86053,12432855920.86053,,,779.2547841392557,779.2547841389475,0.9557270029673588,,252.9271402770061,2.3334515732514625
2026-08-24,6.66,-0.745,12340211688.961422,12340211688.961422,,,773.4481165972345,773.4481165969286,0.9486053412462906,,251.04243729431604,2.316063707578948
2026-08-25,6.82,2.402,12636673231.038574,12636673231.038574,,,792.0294527317026,792.0294527313893,0.971394658753709,,257.0734868389242,2.371704877730996
2026-08-26,6.89,1.026,12766375155.697329,12766375155.697329,,,800.1587872905322,800.1587872902157,0.9813649851632044,,259.7120710146903,2.3960478896725164
2026-08-27,6.91,0.0,12803432848.456974,12803432848.456974,,,802.4814543073408,802.4814543070235,0.9842136498516316,,260.46595220776635,2.403003035941522
2026-08-28,6.92,0.145,12821961694.836796,12821961694.836796,,,803.642787815745,803.6427878154271,0.9856379821958452,,260.8428928043044,2.406480609076025
2026-08-31,6.89,-0.434,12766375155.69733,12766375155.69733,,,800.1587872905322,800.1587872902157,0.9813649851632044,,259.7120710146904,2.396047889672516
2026-09-01,6.99,1.451,12951663619.49555,12951663619.49555,,,811.7721223745749,811.7721223742539,0.995608308605341,,263.48147698007057,2.430823621017545
2026-09-02,6.95,-0.572,12877548233.976265,12877548233.976265,,,807.1267883409578,807.1267883406387,0.9899109792284864,,261.97371459391854,2.416913328479533
2026-09-03,6.83,-1.727,12655202077.418402,12655202077.418402,,,793.1907862401067,793.190786239793,0.9728189910979226,,257.4504274354624,2.375182450865498
2026-09-04,6.88,0.732,12747846309.31751,12747846309.31751,,,798.997453782128,798.997453781812,0.9799406528189908,,259.33513041815246,2.3925703165380123
2026-09-07,6.82,-0.872,12636673231.03858,12636673231.03858,,,792.0294527317025,792.0294527313893,0.9713946587537088,,257.0734868389244,2.371704877730995
2026-09-08,6.94,1.76,12859019387.596443,12859019387.596443,,,805.9654548325536,805.9654548322349,0.9884866468842726,,261.5967739973806,2.41343575534503
2026-09-09,6.89,-0.72,12766375155.697334,12766375155.697334,,,800.1587872905322,800.1587872902157,0.9813649851632044,,259.7120710146905,2.3960478896725155
2026-09-10,6.9,0.145,12784904002.077158,12784904002.077158,,,801.3201207989366,801.3201207986197,0.982789317507418,,260.0890116112285,2.399525462807018
2026-09-11,6.78,-1.739,12562557845.519293,12562557845.519293,,,787.3841186980856,787.3841186977742,0.9656973293768544,,255.5657244527724,2.357794585192983
2026-09-14,6.78,0.0,12562557845.519293,12562557845.519293,,,787.3841186980856,787.3841186977742,0.9656973293768544,,255.5657244527724,2.357794585192983
2026-09-15,6.68,-1.475,12377269381.721071,12377269381.721071,,,775.7707836140429,775.7707836137361,0.951454005934718,,251.7963184873922,2.323018853847953
2026-09-16,6.72,0.599,12451384767.240358,12451384767.240358,,,780.41611764766,780.4161176473513,0.9571513353115726,,253.30408087354425,2.3369291463859647
2026-09-17,6.63,-1.339,12284625149.82196,12284625149.82196,,,769.9641160720217,769.9641160717171,0.9443323442136498,,249.91161550470213,2.3056309881754387
2026-09-18,6.69,0.905,12395798228.100891,12395798228.100891,,,776.9321171224474,776.93211712214,0.9528783382789318,,252.17325908393028,2.3264964269824566
2026-09-21,6.81,1.794,12618144384.658754,12618144384.658754,,,790.8681192232983,790.8681192229855,0.9699703264094954,,256.6965462423864,2.3682273045964912
2026-09-22,6.81,0.0,12618144384.658754,12618144384.658754,,,790.8681192232983,790.8681192229855,0.9699703264094954,,256.6965462423864,2.3682273045964912
2026-09-23,6.69,-1.762,12395798228.100891,12395798228.100891,,,776.9321171224474,776.93211712214,0.9528783382789318,,252.17325908393028,2.3264964269824566
2026-09-24,6.61,-1.196,12247567457.062317,12247567457.062317,,,767.6414490552132,767.6414490549096,0.9414836795252224,,249.15773431162617,2.2986758419064333
2026-09-25,6.61,-1.196,12247567457.062317,12247567457.062317,,,767.6414490552132,767.6414490549096,0.9414836795252224,,249.15773431162617,2.2986758419064333
2026-09-28,6.55,-0.908,12136394378.783382,12136394378.783382,,,760.6734480047877,760.6734480044868,0.9329376854599404,,246.89609073239808,2.277810403099416
2026-09-29,6.65,1.527,12321682842.581602,12321682842.581602,,,772.2867830888302,772.2867830885248,0.9471810089020768,,250.6654966977782,2.312586134444446
2026-09-30,6.64,-0.15,12303153996.201778,12303153996.201778,,,771.125449580426,771.125449580121,0.9457566765578628,,250.2885561012401,2.3091085613099427
2026-10-01,6.64,-0.15,12303153996.201778,12303153996.201778,,,771.125449580426,771.125449580121,0.9457566765578628,,250.2885561012401,2.3091085613099427
2026-10-02,6.64,-0.15,12303153996.201778,12303153996.201778,,,771.125449580426,771.125449580121,0.9457566765578628,,250.2885561012401,2.3091085613099427
2026-10-05,6.64,-0.15,12303153996.201778,12303153996.201778,,,771.125449580426,771.125449580121,0.9457566765578628,,250.2885561012401,2.3091085613099427
2026-10-06,6.64,-0.15,12303153996.201778,12303153996.201778,,,771.125449580426,771.125449580121,0.9457566765578628,,250.2885561012401,2.3091085613099427
2026-10-07,6.64,-0.15,12303153996.201778,12303153996.201778,,,771.125449580426,771.125449580121,0.9457566765578628,,250.2885561012401,2.3091085613099427
2026-10-08,6.57,-1.054,12173452071.543026,12173452071.543026,,,762.9961150215962,762.9961150212945,0.9357863501483672,,247.6499719254741,2.2847655493684225
2026-10-09,6.75,2.74,12506971306.37982,12506971306.37982,,,783.9001181728728,783.9001181725628,0.9614243323442129,,254.43490266315828,2.347361865789475
